,土地區段位置建物區段門牌,土地移轉總面積平方公尺,總樓層數,主要建材,建築完成年月,建物移轉總面積平方公尺,建物現況格局-房,建物現況格局-廳,建物現況格局-衛,有無管理組織,總價元,單價元平方公尺,編號,交易筆棟數-土地,交易筆棟數-建物,交易筆棟數-車位,交易年份,單價元/坪,土地移轉總面積坪,建物移轉總面積坪,鄉鎮市區_中山區,鄉鎮市區_中正區,鄉鎮市區_信義區,鄉鎮市區_內湖區,鄉鎮市區_北投區,鄉鎮市區_南港區,鄉鎮市區_士林區,鄉鎮市區_大同區,鄉鎮市區_大安區,鄉鎮市區_文山區,鄉鎮市區_松山區,鄉鎮市區_萬華區,建物型態_住宅大樓(11層含以上有電梯),建物型態_公寓(5樓含以下無電梯),建物型態_套房(1房1廳1衛),建物型態_華廈(10層含以下有電梯),建物型態_透天厝,土地區段位置建物區段門牌經度,土地區段位置建物區段門牌緯度,周邊機能-機場,周邊機能-銀行,周邊機能-便利商店,周邊機能-醫院,周邊機能-公園,周邊機能-停車場,周邊機能-國小,周邊機能-國中,周邊機能-捷運,周邊機能-殯儀館
0,臺北市中山區林森北路107巷61~90號,15.16,7.0,4,35,82.64,1,1,1,0,12080000,146176,RPSNMLMKJIOFFCA57CA,1,1,0,108,449772.3076923077,46.646153846153844,254.27692307692308,1,0,0,0,0,0,0,0,0,0,0,0,0,0,0,1,0,25.0499592,121.5271009,1,20,20,8,9,20,1,2,0,0
1,臺北市中山區敬業三路162巷31~60號,47.09,12.0,4,21,155.45999999999998,2,2,2,1,25000000,160813,RPTNMLOKJIOFFCA87CA,1,1,1,108,494809.23076923075,144.8923076923077,478.33846153846144,1,0,0,0,0,0,0,0,0,0,0,0,1,0,0,0,0,25.079056,121.557962,0,3,6,2,9,12,2,1,0,0
2,臺北市中山區長春路181~210號,28.25,4.0,3,35,91.18,2,2,1,0,18500000,202895,RPPPMLSKJIOFFCA08CA,1,1,0,108,624292.3076923076,86.92307692307692,280.55384615384617,1,0,0,0,0,0,0,0,0,0,0,0,0,1,0,0,0,25.054863,121.537651,1,20,20,6,14,20,2,2,0,0
3,臺北市中山區中山北路ㄧ段105巷1~30號,15.71,10.0,4,4,158.31,0,0,0,1,29600000,247448,RPQNMLKLJIOFFCA27CA,1,1,1,108,761378.4615384615,48.33846153846154,487.1076923076923,1,0,0,0,0,0,0,0,0,0,0,0,0,0,0,1,0,25.050986,121.522477,0,20,20,7,9,20,0,2,1,0
4,臺北市中山區林森北路416巷1~30號,8.97,4.0,4,47,33.72,0,0,0,0,4030000,119514,RPSPMLMLJIOFFCA87CA,1,1,0,108,367735.3846153846,27.6,103.75384615384614,1,0,0,0,0,0,0,0,0,0,0,0,0,1,0,0,0,25.059956,121.5248924,0,20,20,20,11,20,2,1,2,1
5,臺北市中山區民權東路二段92巷2弄1~30號,88.0,3.0,3,35,220.5,6,6,3,0,42700000,193651,RPXPMLTLJIOFFCA09CA,1,1,0,108,595849.2307692308,270.7692307692308,678.4615384615385,1,0,0,0,0,0,0,0,0,0,0,0,0,0,0,0,1,25.0616449,121.5316792,0,18,20,12,10,20,0,0,1,18
6,臺北市中山區建國北路一段31~60號,6.12,14.0,4,14,57.150000000000006,1,1,1,1,9600000,167979,RPPSMLNJKIOFFCA87CA,1,1,1,108,516858.4615384615,18.83076923076923,175.84615384615387,1,0,0,0,0,0,0,0,0,0,0,0,1,0,0,0,0,25.047585,121.5370531,0,20,15,11,8,20,1,1,0,0
7,臺北市中山區撫順街31~60號,10.97,9.0,4,31,84.45,2,1,1,1,13500000,159858,RPQPMLPJKIOFFCA87CA,1,1,0,108,491870.7692307692,33.753846153846155,259.84615384615387,1,0,0,0,0,0,0,0,0,0,0,0,0,0,0,1,0,25.0635542,121.5200727,0,20,20,14,11,20,3,3,1,0
8,臺北市中山區新生北路三段61~90號,5.25,10.0,4,41,45.04,1,1,1,1,6800000,150977,RPROMLLMKIOFFCA77CA,1,1,0,108,464544.6153846154,16.153846153846153,138.58461538461538,1,0,0,0,0,0,0,0,0,0,0,0,0,0,0,1,0,25.0659966,121.5280981,0,12,20,14,14,20,2,1,1,1
9,臺北市中山區敬業三路162巷61~90號,47.09,12.0,4,21,155.26999999999998,3,2,2,0,24100000,155213,RPPNMLMKJIOFFCA37DA,1,1,1,108,477578.4615384615,144.8923076923077,477.7538461538461,1,0,0,0,0,0,0,0,0,0,0,0,1,0,0,0,0,25.0783319,121.5589955,0,3,7,2,10,10,2,1,0,0
10,臺北市中山區長安東路二段151~180號,6.37,14.0,4,20,81.84,1,1,1,1,17280000,211144,RPOQMLOKJIOFFCA77DA,1,1,1,108,649673.8461538461,19.6,251.81538461538463,1,0,0,0,0,0,0,0,0,0,0,0,0,0,1,0,0,25.0489552,121.5387279,0,20,19,12,9,20,1,1,0,0
11,臺北市中山區雙城街18巷1~30號,4.96,13.0,4,15,41.86,0,0,1,1,8150000,194697,RPPOMLLLJIOFFCA37CA,1,1,0,108,599067.6923076923,15.26153846153846,128.79999999999998,1,0,0,0,0,0,0,0,0,0,0,0,1,0,0,0,0,25.065481,121.5239913,0,20,20,17,9,20,2,2,1,1
12,臺北市中山區中山北路一段53巷1~30號,5.73,12.0,4,13,75.97,1,1,1,1,9850000,129656,RPWOMLNKJIOFFCA18CA,1,1,2,108,398941.53846153844,17.630769230769232,233.75384615384615,1,0,0,0,0,0,0,0,0,0,0,0,0,0,1,0,0,25.049378,121.5219264,0,20,20,9,5,20,0,3,1,0
13,臺北市中山區中山北路二段59巷1~30號,6.0,6.0,4,43,27.56,1,0,1,0,5500000,199565,RPXQMLNKJIOFFCA48CA,4,1,0,108,614046.1538461539,18.46153846153846,84.8,1,0,0,0,0,0,0,0,0,0,0,0,0,0,1,0,0,25.0559648,121.5232067,0,20,20,18,11,20,0,0,2,1
14,臺北市中山區農安街227巷9弄1~30號,30.25,5.0,4,35,113.94,3,2,1,0,13000000,114095,RPVNMLSKJIOFFCA48CA,1,1,0,108,351061.53846153844,93.07692307692308,350.58461538461535,1,0,0,0,0,0,0,0,0,0,0,0,0,1,0,0,0,25.065666,121.533972,0,4,17,2,7,20,0,0,0,20
15,臺北市中山區農安街77巷9弄31~60號,25.33,3.0,3,53,58.78,2,1,1,0,8300000,141204,RPPNMLLLJIOFFCA27CA,1,1,0,108,434473.8461538461,77.93846153846152,180.86153846153846,1,0,0,0,0,0,0,0,0,0,0,0,0,1,0,0,0,25.066298,121.5293781,0,10,20,10,11,16,2,0,1,2
16,臺北市中山區松江路31~60號,5.91,12.0,4,43,36.13,1,1,1,1,6460000,178799,RPUOMLTLJIOFFCA68CA,1,1,0,108,550150.7692307692,18.184615384615384,111.16923076923078,1,0,0,0,0,0,0,0,0,0,0,0,0,0,1,0,0,25.0474392,121.5331738,1,19,20,10,9,20,1,1,0,0
17,臺北市中山區合江街55巷1~30號,20.0,5.0,4,12,125.97,1,1,1,1,20500000,162737,RPTNMLLKKIOFFCA67CA,1,1,1,108,500729.23076923075,61.53846153846153,387.59999999999997,1,0,0,0,0,0,0,0,0,0,0,0,0,0,1,0,0,25.0569697,121.5394359,0,19,20,3,17,20,0,2,0,0
18,臺北市中山區中山北路一段33巷1~30號,29.8,5.0,4,42,108.61,3,2,2,0,12000000,110487,RPRPMLOJKIOFFCA97DA,2,1,0,108,339960.0,91.6923076923077,334.18461538461537,1,0,0,0,0,0,0,0,0,0,0,0,0,1,0,0,0,25.048886,121.5215563,0,20,20,11,5,20,0,3,3,0
19,臺北市中山區松江路431巷1~30號,32.8,5.0,4,44,92.32,3,2,1,0,15520000,168111,RPUQMLKLJIOFFCA08DA,1,1,0,108,517264.6153846154,100.9230769230769,284.0615384615384,1,0,0,0,0,0,0,0,0,0,0,0,0,1,0,0,0,25.065472,121.5349701,0,4,19,2,5,20,0,0,0,20
20,臺北市中山區新生北路三段84巷1~30號,17.17,6.0,4,43,96.29,2,1,1,1,12290000,127635,RPVNMLMLJIOFFCA08DA,2,1,0,108,392723.07692307694,52.830769230769235,296.2769230769231,1,0,0,0,0,0,0,0,0,0,0,0,0,0,0,1,0,25.0673935,121.5260242,0,12,20,14,15,17,2,1,0,1
21,臺北市中山區新生北路三段84巷1~30號,17.12,6.0,4,43,95.66,2,1,1,1,12210000,127640,RPXNMLMLJIOFFCA28DA,2,1,0,108,392738.4615384615,52.67692307692308,294.3384615384615,1,0,0,0,0,0,0,0,0,0,0,0,0,0,0,1,0,25.0673935,121.5260242,0,12,20,14,15,17,2,1,0,1
22,臺北市中山區松江路362巷31~60號,28.34,7.0,4,38,150.56,4,2,2,1,27330000,181522,RPUQMLMLJIOFFCA28DA,1,1,0,108,558529.2307692308,87.2,463.26153846153846,1,0,0,0,0,0,0,0,0,0,0,0,0,0,0,1,0,25.0620297,121.5320177,0,18,20,12,10,20,0,0,1,18
23,臺北市中山區農安街2巷1~30號,17.14,4.0,4,46,75.46,3,1,3,0,11800000,156374,RPTQMLPKJIOFFCA38DA,1,1,0,108,481150.7692307692,52.738461538461536,232.18461538461537,1,0,0,0,0,0,0,0,0,0,0,0,0,1,0,0,0,25.0648676,121.5229105,0,20,20,19,11,20,2,3,2,1
24,臺北市中山區長春路271~300號,95.0,4.0,4,55,353.63,4,2,3,1,100580000,284422,RPWOMLNJKIOFFCA18CA,2,1,0,108,875144.6153846154,292.3076923076923,1088.0923076923077,1,0,0,0,0,0,0,0,0,0,0,0,0,0,0,0,1,25.054809,121.5413116,0,20,20,6,16,20,0,0,1,0
25,臺北市中山區中山北路二段137巷1~30號,13.22,7.0,4,42,86.88,2,1,1,1,15000000,172652,RPXOMLOKJIOFFCA38CA,3,1,0,108,531236.923076923,40.676923076923075,267.3230769230769,1,0,0,0,0,0,0,0,0,0,0,0,0,0,0,1,0,25.0617908,121.5234857,0,20,20,20,13,20,2,1,2,2
26,臺北市中山區德惠街31~60號,6.07,11.0,4,42,58.18,2,1,1,1,8830000,151770,RPQPMLTKJIOFFCA28CA,1,1,0,108,466984.6153846154,18.676923076923078,179.01538461538462,1,0,0,0,0,0,0,0,0,0,0,0,1,0,0,0,0,25.0667707,121.5265786,0,11,20,15,15,20,2,0,1,1
27,臺北市中山區民權西路61~90號,19.52,15.0,4,4,257.79,0,0,0,1,90317600,350353,RPSNMLTKJIOFFCA28CA,1,1,0,105,1078009.2307692308,60.06153846153846,793.2,1,0,0,0,0,0,0,0,0,0,0,0,1,0,0,0,0,25.0630441,121.5201991,0,20,20,16,13,20,3,3,1,0
28,臺北市中山區民權西路61~90號,16.42,15.0,4,4,197.58999999999997,0,0,0,1,69310000,350777,RPTNMLTKJIOFFCA38CA,1,1,0,105,1079313.846153846,50.52307692307693,607.9692307692306,1,0,0,0,0,0,0,0,0,0,0,0,1,0,0,0,0,25.0630441,121.5201991,0,20,20,16,13,20,3,3,1,0
29,臺北市中山區民權西路61~90號,11.51,15.0,4,4,188.56,0,0,0,1,58880400,350657,SPTNMLTKJIOFFCA48CA,1,1,1,105,1078944.6153846153,35.41538461538461,580.1846153846154,1,0,0,0,0,0,0,0,0,0,0,0,1,0,0,0,0,25.0630441,121.5201991,0,20,20,16,13,20,3,3,1,0
30,臺北市中山區民權西路61~90號,14.66,15.0,4,4,202.44,0,0,0,1,63882800,350267,RPUNMLTKJIOFFCA48CA,1,1,1,105,1077744.6153846153,45.107692307692304,622.8923076923077,1,0,0,0,0,0,0,0,0,0,0,0,1,0,0,0,0,25.0630441,121.5201991,0,20,20,16,13,20,3,3,1,0
31,臺北市中山區民權西路61~90號,10.29,15.0,4,4,168.89999999999998,0,0,0,1,51920400,350165,SPUNMLTKJIOFFCA58CA,1,1,1,105,1077430.7692307692,31.66153846153846,519.6923076923076,1,0,0,0,0,0,0,0,0,0,0,0,1,0,0,0,0,25.0630441,121.5201991,0,20,20,16,13,20,3,3,1,0
32,臺北市中山區林森北路271~300號,4.16,12.0,4,44,53.04,2,1,1,1,6660000,125566,RPPNMLSKJIOFFCA87CA,2,1,0,108,386356.92307692306,12.8,163.2,1,0,0,0,0,0,0,0,0,0,0,0,1,0,0,0,0,25.0551668,121.5256069,0,20,20,12,9,20,1,0,0,0
33,臺北市中山區德惠街31~60號,2.84,11.0,4,39,29.900000000000002,1,1,1,1,5200000,173913,RPPQMLTKJIOFFCA28CA,1,1,0,108,535116.923076923,8.738461538461538,92.0,1,0,0,0,0,0,0,0,0,0,0,0,0,0,1,0,0,25.0667707,121.5265786,0,11,20,15,15,20,2,0,1,1
34,臺北市中山區新生北路三段82巷1~30號,11.93,10.0,4,28,138.7,3,2,2,1,13200000,95169,RPSOMLSLJIOFFCA38CA,1,1,0,108,292827.6923076923,36.707692307692305,426.7692307692307,1,0,0,0,0,0,0,0,0,0,0,0,0,0,0,1,0,25.0671118,121.5273123,0,11,20,13,16,20,2,0,1,1
35,臺北市中山區新生北路三段61~90號,11.18,9.0,4,2,94.99000000000001,2,2,1,1,19650000,208137,RPWOMLOJKIOFFCA28CA,1,1,1,108,640421.5384615385,34.4,292.2769230769231,1,0,0,0,0,0,0,0,0,0,0,0,0,0,0,1,0,25.0659966,121.5280981,0,12,20,14,14,20,2,1,1,1
36,臺北市中山區民生東路二段91~120號,124.0,3.0,3,35,294.9,0,3,3,0,73000000,247542,RPUPMLQKJHPFFCA38CA,2,1,0,108,761667.6923076923,381.53846153846155,907.3846153846152,1,0,0,0,0,0,0,0,0,0,0,0,0,0,0,0,1,25.0580937,121.5308511,1,20,20,11,10,20,2,0,1,0
37,臺北市中山區明水路481~510號,158.44,14.0,4,18,497.41999999999996,4,2,5,1,235550000,553537,RPRQMLPKJIOFFCA18DA,2,1,2,108,1703190.7692307692,487.5076923076923,1530.5230769230768,1,0,0,0,0,0,0,0,0,0,0,0,1,0,0,0,0,25.078069,121.551663,0,5,3,1,8,11,1,0,1,0
38,臺北市中山區敬業三路162巷91~120號,47.09,10.0,4,21,155.43,2,2,2,1,24060000,154796,RPUQMLLLJIOFFCA18DA,1,1,1,108,476295.3846153846,144.8923076923077,478.24615384615385,1,0,0,0,0,0,0,0,0,0,0,0,0,0,0,1,0,25.079015,121.55907,0,3,7,2,9,15,2,1,0,0
39,臺北市中山區雙城街49巷1~30號,15.63,7.0,4,7,99.5,2,1,1,1,18760000,188543,RPPNMLRKJIOFFCA87DA,1,1,0,108,580132.3076923076,48.09230769230769,306.15384615384613,1,0,0,0,0,0,0,0,0,0,0,0,0,0,0,1,0,25.0680703,121.5245946,0,11,16,11,18,15,0,1,0,1
40,臺北市中山區新生北路一段47巷1~30號,12.98,7.0,4,13,91.22999999999999,1,0,1,1,12260000,184734,RPVNMLTLJIOFFCA78DA,1,1,2,108,568412.3076923076,39.93846153846154,280.70769230769224,1,0,0,0,0,0,0,0,0,0,0,0,0,0,1,0,0,25.0480788,121.5304079,1,20,20,12,9,20,1,2,0,0
41,臺北市中山區伊通街125巷1~30號,20.75,4.0,3,54,72.9,2,2,2,0,14400000,197531,RPPNMLKMJIOFFCA37DA,1,1,0,108,607787.6923076923,63.84615384615385,224.30769230769232,1,0,0,0,0,0,0,0,0,0,0,0,0,1,0,0,0,25.0539114,121.5362106,1,20,20,9,11,20,2,2,1,0
42,臺北市中山區民權東路三段1~30號,25.09,15.0,4,25,172.79999999999998,3,2,2,1,42500000,245949,RPVPMLSLJIOFFCA88DA,5,1,0,108,756766.1538461539,77.2,531.6923076923076,1,0,0,0,0,0,0,0,0,0,0,0,1,0,0,0,0,25.0625217,121.5388592,0,14,20,5,7,18,1,1,0,19
43,臺北市中山區中山北路二段26巷1~30號,31.25,4.0,3,35,116.47,2,2,1,0,11371850,97638,RPTRMLTJJHPFFCA78DA,1,1,0,108,300424.6153846154,96.15384615384615,358.36923076923074,1,0,0,0,0,0,0,0,0,0,0,0,0,0,0,0,1,25.0540574,121.5221778,0,20,20,8,10,20,0,2,2,0
44,臺北市中山區天祥路47巷1~30號,16.0,5.0,4,42,57.68,2,1,1,0,11000000,190707,RPORMLPKJHPFFCA87CA,1,1,0,108,586790.7692307692,49.230769230769226,177.47692307692307,1,0,0,0,0,0,0,0,0,0,0,0,0,1,0,0,0,25.0622245,121.5211508,0,20,20,20,11,20,1,3,2,1
45,臺北市中山區伊通街91~120號,6.01,8.0,4,32,40.199999999999996,1,1,1,1,7550000,187811,RPTNMLPKKIOFFCA08CA,1,1,0,108,577880.0,18.49230769230769,123.69230769230768,1,0,0,0,0,0,0,0,0,0,0,0,0,0,1,0,0,25.0530475,121.5349572,1,20,20,9,13,20,1,3,1,0
46,臺北市中山區合江街105巷1~30號,28.25,4.0,4,44,85.13,3,3,2,0,12880000,151298,RPTNMLPJKIOFFCA97CA,1,1,0,108,465532.3076923077,86.92307692307692,261.9384615384615,1,0,0,0,0,0,0,0,0,0,0,0,0,1,0,0,0,25.0599474,121.5394206,0,19,20,8,10,20,0,0,1,12
47,臺北市中山區農安街1~30號,4.32,11.0,4,17,37.239999999999995,1,1,1,1,10500000,281955,RPUNMLMJKIOFFCA77CA,1,1,0,108,867553.8461538461,13.292307692307693,114.58461538461536,1,0,0,0,0,0,0,0,0,0,0,0,0,0,1,0,0,25.0650285,121.523401,0,20,20,18,9,20,2,2,2,1
48,臺北市中山區新生北路三段31~60號,3.93,12.0,4,39,44.47,2,1,1,1,8200000,184394,RPOQMLMJKIOFFCA47CA,1,1,0,108,567366.1538461539,12.092307692307692,136.83076923076922,1,0,0,0,0,0,0,0,0,0,0,0,1,0,0,0,0,25.0646869,121.5280576,0,13,20,16,15,20,2,1,1,1
49,臺北市中山區合江街31~60號,62.68,11.0,4,3,404.64,1,1,1,1,97920000,241993,RPRPMLKLJIOFFCA57CA,1,6,0,108,744593.8461538461,192.86153846153846,1245.0461538461539,1,0,0,0,0,0,0,0,0,0,0,0,0,0,1,0,0,25.0555097,121.5392062,1,20,20,4,14,20,0,2,0,0
50,臺北市中山區民權東路三段61~90號,14.66,19.0,4,35,140.55,3,2,2,1,29300000,208452,RPVQMLQLJIOFFCA68CA,1,1,0,108,641390.7692307692,45.107692307692304,432.4615384615385,1,0,0,0,0,0,0,0,0,0,0,0,1,0,0,0,0,25.0625501,121.5432045,0,20,18,5,8,7,1,2,1,0
51,臺北市中山區松江路221巷1~30號,38.49,7.0,4,37,228.45000000000002,4,2,2,1,43200000,189092,RPUOMLTKJIOFFCA58CA,1,1,1,108,581821.5384615385,118.43076923076923,702.9230769230769,1,0,0,0,0,0,0,0,0,0,0,0,0,0,0,1,0,25.0585114,121.5334499,1,20,20,10,8,20,1,2,1,12
52,臺北市中山區新生北路三段1~30號,3.43,12.0,4,40,31.76,1,1,1,1,5330000,167821,RPOQMLTKJIOFFCA18CA,1,1,0,108,516372.3076923077,10.553846153846154,97.72307692307693,1,0,0,0,0,0,0,0,0,0,0,0,0,0,1,0,0,25.0628897,121.5281771,0,11,20,16,10,20,2,1,1,0
53,臺北市中山區中山北路二段91~120號,7.21,14.0,4,2,87.50999999999999,2,1,1,1,24500000,316211,RPVPMLQLJIOFFCA58CA,2,1,1,105,972956.923076923,22.184615384615384,269.2615384615384,1,0,0,0,0,0,0,0,0,0,0,0,1,0,0,0,0,25.059308,121.523262,0,20,20,19,10,20,0,1,2,1
54,臺北市中山區林森北路451~480號,4.7,14.0,4,18,44.34,1,1,1,1,8380000,188994,RPPQMLPLJIOFFCA97CA,1,1,0,108,581520.0,14.461538461538462,136.43076923076924,1,0,0,0,0,0,0,0,0,0,0,0,0,0,1,0,0,25.0605292,121.5257599,0,20,20,20,11,20,2,1,1,1
55,臺北市中山區林森北路301~330號,4.92,14.0,4,18,44.7,1,1,1,1,7880000,176286,RPPNMLQLJIOFFCA77CA,1,1,0,108,542418.4615384615,15.138461538461538,137.53846153846155,1,0,0,0,0,0,0,0,0,0,0,0,0,0,1,0,0,25.055793,121.525628,0,20,20,17,9,20,1,0,0,1
56,臺北市中山區長春路61~90號,3.67,12.0,4,41,35.09,1,1,1,1,5500000,156740,RPWOMLPLJIOFFCA48CA,1,1,0,108,482276.92307692306,11.292307692307691,107.96923076923078,1,0,0,0,0,0,0,0,0,0,0,0,0,0,1,0,0,25.0550126,121.5262836,0,20,20,9,8,20,1,0,0,0
57,臺北市中山區民權東路三段61~90號,14.66,19.0,4,35,140.55,2,2,2,1,29080000,206887,RPTNMLKLJIOFFCA57CA,1,1,0,108,636575.3846153846,45.107692307692304,432.4615384615385,1,0,0,0,0,0,0,0,0,0,0,0,1,0,0,0,0,25.0625501,121.5432045,0,20,18,5,8,7,1,2,1,0
58,臺北市中山區新生北路二段5巷1~30號,24.5,4.0,4,52,70.94,3,2,1,0,13500000,190302,RPQQMLNKKIOFFCA87CA,1,1,0,108,585544.6153846154,75.38461538461539,218.27692307692305,1,0,0,0,0,0,0,0,0,0,0,0,0,1,0,0,0,25.0527697,121.5283614,0,20,20,11,8,20,2,2,1,0
59,臺北市中山區林森北路107巷61~90號,6.98,7.0,4,35,38.120000000000005,1,1,1,0,5900000,154774,RPVQMLLLJIOFFCA28DA,1,1,0,108,476227.6923076923,21.47692307692308,117.2923076923077,1,0,0,0,0,0,0,0,0,0,0,0,0,0,1,0,0,25.0499592,121.5271009,1,20,20,8,9,20,1,2,0,0
60,臺北市中山區農安街1~30號,3.16,14.0,4,12,51.47,1,1,1,1,9500000,184574,RPWNMLTLJIOFFCA88DA,1,1,0,108,567920.0,9.723076923076924,158.36923076923077,1,0,0,0,0,0,0,0,0,0,0,0,0,0,1,0,0,25.0650285,121.523401,0,20,20,18,9,20,2,2,2,1
61,臺北市中山區復興北路331~360號,17.89,12.0,4,40,127.06,3,2,2,1,28400000,223516,RPWQMLQLJIOFFCA88DA,1,1,0,108,687741.5384615384,55.04615384615385,390.95384615384614,1,0,0,0,0,0,0,0,0,0,0,0,1,0,0,0,0,25.0596758,121.5444275,0,20,20,8,10,18,0,2,1,0
62,臺北市中山區新生北路三段68巷1~30號,8.49,6.0,4,36,47.910000000000004,2,1,1,0,8900000,185765,RPUPMLOJKIOFFCA18CA,1,1,0,108,571584.6153846154,26.123076923076923,147.41538461538462,1,0,0,0,0,0,0,0,0,0,0,0,0,0,0,1,0,25.0662339,121.5273457,0,14,20,17,15,20,2,1,1,1
63,臺北市中山區龍江路356巷31~60號,18.67,5.0,4,43,99.18,4,2,2,0,14300000,144182,RPQNMLLLJIOFFCA37CA,1,1,0,108,443636.92307692306,57.44615384615385,305.1692307692308,1,0,0,0,0,0,0,0,0,0,0,0,0,1,0,0,0,25.066121,121.539522,0,6,11,1,3,12,1,1,0,2
64,臺北市中山區北安路458巷47弄1~30號,18.88,14.0,4,18,147.1,2,2,2,1,37500000,254929,RPRNMLLLJIOFFCA47CA,2,1,1,108,784396.923076923,58.092307692307685,452.6153846153846,1,0,0,0,0,0,0,0,0,0,0,0,1,0,0,0,0,25.078316,121.544807,0,0,5,1,5,6,2,2,1,0
65,臺北市中山區長春路1~30號,4.07,14.0,4,11,46.34,1,1,1,1,10880000,234786,RPSNMLLLJIOFFCA57CA,1,1,0,108,722418.4615384615,12.523076923076923,142.5846153846154,1,0,0,0,0,0,0,0,0,0,0,0,0,0,1,0,0,25.054352,121.547018,0,20,20,20,12,20,0,1,1,0
66,臺北市中山區農安街227巷31~60號,24.82,7.0,4,37,128.82,3,2,2,0,20360000,158050,RPWPMLQLJIOFFCA68CA,1,2,0,108,486307.6923076923,76.36923076923077,396.36923076923074,1,0,0,0,0,0,0,0,0,0,0,0,0,0,0,1,0,25.0664327,121.5340049,0,3,15,2,6,16,0,0,0,15
67,臺北市中山區中山北路二段50巷1~30號,21.0,4.0,4,47,63.75,2,1,1,0,14000000,219608,RPVPMLRLJIOFFCA68CA,1,1,0,108,675716.923076923,64.61538461538461,196.15384615384616,1,0,0,0,0,0,0,0,0,0,0,0,0,1,0,0,0,25.0562382,121.5224934,0,20,20,18,10,20,0,0,2,1
68,臺北市中山區農安街1~30號,3.31,14.0,4,12,53.56,0,0,0,1,10160000,189694,RPPOMLSLJIOFFCA08CA,1,1,0,108,583673.8461538461,10.184615384615384,164.8,1,0,0,0,0,0,0,0,0,0,0,0,1,0,0,0,0,25.0650285,121.523401,0,20,20,18,9,20,2,2,2,1
69,臺北市中山區龍江路397巷1~30號,32.8,5.0,4,40,121.09,3,2,2,0,16500000,136262,RPRQMLQLJIOFFCA28CA,6,1,0,108,419267.6923076923,100.9230769230769,372.5846153846154,1,0,0,0,0,0,0,0,0,0,0,0,0,1,0,0,0,25.0656932,121.5412528,0,10,15,2,3,9,1,1,0,0
70,臺北市中山區林森北路271~300號,4.6,12.0,4,33,43.86,1,1,1,1,6050000,137939,RPPPMLLLJIOFFCA47CA,1,1,0,108,424427.6923076923,14.153846153846152,134.95384615384614,1,0,0,0,0,0,0,0,0,0,0,0,0,0,1,0,0,25.0551668,121.5256069,0,20,20,12,9,20,1,0,0,0
71,臺北市中山區龍江路387巷1~30號,40.0,4.0,4,47,111.3,3,2,2,0,20180000,181312,RPURMLRLJIOFFCA88DA,1,1,0,108,557883.0769230769,123.07692307692307,342.46153846153845,1,0,0,0,0,0,0,0,0,0,0,0,0,1,0,0,0,25.0652511,121.54124,0,10,15,3,4,9,1,1,0,0
72,臺北市中山區新生北路二段68巷1~30號,5.92,12.0,4,13,63.9,1,1,1,1,12500000,195618,RPXQMLMJKIOFFCA48DA,1,1,0,108,601901.5384615385,18.215384615384615,196.6153846153846,1,0,0,0,0,0,0,0,0,0,0,0,0,0,1,0,0,25.056497,121.526841,0,20,20,11,11,20,1,0,0,0
73,臺北市中山區長春路91~120號,5.24,12.0,4,46,44.51,1,1,1,1,6700000,150528,RPUPMLSLJIOFFCA78DA,1,1,0,108,463163.0769230769,16.123076923076923,136.95384615384614,1,0,0,0,0,0,0,0,0,0,0,0,0,0,1,0,0,25.0550175,121.5289209,0,20,20,7,9,20,1,1,0,0
74,臺北市中山區合江街70巷1~30號,27.2,5.0,4,42,98.74,3,2,1,0,9300000,94187,RPPQMLQLJIOFFCA18DA,1,1,0,108,289806.1538461538,83.6923076923077,303.8153846153846,1,0,0,0,0,0,0,0,0,0,0,0,0,1,0,0,0,25.0569791,121.5389599,1,18,18,3,18,20,0,2,0,0
75,臺北市中山區合江街55巷1~30號,0.75,5.0,4,40,2.54,3,2,2,0,225000,88583,RPTNMLKLKIOFFCA77DA,1,1,0,108,272563.07692307694,2.3076923076923075,7.815384615384615,1,0,0,0,0,0,0,0,0,0,0,0,0,1,0,0,0,25.0569697,121.5394359,0,19,20,3,17,20,0,2,0,0
76,臺北市中山區雙城街19巷1~30號,3.81,14.0,4,13,36.59,1,1,1,1,7000000,191309,RPTRMLTJKIOFFCA78CA,2,1,0,108,588643.0769230769,11.723076923076922,112.58461538461539,1,0,0,0,0,0,0,0,0,0,0,0,1,0,0,0,0,25.0654834,121.5248079,0,20,20,17,9,20,2,2,1,1
77,臺北市中山區長安東路二段31~60號,22.57,7.0,4,37,109.76,2,2,1,0,17900000,163083,RPRRMLNJKIOFFCA97CA,1,1,0,108,501793.8461538461,69.44615384615385,337.7230769230769,1,0,0,0,0,0,0,0,0,0,0,0,0,0,0,1,0,25.048623,121.5311785,1,20,20,11,8,20,1,2,1,0
78,臺北市中山區新生北路三段61~90號,4.45,10.0,4,41,36.16,1,1,1,1,6800000,188053,RPRNMLNLJIOFFCA67CA,1,1,0,108,578624.6153846154,13.692307692307692,111.26153846153845,1,0,0,0,0,0,0,0,0,0,0,0,0,0,1,0,0,25.0659966,121.5280981,0,12,20,14,14,20,2,1,1,1
79,臺北市中山區龍江路397巷31~60號,30.39,5.0,4,35,107.57000000000001,3,2,2,0,17600000,163614,RPRNMLPLJIOFFCA87CA,1,1,0,108,503427.6923076923,93.50769230769231,330.9846153846154,1,0,0,0,0,0,0,0,0,0,0,0,0,1,0,0,0,25.0656283,121.5427689,0,10,16,1,3,7,1,1,0,0
80,臺北市中山區松江路271~300號,4.35,13.0,4,11,40.57,1,1,1,1,10600000,261277,RPXOMLMLJIOFFCA28CA,1,1,0,108,803929.2307692308,13.384615384615383,124.83076923076922,1,0,0,0,0,0,0,0,0,0,0,0,0,0,1,0,0,25.0598864,121.5334014,1,20,20,10,9,20,1,0,1,18
81,臺北市中山區敬業一路128巷1~30號,31.22,11.0,4,14,130.7,3,2,2,1,15000000,114767,RPPOMLNJKIOFFCA47CA,1,1,1,108,353129.23076923075,96.06153846153846,402.15384615384613,1,0,0,0,0,0,0,0,0,0,0,0,1,0,0,0,0,25.0835582,121.5526007,0,16,9,1,6,20,0,0,1,0
82,臺北市中山區建國北路一段121~150號,4.29,13.0,4,11,32.93,1,1,1,1,8550000,259642,RPXQMLRKKIOFFCA98CA,1,1,0,108,798898.4615384615,13.2,101.32307692307693,1,0,0,0,0,0,0,0,0,0,0,0,0,0,1,0,0,25.0515458,121.5370066,1,20,20,12,10,20,1,3,1,0
83,臺北市中山區林森北路31~60號,18.49,14.0,4,14,167.48,2,2,2,1,34300000,204801,RPQNMLKMJIOFFCA37CA,2,2,1,108,630156.923076923,56.89230769230768,515.3230769230769,1,0,0,0,0,0,0,0,0,0,0,0,1,0,0,0,0,25.0614,121.526334,0,20,20,20,10,20,2,1,1,1
84,臺北市中山區合江街36巷31~60號,40.0,3.0,4,55,79.77,6,2,3,0,20000000,250721,RPPNMLMJKIOFFCA27CA,2,1,0,108,771449.2307692308,123.07692307692307,245.44615384615383,1,0,0,0,0,0,0,0,0,0,0,0,0,0,0,0,1,25.0555906,121.5379137,1,20,20,4,15,20,1,2,0,0
85,臺北市中山區民權東路三段61~90號,17.8,19.0,4,35,177.87,4,2,2,1,38800000,218137,RPROMLSLJIOFFCA28CA,1,1,0,108,671190.7692307692,54.76923076923077,547.2923076923076,1,0,0,0,0,0,0,0,0,0,0,0,1,0,0,0,0,25.0625501,121.5432045,0,20,18,5,8,7,1,2,1,0
86,臺北市中山區錦州街1~30號,5.1,10.0,4,37,41.69,2,2,1,1,7200000,172703,RPOQMLQLJIOFFCA97CA,1,1,0,108,531393.8461538461,15.69230769230769,128.27692307692305,1,0,0,0,0,0,0,0,0,0,0,0,0,0,0,1,0,25.0604415,121.5318562,0,20,20,13,12,20,0,0,1,15
87,臺北市中山區北安路595巷2弄1~30號,52.07,4.0,4,44,136.36,3,3,2,0,32500000,238340,RPVRMLTJKIOFFCA98CA,1,1,0,108,733353.8461538461,160.2153846153846,419.5692307692308,1,0,0,0,0,0,0,0,0,0,0,0,0,1,0,0,0,25.0818906,121.5481451,0,15,15,1,9,8,2,0,1,0
88,臺北市中山區松江路100巷1~30號,27.5,4.0,3,35,87.98,7,3,2,0,18050000,205160,RPXQMLQLJIOFFCA98DA,1,1,0,108,631261.5384615385,84.61538461538461,270.7076923076923,1,0,0,0,0,0,0,0,0,0,0,0,0,1,0,0,0,25.0511649,121.5322451,0,20,20,14,11,20,2,2,1,0
89,臺北市中山區伊通街1~30號,35.59,13.0,4,8,309.65999999999997,4,2,2,1,65000000,275561,RPVSMLQLJIOFFCA98DA,2,1,2,108,847880.0,109.50769230769231,952.7999999999998,1,0,0,0,0,0,0,0,0,0,0,0,1,0,0,0,0,25.0480337,121.5348428,1,20,18,10,9,20,1,2,1,0
90,臺北市中山區長安東路二段91~120號,17.25,13.0,4,3,175.45,3,2,2,1,36000000,205187,RPXOMLRLJIOFFCA88DA,3,1,1,108,631344.6153846154,53.07692307692307,539.8461538461538,1,0,0,0,0,0,0,0,0,0,0,0,1,0,0,0,0,25.0484276,121.5347191,1,20,19,11,9,20,1,2,1,0
91,臺北市中山區建國北路二段31~60號,16.83,14.0,4,38,92.50999999999999,3,2,1,1,20800000,224841,RPOPMLQLJIOFFCA97DA,1,1,0,108,691818.4615384615,51.78461538461538,284.6461538461538,1,0,0,0,0,0,0,0,0,0,0,0,1,0,0,0,0,25.0547495,121.5370927,1,20,20,6,11,20,1,2,0,0
92,臺北市中山區雙城街13巷1~30號,11.64,11.0,4,8,109.4,2,1,1,1,18000000,175879,RPTSMLNJKIOFFCA38DA,1,1,1,108,541166.1538461539,35.815384615384616,336.61538461538464,1,0,0,0,0,0,0,0,0,0,0,0,1,0,0,0,0,25.06417,121.5245646,0,20,20,19,11,20,2,2,1,1
93,臺北市中山區林森北路399巷1~30號,4.25,13.0,4,37,48.0,1,1,1,1,7550000,157292,RPRRMLMJKIOFFCA97DA,3,1,0,108,483975.3846153846,13.076923076923077,147.69230769230768,1,0,0,0,0,0,0,0,0,0,0,0,0,0,1,0,0,25.059267,121.5256771,0,20,20,20,11,20,2,1,1,1
94,臺北市中山區林森北路121~150號,2.74,15.0,4,13,33.129999999999995,1,1,1,1,6800000,205252,RPWSMLQLJIOFFCA09DA,1,1,0,108,631544.6153846154,8.430769230769231,101.93846153846152,1,0,0,0,0,0,0,0,0,0,0,0,0,0,1,0,0,25.0507481,121.5252106,0,20,20,10,10,20,0,0,0,0
95,臺北市中山區吉林路447巷1~30號,26.22,5.0,4,37,99.06,3,2,2,0,15200000,153442,RPUSMLQLJIOFFCA88DA,1,1,0,108,472129.23076923075,80.67692307692307,304.8,1,0,0,0,0,0,0,0,0,0,0,0,0,1,0,0,0,25.0674054,121.5307715,0,2,14,2,14,8,0,0,0,1
96,臺北市中山區中山北路二段59巷1~30號,10.35,14.0,4,22,105.16,1,2,1,1,18000000,171168,RPQOMLLKKIOFFCA47CA,1,1,1,108,526670.7692307692,31.846153846153843,323.5692307692307,1,0,0,0,0,0,0,0,0,0,0,0,1,0,0,0,0,25.0559648,121.5232067,0,20,20,18,11,20,0,0,2,1
97,臺北市中山區中山北路二段183巷1~30號,177.0,3.0,3,35,477.15,2,1,1,0,81920000,171686,RPUOMLKKKIOFFCA77CA,1,2,0,108,528264.6153846154,544.6153846153846,1468.153846153846,1,0,0,0,0,0,0,0,0,0,0,0,0,0,0,0,1,25.063859,121.5230045,0,20,20,20,10,20,2,2,2,1
98,臺北市中山區中山北路二段65巷1~30號,5.14,14.0,4,20,69.37,2,1,1,1,15750000,227043,RPTNMLTJKIOFFCA38CA,1,1,0,108,698593.8461538461,15.815384615384614,213.44615384615386,1,0,0,0,0,0,0,0,0,0,0,0,1,0,0,0,0,25.0571759,121.52326,0,20,20,15,8,20,0,0,1,1
99,臺北市中山區敬業三路162巷121~150號,47.09,12.0,4,21,155.53,3,2,2,1,29080000,186974,RPRNMLRLJIOFFCA08CA,1,1,0,108,575304.6153846154,144.8923076923077,478.55384615384617,1,0,0,0,0,0,0,0,0,0,0,0,1,0,0,0,0,25.0795485,121.5594401,0,3,10,2,9,18,2,1,0,0
100,臺北市中山區民生東路二段115巷28弄1~30號,26.25,4.0,3,52,79.85,3,2,1,0,12550000,157170,RPTPMLRLJIOFFCA48CA,2,1,0,108,483600.0,80.76923076923076,245.69230769230768,1,0,0,0,0,0,0,0,0,0,0,0,0,1,0,0,0,25.0594255,121.5315167,1,20,20,12,13,20,0,0,1,4
101,臺北市中山區新生北路三段1~30號,4.41,11.0,4,9,42.38,1,1,1,1,9280000,218971,RPPPMLRLJIOFFCA08CA,1,1,0,108,673756.923076923,13.569230769230769,130.4,1,0,0,0,0,0,0,0,0,0,0,0,0,0,1,0,0,25.0628897,121.5281771,0,11,20,16,10,20,2,1,1,0
102,臺北市中山區中山北路二段115巷1~30號,34.75,4.0,4,47,120.1,3,2,1,0,18100000,150708,RPOOMLTLJIOFFCA08CA,1,1,0,108,463716.92307692306,106.92307692307692,369.5384615384615,1,0,0,0,0,0,0,0,0,0,0,0,0,1,0,0,0,25.0610459,121.5234886,0,20,20,20,12,20,2,1,3,1
103,臺北市中山區南京東路一段121~150號,107.0,5.0,3,35,472.42,0,0,0,0,200000000,423352,RPOOMLMJKIOFFCA27CA,1,1,0,108,1302621.5384615385,329.2307692307692,1453.6,1,0,0,0,0,0,0,0,0,0,0,0,0,0,0,0,1,25.0528331,121.5267471,0,20,20,10,9,20,2,1,0,0
104,臺北市中山區松江路330巷1~30號,198.0,2.0,3,35,328.48,10,7,4,0,110580000,336642,RPUPMLTKKIOFFCA78CA,2,2,0,108,1035821.5384615384,609.2307692307692,1010.7076923076924,1,0,0,0,0,0,0,0,0,0,0,0,0,0,0,0,1,25.0612193,121.532649,0,20,20,12,10,20,0,0,1,18
105,臺北市中山區林森北路91~120號,5.17,12.0,4,39,46.5,0,0,0,1,6430000,138280,RPVRMLTKKIOFFCA09CA,2,1,0,108,425476.92307692306,15.907692307692306,143.07692307692307,1,0,0,0,0,0,0,0,0,0,0,0,0,0,1,0,0,25.0500055,121.5249729,0,20,20,9,11,20,0,0,0,0
106,臺北市中山區中山北路二段26巷1~30號,32.75,4.0,4,48,81.91,2,1,1,0,14800000,180686,RPQQMLMJKIOFFCA67CA,1,1,0,108,555956.923076923,100.76923076923076,252.0307692307692,1,0,0,0,0,0,0,0,0,0,0,0,0,1,0,0,0,25.0540574,121.5221778,0,20,20,8,10,20,0,2,2,0
107,臺北市中山區中山北路一段83巷31~60號,7.91,15.0,4,13,63.900000000000006,1,1,1,1,14300000,223787,RPUQMLSLJIOFFCA78CA,2,1,0,108,688575.3846153846,24.338461538461537,196.6153846153846,1,0,0,0,0,0,0,0,0,0,0,0,0,0,1,0,0,25.0500512,121.5243787,0,20,20,9,11,20,0,0,1,0
108,臺北市中山區新生北路二段91~120號,6.88,12.0,4,39,70.77,2,2,2,1,9800000,138477,RPOOMLSLJIOFFCA97CA,3,1,0,108,426083.07692307694,21.16923076923077,217.75384615384613,1,0,0,0,0,0,0,0,0,0,0,0,1,0,0,0,0,25.0573288,121.5278946,0,15,20,9,10,20,1,0,0,0
109,臺北市中山區復興北路190巷1~30號,18.32,15.0,4,35,97.97999999999999,3,1,1,1,20150000,205654,RPRPMLSLJIOFFCA38CA,1,1,0,108,632781.5384615385,56.36923076923077,301.476923076923,1,0,0,0,0,0,0,0,0,0,0,0,1,0,0,0,0,25.055574,121.543237,0,20,20,11,17,20,0,0,1,0
110,臺北市中山區中山北路一段121巷31~60號,7.3,14.0,4,10,69.14,1,1,1,1,14700000,212612,RPTOMLSLJIOFFCA48CA,1,1,0,108,654190.7692307692,22.46153846153846,212.73846153846154,1,0,0,0,0,0,0,0,0,0,0,0,0,0,1,0,0,25.0509211,121.5245641,0,20,20,10,10,20,0,0,1,0
111,臺北市中山區林森北路133巷31~60號,28.0,3.0,3,35,71.84,4,4,4,0,12000000,167038,RPVOMLSLJIOFFCA68CA,1,1,0,108,513963.0769230769,86.15384615384615,221.04615384615386,1,0,0,0,0,0,0,0,0,0,0,0,0,1,0,0,0,25.0509264,121.5263424,0,20,20,8,9,20,2,2,0,0
112,臺北市中山區民生東路一段70巷1~30號,5.54,8.0,4,14,37.21,0,0,0,1,8000000,214996,RPRQMLQJKIOFFCA18CA,1,1,0,108,661526.1538461539,17.046153846153846,114.49230769230769,1,0,0,0,0,0,0,0,0,0,0,0,0,0,0,1,0,25.0576197,121.5264837,0,20,20,17,7,20,1,1,0,1
113,臺北市中山區雙城街12巷1~30號,52.75,4.0,4,47,159.63,3,2,2,0,17660000,110631,RPXNMLSLJIOFFCA88DA,1,1,0,108,340403.07692307694,162.3076923076923,491.16923076923075,1,0,0,0,0,0,0,0,0,0,0,0,0,1,0,0,0,25.0645358,121.5229706,0,20,20,19,11,20,2,3,2,1
114,臺北市中山區農安街61~90號,20.23,7.0,4,33,107.8,3,2,2,1,20300000,188312,RPXSMLNJKIOFFCA78DA,1,1,0,108,579421.5384615385,62.246153846153845,331.6923076923077,1,0,0,0,0,0,0,0,0,0,0,0,0,0,0,1,0,25.0648812,121.5270602,0,16,20,17,12,20,2,1,1,1
115,臺北市中山區建國北路三段22巷1~30號,8.76,5.0,4,29,50.339999999999996,2,2,1,0,7800000,154946,RPTQMLOJKIOFFCA28DA,1,1,0,108,476756.92307692306,26.953846153846154,154.89230769230767,1,0,0,0,0,0,0,0,0,0,0,0,0,0,0,1,0,25.0639134,121.5357346,0,10,20,5,6,20,0,0,0,20
116,臺北市中山區南京東路三段91~120號,4.49,12.0,4,41,50.199999999999996,1,1,0,1,9850000,196215,RPPRMLTLJIOFFCA58DA,2,1,0,108,603738.4615384615,13.815384615384616,154.46153846153845,1,0,0,0,0,0,0,0,0,0,0,0,0,0,1,0,0,25.0521478,121.5390652,0,20,20,8,15,20,1,3,1,0
117,臺北市中山區新生北路三段61~90號,2.41,10.0,4,42,20.93,1,1,1,0,2800000,133779,RPPPMLPJKHPFFCA77CA,4,1,0,108,411627.6923076923,7.415384615384616,64.39999999999999,1,0,0,0,0,0,0,0,0,0,0,0,0,0,1,0,0,25.0659966,121.5280981,0,12,20,14,14,20,2,1,1,1
118,臺北市中山區新生北路二段61~90號,8.97,12.0,4,49,69.53,3,1,1,1,9500000,136632,RPQOMLMKKIOFFCA57CA,1,2,0,108,420406.1538461538,27.6,213.93846153846152,1,0,0,0,0,0,0,0,0,0,0,0,1,0,0,0,0,25.0562845,121.5277511,0,20,20,9,13,20,1,0,0,0
119,臺北市中山區中山北路三段31~60號,3.33,12.0,4,39,32.28,1,1,1,1,4680000,144981,RPTOMLQJKIOFFCA18CA,3,1,0,108,446095.3846153846,10.246153846153845,99.32307692307693,1,0,0,0,0,0,0,0,0,0,0,0,1,0,0,0,0,25.0657089,121.522573,0,20,20,16,11,20,2,2,1,1
120,臺北市中山區雙城街46巷1~30號,48.75,7.0,4,40,320.01,0,0,0,0,46000000,143746,RPXNMLMJKIOFFCA08CA,1,2,0,108,442295.3846153846,150.0,984.6461538461538,1,0,0,0,0,0,0,0,0,0,0,0,0,0,0,1,0,25.0676057,121.5241331,0,11,17,15,15,18,1,1,0,1
121,臺北市中山區林森北路107巷31~60號,5.29,7.0,4,32,41.22,1,1,1,1,6300000,152838,RPVQMLSLJIOFFCA88CA,1,1,0,108,470270.7692307692,16.276923076923076,126.83076923076922,1,0,0,0,0,0,0,0,0,0,0,0,0,0,1,0,0,25.0502007,121.526122,0,20,20,7,10,20,1,0,0,0
122,臺北市中山區中山北路二段16巷1~30號,8.73,6.0,4,15,62.55,1,1,1,1,11500000,183853,RPTOMLTLJIOFFCA58CA,2,1,1,108,565701.5384615385,26.861538461538462,192.46153846153845,1,0,0,0,0,0,0,0,0,0,0,0,0,0,1,0,0,25.0531008,121.5219915,0,20,20,6,10,20,0,2,1,0
123,臺北市中山區新生北路二段58巷1~30號,2.62,12.0,4,36,28.15,1,1,1,1,3750000,133215,RPPQMLTLJIOFFCA38CA,1,1,0,108,409892.3076923077,8.061538461538461,86.61538461538461,1,0,0,0,0,0,0,0,0,0,0,0,0,0,1,0,0,25.0554368,121.5271907,0,20,20,9,11,20,1,0,0,0
124,臺北市中山區復興北路61~90號,27.67,6.0,4,46,137.97,3,1,1,1,27800000,201493,RPTPMLMJKIOFFCA87CA,1,1,0,108,619978.4615384615,85.13846153846154,424.5230769230769,1,0,0,0,0,0,0,0,0,0,0,0,0,0,0,1,0,25.050488,121.544397,0,20,20,13,11,20,2,2,1,0
125,臺北市中山區林森北路133巷1~30號,26.12,4.0,3,35,83.19,2,2,1,0,9200000,110590,RPTOMLSKKIOFFCA48CA,1,1,0,108,340276.92307692306,80.36923076923077,255.96923076923076,1,0,0,0,0,0,0,0,0,0,0,0,0,1,0,0,0,25.051126,121.5254142,0,20,20,9,10,20,0,0,0,0
126,臺北市中山區林森北路133巷1~30號,20.38,4.0,3,35,64.9,4,0,4,0,8800000,135593,SPTOMLSKKIOFFCA58CA,1,1,0,108,417209.23076923075,62.707692307692305,199.6923076923077,1,0,0,0,0,0,0,0,0,0,0,0,0,1,0,0,0,25.051126,121.5254142,0,20,20,9,10,20,0,0,0,0
127,臺北市中山區民生東路三段31~60號,73.33,14.0,4,14,815.03,5,4,5,1,170000000,208581,RPWPMLRKKIOFFCA78CA,1,2,5,108,641787.6923076923,225.6307692307692,2507.7846153846153,1,0,0,0,0,0,0,0,0,0,0,0,1,0,0,0,0,25.0580663,121.539111,0,20,19,5,12,20,0,0,0,0
128,臺北市中山區新生北路三段1~30號,3.82,14.0,4,40,37.81,1,1,1,1,6550000,173235,RPRQMLTKKIOFFCA58CA,1,1,0,108,533030.7692307692,11.753846153846153,116.33846153846154,1,0,0,0,0,0,0,0,0,0,0,0,0,0,1,0,0,25.0628897,121.5281771,0,11,20,16,10,20,2,1,1,0
129,臺北市中山區中山區中原街1~30號,4.31,7.0,4,44,27.0,1,1,1,1,4500000,166667,RPTNMLPLKIOFFCA18CA,1,1,0,108,512821.53846153844,13.26153846153846,83.07692307692308,1,0,0,0,0,0,0,0,0,0,0,0,0,0,0,1,0,25.0551651,121.5289176,0,20,20,6,9,20,1,1,0,0
130,臺北市中山區民權東路一段61~90號,32.67,16.0,4,5,381.56,4,2,3,1,87080000,259424,RPROMLMJKIOFFCA57CA,1,1,2,108,798227.6923076923,100.52307692307693,1174.0307692307692,1,0,0,0,0,0,0,0,0,0,0,0,1,0,0,0,0,25.0629119,121.525043,0,20,20,20,13,20,2,2,1,1
131,臺北市中山區德惠街151~180號,19.81,7.0,4,36,106.36,3,2,2,0,17180000,161527,RPVNMLMJKIOFFCA87CA,1,1,0,108,497006.1538461538,60.95384615384615,327.26153846153846,1,0,0,0,0,0,0,0,0,0,0,0,0,0,0,1,0,25.0666858,121.5307668,0,4,18,4,12,12,0,0,0,1
132,臺北市中山區長春路361~390號,14.83,16.0,4,25,137.39,3,2,2,1,28280000,205837,RPVQMLTLJIOFFCA98CA,2,1,1,108,633344.6153846154,45.63076923076923,422.7384615384615,1,0,0,0,0,0,0,0,0,0,0,0,1,0,0,0,0,25.0545188,121.5461106,0,20,20,20,15,20,0,1,1,0
133,臺北市中山區樂群二路121~150號,47.09,10.0,4,21,155.69,3,2,2,1,23400000,150299,RPQNMLMJKIOFFCA37CA,1,1,1,108,462458.4615384615,144.8923076923077,479.0461538461538,1,0,0,0,0,0,0,0,0,0,0,0,0,0,0,1,0,25.0803028,121.5559193,0,9,8,3,7,18,1,1,0,0
134,臺北市中山區松江路271~300號,20.84,11.0,4,51,162.02,4,2,2,0,28800000,177756,RPVNMLPJKIOFFCA18CA,2,1,0,108,546941.5384615385,64.12307692307692,498.5230769230769,1,0,0,0,0,0,0,0,0,0,0,0,1,0,0,0,0,25.0598864,121.5334014,1,20,20,10,9,20,1,0,1,18
135,臺北市中山區林森北路91~120號,5.17,12.0,4,39,46.5,1,1,1,1,6000000,129032,RPQQMLQJKIOFFCA08CA,2,1,0,108,397021.53846153844,15.907692307692306,143.07692307692307,1,0,0,0,0,0,0,0,0,0,0,0,0,0,1,0,0,25.0500055,121.5249729,0,20,20,9,11,20,0,0,0,0
136,臺北市中山區新生北路一段91~120號,3.76,12.0,4,43,31.09,1,1,1,1,4100000,131875,RPTRMLNKKIOFFCA28CA,6,1,0,108,405769.23076923075,11.569230769230769,95.66153846153846,1,0,0,0,0,0,0,0,0,0,0,0,1,0,0,0,0,25.0463313,121.5323976,1,17,18,8,10,20,2,1,0,0
137,臺北市中山區吉林路199巷1~30號,57.0,4.0,4,49,168.26,5,2,3,0,24250000,144122,RPOPMLNJKIOFFCA57DA,1,1,0,108,443452.3076923077,175.3846153846154,517.7230769230769,1,0,0,0,0,0,0,0,0,0,0,0,0,1,0,0,0,25.0600039,121.5313158,0,20,20,12,12,20,0,0,1,8
138,臺北市中山區復興北路190巷1~30號,16.19,15.0,4,35,84.7,2,2,1,1,15800000,186541,RPWNMLQJKIOFFCA38CA,1,1,0,108,573972.3076923076,49.815384615384616,260.61538461538464,1,0,0,0,0,0,0,0,0,0,0,0,1,0,0,0,0,25.055574,121.543237,0,20,20,11,17,20,0,0,1,0
139,臺北市中山區農安街1~30號,21.02,11.0,4,21,207.44,4,2,2,1,36500000,175954,RPTPMLNJKIOFFCA97CA,1,1,2,108,541396.923076923,64.67692307692307,638.276923076923,1,0,0,0,0,0,0,0,0,0,0,0,1,0,0,0,0,25.0650285,121.523401,0,20,20,18,9,20,2,2,2,1
140,臺北市中山區農安街125巷1~30號,26.75,4.0,4,50,76.3,3,2,1,0,11700000,153342,RPUOMLOLKIOFFCA28CA,2,1,0,108,471821.53846153844,82.3076923076923,234.76923076923075,1,0,0,0,0,0,0,0,0,0,0,0,0,1,0,0,0,25.0650721,121.5299326,0,10,20,13,7,17,2,1,1,1
141,臺北市中山區林森北路451~480號,4.44,14.0,4,18,60.78,1,1,1,1,8600000,141494,RPOUMLNKKIOFFCA08CA,1,1,1,108,435366.1538461538,13.661538461538463,187.01538461538462,1,0,0,0,0,0,0,0,0,0,0,0,0,0,1,0,0,25.0605292,121.5257599,0,20,20,20,11,20,2,1,1,1
142,臺北市中山區建國北路二段258巷1~30號,26.81,7.0,4,44,137.79,5,0,5,0,22300000,161840,RPQNMLRLKIOFFCA08CA,1,1,0,108,497969.23076923075,82.49230769230769,423.9692307692307,1,0,0,0,0,0,0,0,0,0,0,0,0,0,0,1,0,25.0619183,121.5364888,0,17,20,10,9,20,0,0,1,19
143,臺北市中山區遼寧街211~240號,18.51,15.0,4,35,98.44999999999999,3,2,1,1,18500000,187913,RPVOMLPLKIOFFCA48CA,1,1,1,108,578193.8461538461,56.95384615384616,302.9230769230769,1,0,0,0,0,0,0,0,0,0,0,0,1,0,0,0,0,25.055327,121.542584,0,20,20,9,18,20,0,0,1,0
144,臺北市中山區北安路588巷30弄1~30號,33.23,9.0,4,27,147.76000000000002,3,2,2,1,30050000,203370,RPRNMLOJKIOFFCA67CA,1,1,1,108,625753.8461538461,102.24615384615383,454.6461538461539,1,0,0,0,0,0,0,0,0,0,0,0,0,0,0,1,0,25.0809434,121.5503148,0,16,13,3,8,15,2,0,1,0
145,臺北市中山區中山北路二段62巷1~30號,10.46,7.0,4,14,58.879999999999995,1,1,1,0,11850000,201257,RPSNMLOJKIOFFCA77CA,1,1,0,108,619252.3076923076,32.184615384615384,181.16923076923075,1,0,0,0,0,0,0,0,0,0,0,0,0,0,1,0,0,25.0567609,121.522381,0,20,20,16,9,20,0,0,2,1
146,臺北市中山區林森北路451~480號,3.59,10.0,4,25,32.4,0,1,1,1,5300000,163580,RPOOMLOJKIOFFCA47CA,1,1,0,108,503323.0769230769,11.046153846153846,99.69230769230768,1,0,0,0,0,0,0,0,0,0,0,0,0,0,1,0,0,25.0605292,121.5257599,0,20,20,20,11,20,2,1,1,1
147,臺北市中山區樂群二路211~240號,54.45,10.0,4,21,191.61,3,2,2,1,27750000,144825,RPSPMLNJKIOFFCA87CA,1,1,1,108,445615.3846153846,167.53846153846155,589.5692307692308,1,0,0,0,0,0,0,0,0,0,0,0,0,0,0,1,0,25.0805055,121.5594306,0,4,11,2,10,20,2,1,0,0
148,臺北市中山區雙城街13巷1~30號,24.34,11.0,4,8,199.57999999999998,3,2,3,1,36600000,185675,RPQRMLTJKIOFFCA48CA,1,1,1,108,571307.6923076923,74.8923076923077,614.0923076923076,1,0,0,0,0,0,0,0,0,0,0,0,1,0,0,0,0,25.06417,121.5245646,0,20,20,19,11,20,2,2,1,1
149,臺北市中山區雙城街3巷1~30號,6.0,15.0,4,26,41.72,1,1,1,1,7500000,179770,RPTRMLNJKIOFFCA18CA,1,1,0,108,553138.4615384615,18.46153846153846,128.36923076923077,1,0,0,0,0,0,0,0,0,0,0,0,0,0,1,0,0,25.0633663,121.5244776,0,20,20,20,11,20,2,2,2,1
150,臺北市中山區錦州街1~30號,9.31,10.0,4,38,84.25999999999999,2,2,1,1,13380000,158794,RPWSMLNJKIOFFCA68DA,1,1,0,108,488596.92307692306,28.646153846153847,259.2615384615384,1,0,0,0,0,0,0,0,0,0,0,0,0,0,0,1,0,25.0604415,121.5318562,0,20,20,13,12,20,0,0,1,15
151,臺北市中山區敬業一路128巷31~60號,12.79,7.0,4,13,46.900000000000006,1,1,1,1,10400000,221748,RPQNMLQKKIOFFCA97DA,1,1,0,108,682301.5384615384,39.35384615384615,144.30769230769232,1,0,0,0,0,0,0,0,0,0,0,0,0,0,1,0,0,25.0835087,121.5534435,0,15,11,1,6,20,0,0,1,0
152,臺北市中山區長安東路一段56巷1弄1~30號,15.72,7.0,4,12,76.09,3,2,1,1,15000000,197135,RPTNMLMKKHPFFCA87DA,1,1,1,108,606569.2307692308,48.36923076923077,234.12307692307692,1,0,0,0,0,0,0,0,0,0,0,0,0,0,0,1,0,25.0476704,121.5291837,1,18,20,9,8,20,1,2,0,0
153,臺北市中山區民權東路一段58巷1~30號,14.94,7.0,4,6,104.84,1,1,1,1,16680000,159100,RPQPMLMKKIOFFCA67CA,1,1,1,108,489538.4615384615,45.96923076923077,322.5846153846154,1,0,0,0,0,0,0,0,0,0,0,0,0,0,1,0,0,25.0623768,121.524698,0,20,20,20,11,20,2,1,1,2
154,臺北市中山區中山北路一段135巷1~30號,10.57,7.0,4,10,50.78,1,1,1,1,10000000,196928,RPOSMLKKKIOFFCA57CA,1,1,0,108,605932.3076923076,32.52307692307692,156.24615384615385,1,0,0,0,0,0,0,0,0,0,0,0,0,0,1,0,0,25.0513834,121.5227655,0,20,20,7,9,20,0,2,1,0
155,臺北市中山區德惠街31~60號,3.0,9.0,4,42,27.42,1,1,1,1,3000000,109409,RPROMLPJKIOFFCA87CA,1,1,0,108,336643.07692307694,9.23076923076923,84.36923076923077,1,0,0,0,0,0,0,0,0,0,0,0,0,0,1,0,0,25.0667707,121.5265786,0,11,20,15,15,20,2,0,1,1
156,臺北市中山區新生北路一段31~60號,12.71,14.0,4,33,155.34,3,2,2,1,27220000,175240,RPPNMLQJKIOFFCA67CA,1,1,1,108,539200.0,39.10769230769231,477.96923076923076,1,0,0,0,0,0,0,0,0,0,0,0,1,0,0,0,0,25.0472733,121.5310045,1,14,20,11,11,20,2,1,0,0
157,臺北市中山區中山北路一段105巷1~30號,37.87,4.0,4,44,161.98,6,0,6,0,25050000,154649,RPVPMLOJKIOFFCA28CA,1,1,0,108,475843.0769230769,116.52307692307691,498.4,1,0,0,0,0,0,0,0,0,0,0,0,0,1,0,0,0,25.050986,121.522477,0,20,20,7,9,20,0,2,1,0
158,臺北市中山區林森北路271~300號,6.04,12.0,4,44,77.56,2,2,1,1,9300000,119907,RPPOMLTJKIOFFCA08CA,2,1,0,108,368944.6153846154,18.584615384615383,238.64615384615385,1,0,0,0,0,0,0,0,0,0,0,0,1,0,0,0,0,25.0551668,121.5256069,0,20,20,12,9,20,1,0,0,0
159,臺北市中山區建國北路三段61~90號,8.45,14.0,4,6,84.72,0,0,0,1,19100000,230336,RPUNMLKLKIOFFCA77CA,2,1,1,108,708726.1538461539,25.999999999999996,260.67692307692306,1,0,0,0,0,0,0,0,0,0,0,0,1,0,0,0,0,25.0647501,121.537375,0,6,18,2,4,18,1,0,0,20
160,臺北市中山區建國北路三段61~90號,12.3,14.0,4,6,123.3,0,0,0,1,26900000,242769,RPRNMLKLKIOFFCA47CA,2,1,1,108,746981.5384615384,37.84615384615385,379.38461538461536,1,0,0,0,0,0,0,0,0,0,0,0,1,0,0,0,0,25.0647501,121.537375,0,6,18,2,4,18,1,0,0,20
161,臺北市中山區市民大道二段67巷31~60號,23.88,4.0,3,51,59.39,1,0,1,0,9270000,156087,RPPPMLKLKIOFFCA47CA,1,1,0,108,480267.6923076923,73.47692307692307,182.73846153846154,1,0,0,0,0,0,0,0,0,0,0,0,0,0,1,0,0,25.047487,121.5286456,1,16,20,7,6,20,1,1,0,0
162,臺北市中山區中山北路二段27巷1~30號,28.38,12.0,4,4,216.63,3,2,2,1,65730000,363005,RPPQMLOLKIOFFCA97CA,1,1,1,108,1116938.4615384615,87.32307692307691,666.5538461538462,1,0,0,0,0,0,0,0,0,0,0,0,1,0,0,0,0,25.0532749,121.5232266,0,20,20,5,10,20,0,2,1,0
163,臺北市中山區新生北路二段31~60號,9.69,7.0,4,45,62.92,2,1,2,1,10500000,166879,RPTNMLTKKIOFFCA48CA,1,1,0,108,513473.8461538461,29.815384615384612,193.6,1,0,0,0,0,0,0,0,0,0,0,0,0,0,0,1,0,25.0542013,121.5278274,0,20,20,9,11,20,1,1,0,0
164,臺北市中山區新生北路三段61~90號,2.41,10.0,4,42,20.93,1,1,1,1,3650000,174391,RPSPMLTJKIOFFCA48CA,4,1,0,108,536587.6923076923,7.415384615384616,64.39999999999999,1,0,0,0,0,0,0,0,0,0,0,0,0,0,1,0,0,25.0659966,121.5280981,0,12,20,14,14,20,2,1,1,1
165,臺北市中山區中山北路二段91~120號,7.24,14.0,4,2,87.74000000000001,2,1,1,1,25700000,332288,RPPPMLKKKIOFFCA37CA,2,1,1,105,1022424.6153846154,22.276923076923076,269.96923076923076,1,0,0,0,0,0,0,0,0,0,0,0,1,0,0,0,0,25.059308,121.523262,0,20,20,19,10,20,0,1,2,1
166,臺北市中山區林森北路119巷61~90號,17.65,12.0,4,33,148.14,4,2,2,1,23750000,160321,RPRQMLNKKIOFFCA08DA,1,1,0,108,493295.3846153846,54.3076923076923,455.8153846153846,1,0,0,0,0,0,0,0,0,0,0,0,1,0,0,0,0,25.0504074,121.5271956,0,20,20,9,8,20,2,2,0,0
167,臺北市中山區龍江路155巷1~30號,5.68,10.0,4,32,48.089999999999996,1,1,1,1,9500000,197546,RPRRMLRKKIOFFCA58DA,3,1,0,108,607833.8461538461,17.476923076923075,147.96923076923076,1,0,0,0,0,0,0,0,0,0,0,0,0,0,1,0,0,25.0543398,121.5407322,0,20,20,6,17,20,1,0,1,0
168,臺北市中山區松江路184巷26弄1~30號,11.34,9.0,4,13,65.63,2,1,2,1,16180000,246534,RPVPMLTJKIOFFCA78CA,2,1,0,108,758566.1538461539,34.89230769230769,201.93846153846152,1,0,0,0,0,0,0,0,0,0,0,0,0,0,0,1,0,25.056815,121.5309667,1,20,20,10,9,20,2,2,1,0
169,臺北市中山區民生東路二段91~120號,9.71,7.0,4,45,58.77,2,1,1,1,12300000,209290,RPQOMLTJKIOFFCA18CA,1,1,0,108,643969.2307692308,29.876923076923077,180.83076923076922,1,0,0,0,0,0,0,0,0,0,0,0,0,0,0,1,0,25.0580937,121.5308511,1,20,20,11,10,20,2,0,1,0
170,臺北市中山區新生北路二段61~90號,2.13,12.0,4,41,26.24,1,1,1,1,3805000,145008,RPSNMLTKKIOFFCA38CA,1,1,0,108,446178.4615384615,6.553846153846154,80.73846153846154,1,0,0,0,0,0,0,0,0,0,0,0,0,0,1,0,0,25.0562845,121.5277511,0,20,20,9,13,20,1,0,0,0
171,臺北市中山區雙城街46巷1~30號,18.17,8.0,4,25,72.98,1,2,1,0,12300000,168539,RPPNMLMLKIOFFCA47CA,1,1,0,108,518581.53846153844,55.90769230769231,224.55384615384617,1,0,0,0,0,0,0,0,0,0,0,0,0,0,0,1,0,25.0676057,121.5241331,0,11,17,15,15,18,1,1,0,1
172,臺北市中山區吉林路393巷1~30號,29.5,4.0,4,49,80.34,3,1,1,0,10000000,124471,RPSTMLNKKIOFFCA38CA,1,1,0,108,382987.6923076923,90.76923076923076,247.2,1,0,0,0,0,0,0,0,0,0,0,0,0,1,0,0,0,25.0657621,121.530701,0,9,20,5,9,14,2,0,0,3
173,臺北市中山區南京東路一段31~60號,7.32,14.0,4,10,100.15,1,1,1,1,22700000,226660,RPSQMLQKKIOFFCA38CA,1,1,1,108,697415.3846153846,22.523076923076925,308.1538461538462,1,0,0,0,0,0,0,0,0,0,0,0,1,0,0,0,0,25.0521826,121.5264417,0,20,20,9,7,20,2,1,0,0
174,臺北市中山區興安街61~90號,4.69,15.0,4,35,22.89,3,2,2,1,2450000,107034,RPOOMLPLKIOFFCA77CA,1,1,0,108,329335.3846153846,14.430769230769231,70.43076923076923,1,0,0,0,0,0,0,0,0,0,0,0,1,0,0,0,0,25.0562445,121.5425052,0,20,20,9,14,20,0,0,0,0
175,臺北市中山區中山北路一段105巷1~30號,11.71,7.0,4,39,89.71000000000001,2,1,1,1,14900000,166091,RPPQMLTJKIOFFCA28CA,1,1,0,108,511049.23076923075,36.03076923076923,276.03076923076924,1,0,0,0,0,0,0,0,0,0,0,0,0,0,0,1,0,25.050986,121.522477,0,20,20,7,9,20,0,2,1,0
176,臺北市中山區吉林路14巷1~30號,783.0,6.0,4,45,3336.51,0,0,0,1,710000000,212797,RPQPMLKKKIOFFCA47CA,1,25,0,108,654760.0,2409.230769230769,10266.184615384616,1,0,0,0,0,0,0,0,0,0,0,0,0,0,0,1,0,25.0506393,121.5297769,1,20,20,12,10,20,2,2,1,0
177,臺北市中山區建國北路一段121~150號,4.23,13.0,4,11,32.57,1,1,1,1,9000000,276328,RPVOMLKKKIOFFCA87CA,1,1,0,108,850240.0,13.015384615384617,100.21538461538461,1,0,0,0,0,0,0,0,0,0,0,0,0,0,1,0,0,25.0515458,121.5370066,1,20,20,12,10,20,1,3,1,0
178,臺北市中山區德惠街31~60號,3.0,9.0,4,42,27.42,1,1,1,1,4050000,147702,RPWNMLLKKIOFFCA97CA,1,1,0,108,454467.6923076923,9.23076923076923,84.36923076923077,1,0,0,0,0,0,0,0,0,0,0,0,0,0,1,0,0,25.0667707,121.5265786,0,11,20,15,15,20,2,0,1,1
179,臺北市中山區龍江路179巷1~30號,38.75,4.0,4,50,109.38,5,1,2,0,16100000,147193,RPTRMLKKKIOFFCA97CA,2,2,0,108,452901.53846153844,119.23076923076923,336.5538461538461,1,0,0,0,0,0,0,0,0,0,0,0,0,1,0,0,0,25.055136,121.540983,0,20,20,5,16,20,0,0,1,0
180,臺北市中山區合江街17巷1~30號,9.23,7.0,4,28,35.75,1,1,1,1,8000000,223776,RPSOMLLKKIOFFCA67CA,1,1,0,108,688541.5384615384,28.4,110.0,1,0,0,0,0,0,0,0,0,0,0,0,0,0,1,0,0,25.0551933,121.5393106,1,20,20,4,16,20,0,2,0,0
181,臺北市中山區北安路661~690號,8.51,7.0,4,4,49.94,2,1,1,1,10000000,200240,RPWOMLOJKHPFFCA28CA,2,1,1,108,616123.0769230769,26.184615384615384,153.66153846153844,1,0,0,0,0,0,0,0,0,0,0,0,0,0,0,1,0,25.08484,121.549266,0,14,9,1,7,13,0,0,0,0
182,臺北市中山區遼寧街101巷1~30號,19.0,7.0,4,16,73.06,2,1,1,1,17550000,240214,RPRPMLSKKIOFFCA48DA,1,1,0,108,739120.0,58.46153846153846,224.8,1,0,0,0,0,0,0,0,0,0,0,0,0,0,0,1,0,25.0504201,121.5423742,0,20,20,12,9,20,2,3,1,0
183,臺北市中山區中山北路一段105巷1~30號,5.44,10.0,4,20,36.089999999999996,2,1,1,1,6580000,182322,RPRRMLOLKIOFFCA38DA,1,1,0,108,560990.7692307692,16.73846153846154,111.04615384615383,1,0,0,0,0,0,0,0,0,0,0,0,0,0,0,1,0,25.050986,121.522477,0,20,20,7,9,20,0,2,1,0
184,臺北市中山區中山北路二段116巷31~60號,35.57,5.0,4,36,119.68,4,3,2,0,26000000,217246,RPVQMLNKKIOFFCA38CA,8,2,0,108,668449.2307692308,109.44615384615385,368.24615384615385,1,0,0,0,0,0,0,0,0,0,0,0,0,1,0,0,0,25.0610609,121.5214263,0,20,20,20,13,20,1,1,2,1
185,臺北市中山區龍江路397巷31~60號,29.1,5.0,4,40,103.72,3,2,2,0,16300000,157154,RPTQMLLKKIOFFCA97CA,1,1,0,108,483550.7692307692,89.53846153846153,319.1384615384615,1,0,0,0,0,0,0,0,0,0,0,0,0,1,0,0,0,25.0656283,121.5427689,0,10,16,1,3,7,1,1,0,0
186,臺北市中山區林森北路391~420號,7.65,12.0,4,39,97.59,2,2,1,0,11880000,121734,RPTQMLKKKIOFFCA87CA,1,1,0,108,374566.1538461538,23.53846153846154,300.2769230769231,1,0,0,0,0,0,0,0,0,0,0,0,1,0,0,0,0,25.0587529,121.5256823,0,20,20,16,10,20,0,1,1,1
187,臺北市中山區大直街34巷1~30號,20.75,4.0,3,51,49.53,2,2,1,0,9600000,193822,RPOQMLKKKIOFFCA37CA,1,1,0,108,596375.3846153846,63.84615384615385,152.4,1,0,0,0,0,0,0,0,0,0,0,0,0,1,0,0,0,25.0817465,121.5459921,0,5,10,1,7,3,2,1,1,0
188,臺北市中山區明水路361~390號,33.94,15.0,4,25,188.78,3,2,2,1,48000000,254251,RPRNMLLKKIOFFCA47CA,1,1,1,108,782310.7692307692,104.43076923076922,580.8615384615384,1,0,0,0,0,0,0,0,0,0,0,0,1,0,0,0,0,25.0776539,121.5452,0,0,4,1,6,5,2,2,1,0
189,臺北市中山區合江街70巷1~30號,22.4,5.0,4,42,75.96,7,0,7,0,11500000,151395,RPORMLTJJHPFFCA18CA,1,1,0,108,465830.7692307692,68.92307692307692,233.7230769230769,1,0,0,0,0,0,0,0,0,0,0,0,0,1,0,0,0,25.0569791,121.5389599,1,18,18,3,18,20,0,2,0,0
190,臺北市中山區民生東路一段1~30號,3.31,12.0,4,41,44.510000000000005,1,1,1,1,5800000,130308,RPTRMLQKKIOFFCA58CA,1,1,0,108,400947.6923076923,10.184615384615384,136.95384615384617,1,0,0,0,0,0,0,0,0,0,0,0,0,0,1,0,0,25.0579831,121.5250958,0,20,20,16,12,20,0,1,1,1
191,臺北市中山區中山北路一段83巷31~60號,16.27,15.0,4,13,168.7,3,2,2,1,31000000,183758,RPSPMLRKKIOFFCA38CA,2,1,1,108,565409.2307692308,50.06153846153846,519.076923076923,1,0,0,0,0,0,0,0,0,0,0,0,1,0,0,0,0,25.0500512,121.5243787,0,20,20,9,11,20,0,0,1,0
192,臺北市中山區林森北路399巷1~30號,2.56,13.0,4,37,27.220000000000002,3,2,2,1,3000000,110213,RPWQMLSKKIOFFCA98CA,3,1,0,108,339116.92307692306,7.8769230769230765,83.75384615384615,1,0,0,0,0,0,0,0,0,0,0,0,1,0,0,0,0,25.059267,121.5256771,0,20,20,20,11,20,2,1,1,1
193,臺北市中山區建國北路三段61~90號,8.08,14.0,4,6,81.05,1,1,1,1,20000000,246761,RPVOMLQKKIOFFCA48CA,2,1,0,108,759264.6153846154,24.861538461538462,249.38461538461536,1,0,0,0,0,0,0,0,0,0,0,0,0,0,1,0,0,25.0647501,121.537375,0,6,18,2,4,18,1,0,0,20
194,臺北市中山區復興北路514巷31~60號,27.75,4.0,4,45,97.52,4,2,2,0,15000000,153815,RPOQMLLMKIOFFCA67CA,1,1,0,108,473276.92307692306,85.38461538461539,300.0615384615384,1,0,0,0,0,0,0,0,0,0,0,0,0,1,0,0,0,25.0660734,121.5428334,0,8,14,1,3,5,1,1,0,0
195,臺北市中山區德惠街31~60號,8.0,9.0,4,42,64.24000000000001,2,1,1,1,12500000,194583,RPWPMLNJJHPFFCA18CA,1,2,0,108,598716.923076923,24.615384615384613,197.66153846153847,1,0,0,0,0,0,0,0,0,0,0,0,0,0,0,1,0,25.0667707,121.5265786,0,11,20,15,15,20,2,0,1,1
196,臺北市中山區松江路150巷1~30號,56.75,4.0,4,50,173.65,5,2,2,0,33000000,190037,RPORMLSJJHPFFCA08CA,1,1,0,108,584729.2307692308,174.6153846153846,534.3076923076923,1,0,0,0,0,0,0,0,0,0,0,0,0,1,0,0,0,25.0541363,121.5322944,1,20,20,9,11,20,2,4,1,0
197,臺北市中山區中山北路一段83巷1~30號,6.09,5.0,4,34,37.86,1,1,1,1,6480000,171157,RPSQMLLKKIOFFCA87CA,1,1,0,108,526636.923076923,18.738461538461536,116.49230769230769,1,0,0,0,0,0,0,0,0,0,0,0,0,0,1,0,0,25.0504647,121.5225109,0,20,20,7,9,20,0,2,1,0
198,臺北市中山區錦州街421~450號,31.0,5.0,4,42,109.98,3,2,2,0,16650000,151391,RPTQMLMKKIOFFCA08CA,1,1,0,108,465818.4615384615,95.38461538461539,338.4,1,0,0,0,0,0,0,0,0,0,0,0,0,1,0,0,0,25.0603739,121.5422127,0,20,20,7,7,18,1,2,1,0
199,臺北市中山區農安街125巷31~60號,19.45,7.0,4,3,87.97,1,1,1,1,17800000,214477,RPOOMLNJKHPFFCA37CA,1,1,1,108,659929.2307692308,59.84615384615384,270.67692307692306,1,0,0,0,0,0,0,0,0,0,0,0,0,0,0,1,0,25.065936,121.5299649,0,10,20,7,11,14,2,0,0,1
200,臺北市中山區建國北路二段1~30號,11.22,14.0,4,15,88.77,1,1,1,1,16600000,225614,RPUNMLPKKIOFFCA28DA,2,1,1,108,694196.923076923,34.52307692307692,273.1384615384615,1,0,0,0,0,0,0,0,0,0,0,0,0,0,1,0,0,25.0523809,121.5371887,1,20,20,8,10,20,2,3,1,0
201,臺北市中山區松江路1~30號,4.17,15.0,4,25,43.919999999999995,1,1,1,1,8500000,193534,RPPNMLRKKIOFFCA97DA,2,1,0,108,595489.2307692308,12.83076923076923,135.1384615384615,1,0,0,0,0,0,0,0,0,0,0,0,0,0,1,0,0,25.045864,121.5331196,1,15,18,6,8,20,1,1,1,0
202,臺北市中山區錦州街361~390號,14.69,7.0,4,37,81.23,2,1,1,1,15800000,194509,RPUPMLMKKIOFFCA18DA,1,1,0,108,598489.2307692308,45.199999999999996,249.93846153846155,1,0,0,0,0,0,0,0,0,0,0,0,0,0,0,1,0,25.060485,121.540114,0,20,20,6,9,20,1,1,1,7
203,臺北市中山區敬業三路161巷1~30號,79.18,8.0,4,21,272.35,4,2,2,1,60000000,283344,RPQNMLOKKIOFFCA77DA,1,1,2,108,871827.6923076923,243.63076923076923,838.0,1,0,0,0,0,0,0,0,0,0,0,0,0,0,0,1,0,25.0794229,121.555967,0,9,8,3,6,14,1,1,0,0
204,臺北市中山區敬業三路162巷91~120號,47.09,10.0,4,21,155.26999999999998,3,2,2,1,25500000,164230,RPXOMLKLKIOFFCA28DA,1,1,1,108,505323.0769230769,144.8923076923077,477.7538461538461,1,0,0,0,0,0,0,0,0,0,0,0,0,0,0,1,0,25.079015,121.55907,0,3,7,2,9,15,2,1,0,0
205,臺北市中山區長安東路二段91~120號,11.14,13.0,4,3,125.49,2,2,2,1,29500000,235078,RPVOMLLMKIOFFCA28DA,3,1,1,108,723316.923076923,34.276923076923076,386.1230769230769,1,0,0,0,0,0,0,0,0,0,0,0,1,0,0,0,0,25.0484276,121.5347191,1,20,19,11,9,20,1,2,1,0
206,臺北市中山區錦州街23巷1~30號,5.7,14.0,4,6,55.010000000000005,1,1,1,1,11450000,208144,RPPNMLNKKIOFFCA47CA,1,1,0,108,640443.0769230769,17.53846153846154,169.26153846153846,1,0,0,0,0,0,0,0,0,0,0,0,1,0,0,0,0,25.0606662,121.5252036,0,20,20,20,12,20,2,1,1,1
207,臺北市中山區樂群二路151~180號,47.09,8.0,4,21,155.66,3,2,2,1,25180000,161763,RPTNMLNKKIOFFCA87CA,1,1,1,108,497732.3076923077,144.8923076923077,478.95384615384614,1,0,0,0,0,0,0,0,0,0,0,0,0,0,0,1,0,25.0802656,121.557391,0,4,8,3,7,16,1,1,0,0
208,臺北市中山區雙城街3巷1~30號,5.11,15.0,4,26,34.47,0,0,0,1,6360000,184508,RPRPMLNKKIOFFCA87CA,1,1,0,108,567716.923076923,15.723076923076924,106.06153846153846,1,0,0,0,0,0,0,0,0,0,0,0,0,0,1,0,0,25.0633663,121.5244776,0,20,20,20,11,20,2,2,2,1
209,臺北市中山區北安路458巷47弄31~60號,30.99,5.0,4,40,113.97,4,0,4,0,20630000,181013,RPPOMLNKKIOFFCA57CA,1,1,0,108,556963.0769230769,95.35384615384615,350.67692307692306,1,0,0,0,0,0,0,0,0,0,0,0,0,1,0,0,0,25.0783148,121.5460282,0,1,7,1,6,1,2,2,1,0
210,臺北市中山區中山北路二段77巷1~30號,6.74,5.0,4,44,35.11,0,0,0,0,5000000,142410,RPTOMLSJJHPFFCA28CA,1,1,0,108,438184.6153846154,20.73846153846154,108.03076923076922,1,0,0,0,0,0,0,0,0,0,0,0,0,1,0,0,0,25.0576596,121.5230491,0,20,20,17,10,20,0,0,1,1
211,臺北市中山區吉林路218巷1~30號,99.0,2.0,3,35,177.52,6,6,6,0,39000000,219694,RPRRMLTJJHPFFCA48CA,1,2,0,108,675981.5384615384,304.6153846153846,546.2153846153847,1,0,0,0,0,0,0,0,0,0,0,0,0,0,0,0,1,25.0590319,121.5298733,0,20,20,12,11,20,0,1,1,0
212,臺北市中山區林森北路85巷66弄1~30號,14.24,5.0,4,37,52.61,1,1,1,0,9080000,172591,RPORMLKKJHPFFCA37CA,1,1,0,108,531049.2307692308,43.815384615384616,161.87692307692308,1,0,0,0,0,0,0,0,0,0,0,0,0,1,0,0,0,25.0490831,121.5272081,1,18,20,8,11,20,1,2,0,0
213,臺北市中山區復興北路421~450號,7.39,12.0,4,13,43.54,1,1,1,1,10080000,231511,RPRNMLMJJHPFFCA37CA,2,1,1,108,712341.5384615384,22.738461538461536,133.96923076923076,1,0,0,0,0,0,0,0,0,0,0,0,0,0,1,0,0,25.0632342,121.5444647,0,20,19,5,4,6,1,2,1,0
214,臺北市中山區松江路108巷1~30號,7.98,5.0,4,26,36.49,1,1,1,1,7400000,202795,RPORMLSKKIOFFCA28CA,1,1,0,108,623984.6153846154,24.553846153846155,112.27692307692308,1,0,0,0,0,0,0,0,0,0,0,0,0,0,1,0,0,25.0512904,121.531804,0,20,20,13,11,20,2,2,1,0
215,臺北市中山區吉林路343巷1~30號,31.95,5.0,4,41,110.08,3,2,2,0,10000000,90843,RPVNMLTKKIOFFCA68CA,1,1,0,108,279516.92307692306,98.3076923076923,338.7076923076923,1,0,0,0,0,0,0,0,0,0,0,0,0,1,0,0,0,25.064264,121.5313774,0,9,20,6,9,17,1,0,0,15
216,臺北市中山區新生北路二段127巷31~60號,90.0,3.0,3,54,221.19,4,2,2,0,41880000,189339,RPPTMLNKKIOFFCA08CA,1,1,0,108,582581.5384615385,276.9230769230769,680.5846153846154,1,0,0,0,0,0,0,0,0,0,0,0,0,0,0,0,1,25.0599131,121.5294355,0,20,20,11,11,20,0,1,2,0
217,臺北市中山區雙城街13巷1~30號,7.29,15.0,4,9,115.02000000000001,1,1,1,1,22000000,191271,RPQTMLNKKIOFFCA18CA,1,1,1,108,588526.1538461539,22.43076923076923,353.90769230769234,1,0,0,0,0,0,0,0,0,0,0,0,1,0,0,0,0,25.06417,121.5245646,0,20,20,19,11,20,2,2,1,1
218,臺北市中山區興安街61~90號,23.42,14.0,4,35,115.11,2,2,1,1,22700000,197203,RPPOMLQKKIOFFCA87CA,1,1,0,108,606778.4615384615,72.06153846153846,354.18461538461537,1,0,0,0,0,0,0,0,0,0,0,0,1,0,0,0,0,25.0562445,121.5425052,0,20,20,9,14,20,0,0,0,0
219,臺北市中山區新生北路二段28巷1~30號,21.41,15.0,4,32,196.57,4,2,2,1,34500000,175510,RPVPMLRKKIOFFCA68CA,1,1,0,108,540030.7692307692,65.87692307692308,604.8307692307692,1,0,0,0,0,0,0,0,0,0,0,0,1,0,0,0,0,25.0540468,121.5271134,0,20,20,9,10,20,1,1,0,0
220,臺北市中山區錦州街31~60號,2.82,13.0,4,37,31.01,1,1,1,1,4050000,130603,RPWNMLPLKIOFFCA48CA,1,1,0,108,401855.3846153846,8.676923076923076,95.41538461538461,1,0,0,0,0,0,0,0,0,0,0,0,0,0,1,0,0,25.0604245,121.5264838,0,20,20,20,9,20,2,1,1,1
221,臺北市中山區北安路811~840號,6.18,14.0,4,11,86.28,0,0,0,1,14000000,162262,RPWNMLLKJHPFFCA87CA,2,1,1,108,499267.6923076923,19.015384615384615,265.4769230769231,1,0,0,0,0,0,0,0,0,0,0,0,0,0,1,0,0,25.085196,121.5554409,0,6,6,1,4,18,1,0,1,0
222,臺北市中山區新生北路三段56巷1~30號,3.81,12.0,4,40,40.0,1,1,1,1,6500000,162500,RPPSMLNKKIOFFCA97CA,1,1,0,108,500000.0,11.723076923076922,123.07692307692307,1,0,0,0,0,0,0,0,0,0,0,0,1,0,0,0,0,25.0654685,121.5273556,0,15,20,16,12,20,2,1,1,1
223,臺北市中山區八德路二段301~330號,35.37,13.0,4,3,219.4,0,0,0,1,54500000,289027,RPVRMLOLKHPFFCA68CA,1,1,1,108,889313.8461538461,108.83076923076922,675.0769230769231,1,0,0,0,0,0,0,0,0,0,0,0,1,0,0,0,0,25.047332,121.542483,0,20,20,7,11,20,3,2,0,0
224,臺北市中山區長安西路1~30號,9.37,11.0,4,24,64.78999999999999,1,1,2,0,12880000,198796,RPVNMLOLKIOFFCA38DA,2,1,0,108,611680.0,28.830769230769228,199.35384615384612,1,0,0,0,0,0,0,0,0,0,0,0,1,0,0,0,0,25.0500203,121.5213635,0,20,20,8,7,20,0,2,1,0
225,臺北市中山區龍江路286巷1~30號,42.5,4.0,4,46,121.34,4,2,2,0,21800000,179660,RPPNMLQLKIOFFCA97DA,1,1,0,108,552800.0,130.76923076923077,373.3538461538462,1,0,0,0,0,0,0,0,0,0,0,0,0,1,0,0,0,25.061142,121.5401599,0,20,20,7,7,20,1,1,1,11
226,臺北市中山區民生東路一段27巷1~30號,12.52,12.0,4,21,89.82,2,2,1,1,15400000,171473,RPVTMLNKKIOFFCA78DA,1,1,1,108,527609.2307692308,38.52307692307692,276.36923076923074,1,0,0,0,0,0,0,0,0,0,0,0,1,0,0,0,0,25.058287,121.5249513,0,20,20,16,13,20,0,1,1,1
227,臺北市中山區龍江路391~420號,24.5,4.0,4,43,65.35,2,2,1,0,10000000,153022,RPQRMLQKKIOFFCA38DA,1,1,0,108,470836.92307692306,75.38461538461539,201.07692307692307,1,0,0,0,0,0,0,0,0,0,0,0,0,1,0,0,0,25.0652991,121.5411137,0,10,15,2,4,9,1,1,0,0
228,臺北市中山區明水路397巷7弄61~90號,27.88,13.0,4,28,157.99,3,2,2,1,11600000,73422,RPXQMLOKJHPFFCA58CA,1,2,1,108,225913.84615384616,85.78461538461538,486.12307692307695,1,0,0,0,0,0,0,0,0,0,0,0,1,0,0,0,0,25.0789085,121.5510338,0,11,7,2,9,11,2,0,1,0
229,臺北市中山區中原街1~30號,4.92,7.0,4,44,30.3,0,0,0,1,4500000,148515,RPXNMLQLKIOFFCA68CA,1,1,0,108,456969.23076923075,15.138461538461538,93.23076923076923,1,0,0,0,0,0,0,0,0,0,0,0,0,0,0,1,0,25.0551651,121.5289176,0,20,20,6,9,20,1,1,0,0
230,臺北市中山區新生北路三段31~60號,3.17,12.0,4,39,32.31,0,0,0,1,4800000,148561,RPSNMLRKKIOFFCA18CA,1,1,0,108,457110.7692307692,9.753846153846153,99.41538461538462,1,0,0,0,0,0,0,0,0,0,0,0,0,0,1,0,0,25.0646869,121.5280576,0,13,20,16,15,20,2,1,1,1
231,臺北市中山區民生西路1~30號,5.37,12.0,4,41,48.97,1,0,1,1,9400000,191954,RPTQMLRKKIOFFCA58CA,3,1,0,108,590627.6923076923,16.52307692307692,150.67692307692306,1,0,0,0,0,0,0,0,0,0,0,0,0,0,1,0,0,25.0575097,121.5210039,0,20,20,16,12,20,0,0,1,1
232,臺北市中山區農安街1~30號,3.31,14.0,4,12,56.58,1,1,1,1,11000000,194415,RPPNMLSKKIOFFCA97CA,1,1,0,108,598200.0,10.184615384615384,174.09230769230768,1,0,0,0,0,0,0,0,0,0,0,0,0,0,1,0,0,25.0650285,121.523401,0,20,20,18,9,20,2,2,2,1
233,臺北市中山區新生北路二段31~60號,13.52,7.0,4,45,82.27,3,2,2,1,13000000,158016,RPRNMLSKKIOFFCA18CA,1,1,0,108,486203.0769230769,41.599999999999994,253.1384615384615,1,0,0,0,0,0,0,0,0,0,0,0,0,0,0,1,0,25.0542013,121.5278274,0,20,20,9,11,20,1,1,0,0
234,臺北市中山區林森北路557巷1~30號,12.82,9.0,4,11,103.97999999999999,0,1,1,1,15000000,144259,RPVQMLSKKIOFFCA88CA,1,1,1,108,443873.8461538461,39.44615384615385,319.9384615384615,1,0,0,0,0,0,0,0,0,0,0,0,0,0,0,1,0,25.0644594,121.5261597,0,20,20,17,14,20,2,2,1,1
235,臺北市中山區新生北路二段68巷1~30號,2.28,12.0,4,13,24.66,1,1,1,1,4960000,201135,RPQRMLSKKIOFFCA48CA,1,1,0,108,618876.923076923,7.015384615384614,75.87692307692308,1,0,0,0,0,0,0,0,0,0,0,0,0,0,1,0,0,25.056497,121.526841,0,20,20,11,11,20,1,0,0,0
236,臺北市中山區中山北路二段77巷31~60號,3.68,12.0,4,42,43.1,1,1,1,1,6500000,150812,RPRNMLTKKIOFFCA28CA,1,1,0,108,464036.92307692306,11.323076923076924,132.6153846153846,1,0,0,0,0,0,0,0,0,0,0,0,1,0,0,0,0,25.0575632,121.5244755,0,20,20,16,11,20,0,0,1,1
237,臺北市中山區吉林路343巷31~60號,44.5,4.0,4,49,100.42,5,0,5,0,17630000,175563,RPROMLTKKIOFFCA38CA,1,1,0,108,540193.8461538461,136.9230769230769,308.9846153846154,1,0,0,0,0,0,0,0,0,0,0,0,0,1,0,0,0,25.0643926,121.5320954,0,8,20,7,8,19,0,0,0,20
238,臺北市中山區錦州街30巷1~30號,15.61,10.0,4,42,134.9,3,2,2,1,18000000,133432,RPQQMLLMKIOFFCA87CA,1,1,0,108,410560.0,48.03076923076923,415.0769230769231,1,0,0,0,0,0,0,0,0,0,0,0,0,0,0,1,0,25.0601539,121.5249221,0,20,20,20,11,20,2,1,1,1
239,臺北市中山區八德路二段301~330號,50.89,13.0,4,3,298.05,4,2,2,1,85090000,319582,RPPPMLOLKHPFFCA87CA,1,1,1,108,983329.2307692308,156.58461538461538,917.0769230769231,1,0,0,0,0,0,0,0,0,0,0,0,1,0,0,0,0,25.047332,121.542483,0,20,20,7,11,20,3,2,0,0
240,臺北市中山區農安街121~150號,11.99,7.0,4,38,65.34,3,2,2,0,10000000,153046,RPOQMLKLKIOFFCA57DA,1,1,0,108,470910.7692307692,36.89230769230769,201.04615384615386,1,0,0,0,0,0,0,0,0,0,0,0,0,0,0,1,0,25.0649589,121.5297066,0,10,20,13,7,19,2,1,1,1
241,臺北市中山區新生北路二段31~60號,10.22,12.0,4,44,76.68,1,1,1,1,12000000,156495,RPRRMLSKKIOFFCA68DA,11,1,0,108,481523.0769230769,31.446153846153848,235.93846153846155,1,0,0,0,0,0,0,0,0,0,0,0,0,0,1,0,0,25.0542013,121.5278274,0,20,20,9,11,20,1,1,0,0
242,臺北市中山區新生北路二段61~90號,17.94,12.0,4,37,127.05,3,2,2,1,23000000,181031,RPPNMLLLKIOFFCA47DA,2,1,0,108,557018.4615384615,55.2,390.9230769230769,1,0,0,0,0,0,0,0,0,0,0,0,1,0,0,0,0,25.0562845,121.5277511,0,20,20,9,13,20,1,0,0,0
243,臺北市中山區林森北路121~150號,1.99,15.0,4,13,25.3,0,1,1,1,5100000,201581,RPOQMLOLKIOFFCA97DA,1,1,0,108,620249.2307692308,6.123076923076923,77.84615384615384,1,0,0,0,0,0,0,0,0,0,0,0,0,0,1,0,0,25.0507481,121.5252106,0,20,20,10,10,20,0,0,0,0
244,臺北市中山區松江路541~570號,6.92,6.0,4,25,34.2,1,1,1,1,4600000,134503,RPQNMLKMKIOFFCA47CA,4,1,0,108,413855.3846153846,21.29230769230769,105.23076923076924,1,0,0,0,0,0,0,0,0,0,0,0,0,0,0,1,0,25.0698489,121.533873,0,1,3,0,5,5,2,0,0,1
245,臺北市中山區南京東路二段115巷3弄1~30號,27.0,3.0,3,35,70.89,3,3,3,0,15380000,216956,RPPRMLTKKIOFFCA48CA,1,1,0,108,667556.923076923,83.07692307692308,218.12307692307692,1,0,0,0,0,0,0,0,0,0,0,0,0,1,0,0,0,25.0533095,121.533978,1,20,20,9,11,20,2,4,1,0
246,臺北市中山區林森北路399巷1~30號,2.56,13.0,4,37,27.220000000000002,3,2,2,1,3000000,110213,RPWPMLKLKIOFFCA18CA,3,1,0,108,339116.92307692306,7.8769230769230765,83.75384615384615,1,0,0,0,0,0,0,0,0,0,0,0,1,0,0,0,0,25.059267,121.5256771,0,20,20,20,11,20,2,1,1,1
247,臺北市中山區龍江路120巷1~30號,0.0,11.0,4,22,35.32,0,0,0,1,4380000,124009,RPPSMLKLKIOFFCA77CA,0,1,0,108,381566.1538461538,0.0,108.67692307692307,1,0,0,0,0,0,0,0,0,0,0,0,0,0,1,0,0,25.053706,121.540307,0,20,20,7,15,20,1,0,1,0
248,臺北市中山區中山北路二段62巷1~30號,17.51,7.0,4,14,100.35,2,1,1,1,18300000,182362,RPUOMLNLKIOFFCA18CA,2,1,2,108,561113.8461538461,53.87692307692308,308.7692307692307,1,0,0,0,0,0,0,0,0,0,0,0,0,0,0,1,0,25.0567609,121.522381,0,20,20,16,9,20,0,0,2,1
249,臺北市中山區新生北路二段133巷31~60號,25.5,4.0,3,53,86.92,3,2,1,0,13500000,155315,RPWOMLTKKIOFFCA88CA,1,1,0,108,477892.3076923077,78.46153846153845,267.44615384615383,1,0,0,0,0,0,0,0,0,0,0,0,0,1,0,0,0,25.0609276,121.5287676,0,19,20,14,9,20,2,1,2,0
250,臺北市中山區德惠街31~60號,2.71,11.0,4,39,29.55,1,0,1,1,4700000,159052,RPXOMLTKKIOFFCA98CA,1,1,0,108,489390.7692307692,8.338461538461537,90.92307692307692,1,0,0,0,0,0,0,0,0,0,0,0,1,0,0,0,0,25.0667707,121.5265786,0,11,20,15,15,20,2,0,1,1
251,臺北市中山區新生北路三段31~60號,6.57,11.0,4,43,51.730000000000004,1,1,1,1,7500000,144984,RPQNMLNLKIOFFCA67CA,2,1,0,108,446104.6153846154,20.215384615384615,159.16923076923078,1,0,0,0,0,0,0,0,0,0,0,0,1,0,0,0,0,25.0646869,121.5280576,0,13,20,16,15,20,2,1,1,1
252,臺北市中山區民權東路三段61~90號,20.94,19.0,4,35,211.85999999999999,3,2,2,1,43570000,205655,RPXOMLOLKIOFFCA58CA,1,2,0,108,632784.6153846154,64.43076923076923,651.876923076923,1,0,0,0,0,0,0,0,0,0,0,0,1,0,0,0,0,25.0625501,121.5432045,0,20,18,5,8,7,1,2,1,0
253,臺北市中山區德惠街31~60號,6.64,10.0,4,43,58.77,3,1,1,1,8500000,144632,RPSPMLOLKIOFFCA18CA,1,2,0,108,445021.53846153844,20.43076923076923,180.83076923076922,1,0,0,0,0,0,0,0,0,0,0,0,0,0,0,1,0,25.0667707,121.5265786,0,11,20,15,15,20,2,0,1,1
254,臺北市中山區建國北路三段61~90號,9.71,14.0,4,6,97.4,0,0,0,1,23790000,250281,RPQOMLKLKIOFFCA47CA,2,1,1,108,770095.3846153846,29.876923076923077,299.6923076923077,1,0,0,0,0,0,0,0,0,0,0,0,1,0,0,0,0,25.0647501,121.537375,0,6,18,2,4,18,1,0,0,20
255,臺北市中山區新生北路三段61~90號,3.11,10.0,4,42,31.560000000000002,0,1,1,1,4360000,138150,RPQNMLKLKIOFFCA37CA,4,1,0,108,425076.92307692306,9.569230769230769,97.10769230769232,1,0,0,0,0,0,0,0,0,0,0,0,0,0,1,0,0,25.0659966,121.5280981,0,12,20,14,14,20,2,1,1,1
256,臺北市中山區北安路518巷14弄1~30號,17.18,5.0,4,35,83.15,0,1,1,0,15500000,186410,RPQRMLTKKIOFFCA58CA,1,1,0,108,573569.2307692308,52.86153846153846,255.84615384615387,1,0,0,0,0,0,0,0,0,0,0,0,0,1,0,0,0,25.0793843,121.5455992,0,1,9,1,6,5,2,2,1,0
257,臺北市中山區中山北路二段115巷3弄1~30號,9.84,6.0,4,39,63.44,2,1,1,0,11450000,180485,RPRRMLTKKIOFFCA68CA,1,1,0,108,555338.4615384615,30.276923076923076,195.2,1,0,0,0,0,0,0,0,0,0,0,0,0,0,0,1,0,25.0611235,121.5236848,0,20,20,20,12,20,2,1,3,1
258,臺北市中山區撫順街1~30號,8.57,10.0,4,33,65.4,1,2,1,1,12680000,193884,RPURMLTKKIOFFCA98CA,1,2,0,108,596566.1538461539,26.369230769230768,201.23076923076925,1,0,0,0,0,0,0,0,0,0,0,0,0,0,0,1,0,25.0638973,121.5219221,0,20,20,20,10,20,2,4,2,1
259,臺北市中山區北安路458巷47弄1~30號,16.57,14.0,4,18,149.21,2,2,2,1,32500000,217814,RPQQMLTKKIOFFCA48CA,2,1,1,108,670196.923076923,50.98461538461538,459.10769230769233,1,0,0,0,0,0,0,0,0,0,0,0,1,0,0,0,0,25.078316,121.544807,0,0,5,1,5,6,2,2,1,0
260,臺北市中山區松江路1~30號,2.51,13.0,4,40,35.53,1,1,1,1,7300000,205460,RPSNMLRLKIOFFCA28CA,1,1,0,108,632184.6153846154,7.723076923076922,109.32307692307693,1,0,0,0,0,0,0,0,0,0,0,0,1,0,0,0,0,25.045864,121.5331196,1,15,18,6,8,20,1,1,1,0
261,臺北市中山區龍江路151~180號,28.0,4.0,3,51,89.41,3,2,2,0,14850000,166089,RPVQMLKMKIOFFCA28CA,1,1,0,108,511043.0769230769,86.15384615384615,275.1076923076923,1,0,0,0,0,0,0,0,0,0,0,0,0,1,0,0,0,25.0540023,121.540618,0,20,20,6,15,20,1,0,1,0
262,臺北市中山區新生北路二段68巷1~30號,6.46,12.0,4,13,70.00999999999999,2,1,1,1,13300000,189973,RPWSMLKMKIOFFCA58CA,1,1,0,108,584532.3076923076,19.876923076923077,215.41538461538457,1,0,0,0,0,0,0,0,0,0,0,0,1,0,0,0,0,25.056497,121.526841,0,20,20,11,11,20,1,0,0,0
263,臺北市中山區長安東路二段151~180號,8.08,12.0,4,38,103.03,3,2,2,1,19200000,186353,RPXPMLQKJHPFFCA68CA,1,1,0,108,573393.8461538461,24.861538461538462,317.0153846153846,1,0,0,0,0,0,0,0,0,0,0,0,1,0,0,0,0,25.0489552,121.5387279,0,20,19,12,9,20,1,1,0,0
264,臺北市中山區農安街125巷31~60號,19.26,7.0,4,3,87.16999999999999,1,2,1,1,20000000,246612,RPPQMLRKLHPFFCA28CA,1,1,1,108,758806.1538461539,59.261538461538464,268.21538461538455,1,0,0,0,0,0,0,0,0,0,0,0,0,0,0,1,0,25.065936,121.5299649,0,10,20,7,11,14,2,0,0,1
265,臺北市中山區新生北路三段1~30號,3.32,12.0,4,40,31.279999999999998,1,1,1,1,5230000,167199,RPWQMLOLKIOFFCA78DA,1,1,0,108,514458.4615384615,10.215384615384615,96.24615384615383,1,0,0,0,0,0,0,0,0,0,0,0,0,0,1,0,0,25.0628897,121.5281771,0,11,20,16,10,20,2,1,1,0
266,臺北市中山區合江街58巷1~30號,37.14,5.0,4,35,156.17,4,2,2,0,23250000,148876,RPSNMLNLKIOFFCA97DA,2,1,0,108,458080.0,114.27692307692307,480.52307692307687,1,0,0,0,0,0,0,0,0,0,0,0,0,1,0,0,0,25.0558319,121.538936,1,20,20,4,16,20,1,2,0,0
267,臺北市中山區新生北路一段91~120號,5.65,12.0,4,40,44.28,2,2,1,1,7700000,173893,RPTNMLNLKIOFFCA08DA,1,1,0,108,535055.3846153846,17.384615384615387,136.24615384615385,1,0,0,0,0,0,0,0,0,0,0,0,1,0,0,0,0,25.0463313,121.5323976,1,17,18,8,10,20,2,1,0,0
268,臺北市中山區新生北路二段91~120號,1.79,14.0,4,42,24.020000000000003,0,0,0,1,3800000,158201,RPSPMLKKJHPFFCA67DA,1,1,0,108,486772.3076923077,5.507692307692308,73.90769230769232,1,0,0,0,0,0,0,0,0,0,0,0,0,0,1,0,0,25.0573288,121.5278946,0,15,20,9,10,20,1,0,0,0
269,臺北市中山區龍江路211~240號,17.99,14.0,4,37,127.64999999999999,3,2,2,1,28080000,219976,RPRQMLNLKIOFFCA18DA,2,1,0,108,676849.2307692308,55.35384615384615,392.7692307692307,1,0,0,0,0,0,0,0,0,0,0,0,1,0,0,0,0,25.0565806,121.5406846,0,20,20,5,15,20,0,0,0,0
270,臺北市中山區北安路608巷4弄1~30號,317.0,13.0,4,28,1335.8,0,0,0,1,55000000,41174,RPPPMLNJKHPFFCA57CA,1,1,0,108,126689.23076923077,975.3846153846154,4110.153846153846,1,0,0,0,0,0,0,0,0,0,0,0,1,0,0,0,0,25.0819149,121.5492851,0,16,15,3,8,14,2,0,1,0
271,臺北市中山區五常街11巷1~30號,18.27,17.0,4,2,155.27,3,2,2,1,36370000,287213,RPOQMLKKJHPFFCA27CA,2,1,1,108,883732.3076923076,56.215384615384615,477.75384615384615,1,0,0,0,0,0,0,0,0,0,0,0,1,0,0,0,0,25.0645708,121.5377789,0,7,19,2,4,18,1,0,0,20
272,臺北市中山區五常街11巷1~30號,18.59,17.0,4,2,158.32,2,2,2,1,37240000,287163,SPOQMLKKJHPFFCA37CA,2,1,1,108,883578.4615384615,57.199999999999996,487.1384615384615,1,0,0,0,0,0,0,0,0,0,0,0,1,0,0,0,0,25.0645708,121.5377789,0,7,19,2,4,18,1,0,0,20
273,臺北市中山區五常街11巷1~30號,18.27,17.0,4,2,155.27,3,2,2,1,34710000,272200,RPQQMLKKJHPFFCA47CA,2,1,1,108,837538.4615384615,56.215384615384615,477.75384615384615,1,0,0,0,0,0,0,0,0,0,0,0,1,0,0,0,0,25.0645708,121.5377789,0,7,19,2,4,18,1,0,0,20
274,臺北市中山區五常街11巷1~30號,19.11,17.0,4,2,196.36,2,2,2,1,38350000,272281,SPQQMLKKJHPFFCA57CA,2,1,2,108,837787.6923076923,58.8,604.1846153846154,1,0,0,0,0,0,0,0,0,0,0,0,1,0,0,0,0,25.0645708,121.5377789,0,7,19,2,4,18,1,0,0,20
275,臺北市中山區五常街11巷1~30號,9.93,17.0,4,2,64.56,1,1,1,1,16330000,252943,RPSQMLKKJHPFFCA67CA,2,1,0,108,778286.1538461539,30.553846153846152,198.64615384615385,1,0,0,0,0,0,0,0,0,0,0,0,1,0,0,0,0,25.0645708,121.5377789,0,7,19,2,4,18,1,0,0,20
276,臺北市中山區五常街11巷1~30號,15.02,17.0,4,2,133.66000000000003,3,2,1,1,26960000,252667,SPSQMLKKJHPFFCA77CA,2,1,1,108,777436.923076923,46.215384615384615,411.2615384615385,1,0,0,0,0,0,0,0,0,0,0,0,1,0,0,0,0,25.0645708,121.5377789,0,7,19,2,4,18,1,0,0,20
277,臺北市中山區五常街11巷1~30號,9.93,17.0,4,2,64.56,1,1,1,1,16600000,257125,RPTQMLKKJHPFFCA77CA,2,1,0,108,791153.8461538461,30.553846153846152,198.64615384615385,1,0,0,0,0,0,0,0,0,0,0,0,1,0,0,0,0,25.0645708,121.5377789,0,7,19,2,4,18,1,0,0,20
278,臺北市中山區五常街11巷1~30號,11.63,17.0,4,2,110.44,2,1,1,1,20880000,252486,RPUQMLKKJHPFFCA87CA,2,1,1,108,776880.0,35.784615384615385,339.8153846153846,1,0,0,0,0,0,0,0,0,0,0,0,1,0,0,0,0,25.0645708,121.5377789,0,7,19,2,4,18,1,0,0,20
279,臺北市中山區五常街11巷1~30號,12.29,17.0,4,2,114.56,2,1,1,1,21400000,245687,RPVQMLKKJHPFFCA97CA,2,1,1,108,755960.0,37.81538461538461,352.4923076923077,1,0,0,0,0,0,0,0,0,0,0,0,1,0,0,0,0,25.0645708,121.5377789,0,7,19,2,4,18,1,0,0,20
280,臺北市中山區五常街11巷1~30號,15.02,17.0,4,2,133.66000000000003,3,2,1,1,27180000,256013,RPXQMLKKJHPFFCA18CA,2,1,1,108,787732.3076923076,46.215384615384615,411.2615384615385,1,0,0,0,0,0,0,0,0,0,0,0,1,0,0,0,0,25.0645708,121.5377789,0,7,19,2,4,18,1,0,0,20
281,臺北市中山區林森北路133巷61~90號,14.09,7.0,4,37,75.25,2,1,1,1,11000000,146179,RPROMLRLKIOFFCA28CA,1,1,0,108,449781.53846153844,43.35384615384615,231.53846153846152,1,0,0,0,0,0,0,0,0,0,0,0,0,0,0,1,0,25.050808,121.5273074,0,20,20,10,8,20,2,2,0,0
282,臺北市中山區天祥路61巷1~30號,11.8,7.0,4,7,87.37,2,2,2,1,21300000,243791,RPSRMLKLKIOFFCA97CA,1,1,1,108,750126.1538461539,36.30769230769231,268.83076923076925,1,0,0,0,0,0,0,0,0,0,0,0,0,0,0,1,0,25.0634552,121.5217008,0,20,20,20,12,20,2,4,2,1
283,臺北市中山區農安街1~30號,3.74,14.0,4,12,64.15,1,1,1,1,11580000,180514,RPURMLKLKIOFFCA18CA,1,1,0,108,555427.6923076923,11.507692307692308,197.3846153846154,1,0,0,0,0,0,0,0,0,0,0,0,1,0,0,0,0,25.0650285,121.523401,0,20,20,18,9,20,2,2,2,1
284,臺北市中山區錦州街31~60號,2.83,13.0,4,37,31.01,1,1,1,1,3800000,122541,RPPRMLKLKIOFFCA67CA,3,1,0,108,377049.23076923075,8.707692307692307,95.41538461538461,1,0,0,0,0,0,0,0,0,0,0,0,1,0,0,0,0,25.0604245,121.5264838,0,20,20,20,9,20,2,1,1,1
285,臺北市中山區松江路90巷1~30號,24.56,7.0,4,44,139.18,3,2,1,1,26300000,188964,RPPRMLOLKIOFFCA08CA,1,1,0,108,581427.6923076923,75.56923076923076,428.24615384615385,1,0,0,0,0,0,0,0,0,0,0,0,0,0,0,1,0,25.0506573,121.5324261,1,20,20,14,11,20,1,2,1,0
286,臺北市中山區德惠街1~30號,3.8,10.0,4,39,40.28,1,1,1,1,6800000,168818,RPXNMLRLKIOFFCA78CA,1,1,0,108,519440.0,11.692307692307692,123.93846153846154,1,0,0,0,0,0,0,0,0,0,0,0,0,0,1,0,0,25.0668904,121.5229555,0,17,20,15,12,20,1,1,0,1
287,臺北市中山區林森北路451~480號,7.27,10.0,4,25,34.339999999999996,1,0,1,0,5000000,145603,RPUOMLLMKIOFFCA08CA,1,1,0,108,448009.23076923075,22.369230769230768,105.66153846153844,1,0,0,0,0,0,0,0,0,0,0,0,0,0,0,1,0,25.0605292,121.5257599,0,20,20,20,11,20,2,1,1,1
288,臺北市中山區林森北路361~390號,6.75,12.0,4,36,87.0,2,2,1,1,10950000,125862,RPSNMLMJJHPFFCA47CA,1,1,0,108,387267.6923076923,20.76923076923077,267.6923076923077,1,0,0,0,0,0,0,0,0,0,0,0,1,0,0,0,0,25.0572805,121.5257004,0,20,20,16,9,20,1,0,0,1
289,臺北市中山區敬業三路177巷1~30號,96.39,14.0,4,12,463.06999999999994,4,2,4,1,151500000,327164,RPQNMLLKJHPFFCA27CA,1,1,2,108,1006658.4615384615,296.5846153846154,1424.830769230769,1,0,0,0,0,0,0,0,0,0,0,0,1,0,0,0,0,25.07874,121.5561396,0,5,6,2,6,8,1,1,0,0
290,臺北市中山區林森北路241~270號,3.03,12.0,4,39,35.980000000000004,1,1,1,1,5000000,138966,RPQRMLOLKIOFFCA28DA,2,1,0,108,427587.6923076923,9.323076923076922,110.70769230769231,1,0,0,0,0,0,0,0,0,0,0,0,0,0,1,0,0,25.0538966,121.5254722,0,20,20,10,9,20,1,0,0,0
291,臺北市中山區新生北路二段62巷31~60號,6.76,9.0,4,30,60.55,3,1,1,1,9300000,153592,RPVOMLRJJHPFFCA48DA,1,1,0,108,472590.7692307692,20.799999999999997,186.3076923076923,1,0,0,0,0,0,0,0,0,0,0,0,0,0,0,1,0,25.0562793,121.526301,0,20,20,15,10,20,1,0,0,1
292,臺北市中山區松江路204巷1~30號,20.88,6.0,4,6,78.4,3,2,1,1,23800000,303571,RPQQMLQKJHPFFCA08CA,1,1,0,108,934064.6153846154,64.24615384615385,241.23076923076923,1,0,0,0,0,0,0,0,0,0,0,0,0,0,0,1,0,25.0573726,121.5325231,1,20,20,12,11,20,2,2,1,0
293,臺北市中山區遼寧街211~240號,18.51,15.0,4,35,98.44999999999999,3,2,1,1,19880000,201930,RPTOMLPLKIOFFCA28CA,1,2,0,108,621323.0769230769,56.95384615384616,302.9230769230769,1,0,0,0,0,0,0,0,0,0,0,0,1,0,0,0,0,25.055327,121.542584,0,20,20,9,18,20,0,0,1,0
294,臺北市中山區龍江路37巷31~60號,23.4,5.0,4,39,97.08,3,2,2,0,16000000,164813,RPPPMLPLKIOFFCA97CA,1,1,0,108,507116.92307692306,72.0,298.7076923076923,1,0,0,0,0,0,0,0,0,0,0,0,0,1,0,0,0,25.0488597,121.5416365,0,20,20,9,10,20,2,1,1,0
295,臺北市中山區龍江路345巷1~30號,13.11,12.0,4,36,111.1,3,2,2,1,20000000,180018,RPXQMLRLKIOFFCA09CA,1,1,0,108,553901.5384615385,40.33846153846154,341.8461538461538,1,0,0,0,0,0,0,0,0,0,0,0,1,0,0,0,0,25.0632773,121.5418505,0,19,20,5,6,7,1,2,1,0
296,臺北市中山區林森北路145巷1~30號,18.01,5.0,4,24,88.14,3,0,3,0,13000000,147493,RPRNMLPLKIOFFCA97CA,1,1,0,108,453824.6153846154,55.41538461538462,271.2,1,0,0,0,0,0,0,0,0,0,0,0,0,0,0,1,0,25.0514592,121.5254831,0,20,20,9,9,20,1,0,0,0
297,臺北市中山區龍江路151~180號,27.72,7.0,4,34,190.60000000000002,4,1,2,1,37000000,194124,RPRNMLSLKIOFFCA28CA,2,1,0,108,597304.6153846154,85.29230769230769,586.4615384615386,1,0,0,0,0,0,0,0,0,0,0,0,0,0,0,1,0,25.0540023,121.540618,0,20,20,6,15,20,1,0,1,0
298,臺北市中山區八德路二段61~90號,24.57,5.0,4,41,90.83,1,1,1,0,9300000,102389,RPXOMLKMKIOFFCA28CA,1,1,0,108,315043.07692307694,75.6,279.4769230769231,1,0,0,0,0,0,0,0,0,0,0,0,0,1,0,0,0,25.0452175,121.5348345,1,17,19,7,10,20,1,0,1,0
299,臺北市中山區敬業三路162巷151~180號,47.09,10.0,4,21,155.45999999999998,3,2,2,1,23800000,153094,RPVPMLPLKIOFFCA58CA,1,1,0,108,471058.4615384615,144.8923076923077,478.33846153846144,1,0,0,0,0,0,0,0,0,0,0,0,0,0,0,1,0,25.0795485,121.5594401,0,3,10,2,9,18,2,1,0,0
300,臺北市中山區民權東路三段60巷3弄1~30號,27.59,7.0,4,37,143.47,3,2,2,1,35000000,243953,RPPOMLPLKIOFFCA87CA,1,1,0,108,750624.6153846154,84.89230769230768,441.44615384615383,1,0,0,0,0,0,0,0,0,0,0,0,0,0,0,1,0,25.061502,121.542564,0,20,20,5,8,11,1,2,1,0
301,臺北市中山區合江街102巷1~30號,27.39,7.0,4,19,135.3,2,2,2,0,29000000,214339,RPSOMLNJJHPFFCA67CA,1,1,1,108,659504.6153846154,84.27692307692307,416.3076923076923,1,0,0,0,0,0,0,0,0,0,0,0,0,0,0,1,0,25.058855,121.5389587,0,18,20,6,11,20,0,0,0,5
302,臺北市中山區興安街61~90號,4.69,15.0,4,35,22.89,3,2,2,1,2500000,109218,RPUNMLTJJHPFFCA38CA,1,1,1,108,336055.3846153846,14.430769230769231,70.43076923076923,1,0,0,0,0,0,0,0,0,0,0,0,1,0,0,0,0,25.0562445,121.5425052,0,20,20,9,14,20,0,0,0,0
303,臺北市中山區撫順街1~30號,5.07,11.0,4,25,43.5,2,1,1,1,8060000,185287,RPURMLNJJHPFFCA28DA,1,1,0,108,570113.8461538461,15.6,133.84615384615384,1,0,0,0,0,0,0,0,0,0,0,0,1,0,0,0,0,25.0638973,121.5219221,0,20,20,20,10,20,2,4,2,1
304,臺北市中山區龍江路295巷1~30號,24.0,5.0,4,42,73.75,7,2,3,0,13980000,189559,RPUPMLRLKIOFFCA78DA,1,1,0,108,583258.4615384615,73.84615384615384,226.9230769230769,1,0,0,0,0,0,0,0,0,0,0,0,0,1,0,0,0,25.0607962,121.5411244,0,20,20,6,7,20,1,2,1,1
305,臺北市中山區樂群二路121~150號,47.09,10.0,4,21,155.43,3,2,2,1,23880000,153638,RPSRMLRLKIOFFCA78DA,1,1,1,108,472732.3076923077,144.8923076923077,478.24615384615385,1,0,0,0,0,0,0,0,0,0,0,0,0,0,0,1,0,25.0803028,121.5559193,0,9,8,3,7,18,1,1,0,0
306,臺北市中山區合江街36巷1~30號,23.75,4.0,4,45,67.6,3,2,1,0,17400000,257396,RPPNMLSJJHPFFCA87DA,1,1,0,108,791987.6923076923,73.07692307692308,207.99999999999997,1,0,0,0,0,0,0,0,0,0,0,0,0,1,0,0,0,25.0555782,121.538495,1,20,20,4,16,20,1,2,0,0
307,臺北市中山區林森北路481~510號,4.83,14.0,4,18,43.69,1,1,1,1,8300000,189975,RPPOMLMLJHPFFCA47CA,1,1,0,108,584538.4615384615,14.861538461538462,134.43076923076922,1,0,0,0,0,0,0,0,0,0,0,0,0,0,1,0,0,25.0611307,121.5257278,0,20,20,20,10,20,2,1,1,1
308,臺北市中山區明水路397巷1~30號,70.85,15.0,4,14,406.73,2,2,2,1,127380000,390319,RPTQMLRJJHPFFCA38CA,1,1,3,108,1200981.5384615385,217.99999999999997,1251.4769230769232,1,0,0,0,0,0,0,0,0,0,0,0,1,0,0,0,0,25.078211,121.547828,0,2,8,2,8,3,2,1,1,0
309,臺北市中山區雙城街18巷1~30號,36.25,4.0,3,35,111.26,3,2,2,0,16000000,143807,RPQNMLQJJHPFFCA67CA,1,1,0,108,442483.07692307694,111.53846153846153,342.33846153846156,1,0,0,0,0,0,0,0,0,0,0,0,0,1,0,0,0,25.065481,121.5239913,0,20,20,17,9,20,2,2,1,1
310,臺北市中山區德惠街31~60號,4.0,9.0,4,42,32.120000000000005,0,0,0,1,3595000,111924,RPSOMLSJJHPFFCA18CA,1,1,0,108,344381.53846153844,12.307692307692307,98.83076923076923,1,0,0,0,0,0,0,0,0,0,0,0,0,0,1,0,0,25.0667707,121.5265786,0,11,20,15,15,20,2,0,1,1
311,臺北市中山區龍江路331巷1~30號,39.0,4.0,4,46,110.66,5,2,3,0,19500000,176215,RPUUMLTJJHPFFCA09CA,1,1,0,108,542200.0,120.0,340.4923076923077,1,0,0,0,0,0,0,0,0,0,0,0,0,1,0,0,0,25.0630219,121.5411665,0,20,20,6,5,8,1,1,1,2
312,臺北市中山區龍江路120巷1~30號,0.0,11.0,4,22,180.93,2,3,2,1,14118000,78030,RPQNMLPKJHPFFCA67CA,0,2,2,108,240092.3076923077,0.0,556.7076923076924,1,0,0,0,0,0,0,0,0,0,0,0,1,0,0,0,0,25.053706,121.540307,0,20,20,7,15,20,1,0,1,0
313,臺北市中山區林森北路107巷61~90號,7.53,7.0,4,35,40.6,1,1,1,1,7000000,172414,RPTNMLRLKIOFFCA38CA,1,1,0,108,530504.6153846154,23.16923076923077,124.92307692307692,1,0,0,0,0,0,0,0,0,0,0,0,0,0,1,0,0,25.0499592,121.5271009,1,20,20,8,9,20,1,2,0,0
314,臺北市中山區北安路595巷20弄1~30號,32.39,5.0,4,40,114.01,3,2,2,0,23000000,201737,RPPOMLRLKIOFFCA08CA,1,1,0,108,620729.2307692308,99.66153846153846,350.8,1,0,0,0,0,0,0,0,0,0,0,0,0,1,0,0,0,25.0819329,121.547615,0,14,14,1,9,6,2,0,1,0
315,臺北市中山區龍江路356巷31~60號,20.4,5.0,4,43,88.07,3,2,1,0,13000000,147610,RPRPMLRLKIOFFCA38CA,1,1,0,108,454184.6153846154,62.76923076923076,270.9846153846154,1,0,0,0,0,0,0,0,0,0,0,0,0,1,0,0,0,25.066121,121.539522,0,6,11,1,3,12,1,1,0,2
316,臺北市中山區松江路1~30號,2.67,13.0,4,40,35.14,0,0,0,1,4880000,138873,RPPSMLRLKIOFFCA48CA,1,1,0,108,427301.53846153844,8.215384615384615,108.12307692307692,1,0,0,0,0,0,0,0,0,0,0,0,0,0,1,0,0,25.045864,121.5331196,1,15,18,6,8,20,1,1,1,0
317,臺北市中山區林森北路85巷91~120號,48.5,4.0,4,46,123.18,3,2,2,0,18100000,146939,RPTNMLKMKIOFFCA77CA,1,1,0,108,452120.0,149.23076923076923,379.0153846153846,1,0,0,0,0,0,0,0,0,0,0,0,0,1,0,0,0,25.049169,121.528089,1,20,20,7,10,20,1,2,0,0
318,臺北市中山區臺北市中山區林森北路361~390號,2.85,12.0,4,36,33.45,1,1,1,1,4300000,128550,RPXNMLLMKIOFFCA28CA,1,1,0,108,395538.4615384615,8.76923076923077,102.92307692307693,1,0,0,0,0,0,0,0,0,0,0,0,0,0,1,0,0,25.0572805,121.5257004,0,20,20,16,9,20,1,0,0,1
319,臺北市中山區撫順街1~30號,8.73,11.0,4,25,75.9,1,1,1,1,10940000,144137,RPRNMLLMKIOFFCA67CA,1,1,1,108,443498.4615384615,26.861538461538462,233.53846153846155,1,0,0,0,0,0,0,0,0,0,0,0,0,0,1,0,0,25.0638973,121.5219221,0,20,20,20,10,20,2,4,2,1
320,臺北市中山區建國北路二段258巷1~30號,29.57,6.0,4,37,142.04,4,2,2,0,27200000,191495,RPTPMLKMKIOFFCA97CA,1,1,0,108,589215.3846153846,90.98461538461538,437.0461538461538,1,0,0,0,0,0,0,0,0,0,0,0,0,0,0,1,0,25.0619183,121.5364888,0,17,20,10,9,20,0,0,1,19
321,臺北市中山區五常街11巷1~30號,18.79,17.0,4,2,193.31,3,2,2,1,36880000,268532,RPSOMLRKJHPFFCA18CA,2,1,2,108,826252.3076923076,57.81538461538461,594.8,1,0,0,0,0,0,0,0,0,0,0,0,1,0,0,0,0,25.0645708,121.5377789,0,7,19,2,4,18,1,0,0,20
322,臺北市中山區五常街11巷1~30號,19.07,17.0,4,2,155.0,3,2,2,1,33350000,262910,RPTOMLRKJHPFFCA28CA,2,1,1,108,808953.8461538461,58.676923076923075,476.9230769230769,1,0,0,0,0,0,0,0,0,0,0,0,1,0,0,0,0,25.0645708,121.5377789,0,7,19,2,4,18,1,0,0,20
323,臺北市中山區五常街11巷1~30號,19.07,17.0,4,2,155.0,3,2,2,1,33880000,266587,RPUOMLRKJHPFFCA38CA,2,1,1,108,820267.6923076923,58.676923076923075,476.9230769230769,1,0,0,0,0,0,0,0,0,0,0,0,1,0,0,0,0,25.0645708,121.5377789,0,7,19,2,4,18,1,0,0,20
324,臺北市中山區五常街11巷1~30號,11.63,17.0,4,2,110.25,2,1,1,1,21000000,253428,RPVOMLRKJHPFFCA48CA,2,1,1,108,779778.4615384615,35.784615384615385,339.2307692307692,1,0,0,0,0,0,0,0,0,0,0,0,1,0,0,0,0,25.0645708,121.5377789,0,7,19,2,4,18,1,0,0,20
325,臺北市中山區五常街11巷1~30號,15.06,17.0,4,2,134.0,3,2,1,1,27030000,253543,RPWOMLRKJHPFFCA58CA,2,1,1,108,780132.3076923076,46.33846153846154,412.3076923076923,1,0,0,0,0,0,0,0,0,0,0,0,1,0,0,0,0,25.0645708,121.5377789,0,7,19,2,4,18,1,0,0,20
326,臺北市中山區五常街11巷1~30號,18.1,17.0,4,2,152.55,3,2,2,1,35640000,281359,RPXOMLRKJHPFFCA68CA,2,1,1,108,865720.0,55.69230769230769,469.3846153846154,1,0,0,0,0,0,0,0,0,0,0,0,1,0,0,0,0,25.0645708,121.5377789,0,7,19,2,4,18,1,0,0,20
327,臺北市中山區五常街11巷1~30號,14.5,17.0,4,2,95.62,3,2,1,1,24580000,257059,RPOPMLRKJHPFFCA87CA,2,1,0,108,790950.7692307692,44.61538461538461,294.2153846153846,1,0,0,0,0,0,0,0,0,0,0,0,1,0,0,0,0,25.0645708,121.5377789,0,7,19,2,4,18,1,0,0,20
328,臺北市中山區五常街11巷1~30號,15.02,17.0,4,2,133.66000000000003,3,2,1,1,27380000,258105,RPPPMLRKJHPFFCA97CA,2,1,1,108,794169.2307692308,46.215384615384615,411.2615384615385,1,0,0,0,0,0,0,0,0,0,0,0,1,0,0,0,0,25.0645708,121.5377789,0,7,19,2,4,18,1,0,0,20
329,臺北市中山區五常街11巷1~30號,14.19,17.0,4,2,125.78,2,1,1,1,28170000,291429,RPQPMLRKJHPFFCA08CA,2,1,1,108,896704.6153846154,43.661538461538456,387.0153846153846,1,0,0,0,0,0,0,0,0,0,0,0,1,0,0,0,0,25.0645708,121.5377789,0,7,19,2,4,18,1,0,0,20
330,臺北市中山區新生北路二段31~60號,8.3,17.0,4,25,80.71,2,2,1,1,15000000,185851,RPQPMLSJJHPFFCA08CA,1,3,0,108,571849.2307692308,25.53846153846154,248.3384615384615,1,0,0,0,0,0,0,0,0,0,0,0,1,0,0,0,0,25.0542013,121.5278274,0,20,20,9,11,20,1,1,0,0
331,臺北市中山區復興北路190巷1~30號,16.19,15.0,4,35,84.7,2,2,1,1,20250000,239079,RPROMLRJJHPFFCA08DA,1,1,0,108,735627.6923076923,49.815384615384616,260.61538461538464,1,0,0,0,0,0,0,0,0,0,0,0,1,0,0,0,0,25.055574,121.543237,0,20,20,11,17,20,0,0,1,0
332,臺北市中山區松江路362巷31~60號,16.44,7.0,4,40,79.1,3,2,2,0,16050000,202908,RPWVMLTJJHPFFCA86DA,1,1,0,108,624332.3076923076,50.58461538461539,243.38461538461536,1,0,0,0,0,0,0,0,0,0,0,0,0,0,0,1,0,25.0620297,121.5320177,0,18,20,12,10,20,0,0,1,18
333,臺北市中山區合江街170巷1~30號,30.63,5.0,4,36,134.32,3,2,2,0,21680000,161406,RPXVMLTJJHPFFCA96DA,1,1,0,108,496633.8461538461,94.24615384615385,413.29230769230765,1,0,0,0,0,0,0,0,0,0,0,0,0,1,0,0,0,25.0607904,121.53893,0,17,19,8,8,20,1,0,0,16
334,臺北市中山區伊通街87巷1~30號,82.0,3.0,3,35,208.5,6,2,8,0,55000000,263789,RPXSMLKMKIOFFCA78DA,1,3,0,108,811658.4615384615,252.3076923076923,641.5384615384615,1,0,0,0,0,0,0,0,0,0,0,0,0,0,0,0,1,25.0530373,121.5350479,1,20,20,9,13,20,1,3,1,0
335,臺北市中山區建國北路二段258巷1~30號,34.29,7.0,4,42,158.24,4,2,2,0,28680000,181244,RPPNMLPJJHPFFCA47CA,2,1,0,108,557673.8461538461,105.5076923076923,486.8923076923077,1,0,0,0,0,0,0,0,0,0,0,0,0,0,0,1,0,25.0619183,121.5364888,0,17,20,10,9,20,0,0,1,19
336,臺北市中山區中山北路二段59巷1~30號,5.25,14.0,4,22,37.19,1,1,1,1,8860000,238236,RPVQMLRJJHPFFCA58CA,1,1,0,108,733033.8461538461,16.153846153846153,114.43076923076922,1,0,0,0,0,0,0,0,0,0,0,0,0,0,1,0,0,25.0559648,121.5232067,0,20,20,18,11,20,0,0,2,1
337,臺北市中山區民生西路1~30號,3.79,12.0,4,41,37.3,1,1,1,1,6200000,166220,RPTNMLLMKIOFFCA87CA,3,1,0,108,511446.1538461538,11.661538461538461,114.76923076923076,1,0,0,0,0,0,0,0,0,0,0,0,0,0,1,0,0,25.0575097,121.5210039,0,20,20,16,12,20,0,0,1,1
338,臺北市中山區新生北路二段62巷1~30號,23.07,16.0,4,10,298.91999999999996,3,2,2,1,45000000,150542,RPOSMLKMKIOFFCA77CA,1,1,2,108,463206.1538461538,70.98461538461538,919.753846153846,1,0,0,0,0,0,0,0,0,0,0,0,1,0,0,0,0,25.0560761,121.5266186,0,20,20,9,10,20,1,0,0,0
339,臺北市中山區明水路481~510號,162.89,14.0,4,18,507.97,4,3,5,1,88000000,173239,RPSPMLLMKIOFFCA97CA,2,1,2,108,533043.0769230769,501.19999999999993,1562.9846153846154,1,0,0,0,0,0,0,0,0,0,0,0,1,0,0,0,0,25.078069,121.551663,0,5,3,1,8,11,1,0,1,0
340,臺北市中山區合江街116巷1~30號,49.5,4.0,4,44,116.54,2,2,2,0,27800000,238545,RPPQMLLMKIOFFCA77CA,2,1,0,108,733984.6153846154,152.3076923076923,358.5846153846154,1,0,0,0,0,0,0,0,0,0,0,0,0,1,0,0,0,25.0592431,121.5389437,0,18,20,6,12,20,0,0,0,8
341,臺北市中山區南京東路三段223巷1~30號,18.66,6.0,4,36,93.87,3,1,1,1,18000000,191755,RPPOMLLMKIOFFCA57CA,1,1,0,108,590015.3846153846,57.41538461538461,288.83076923076925,1,0,0,0,0,0,0,0,0,0,0,0,0,0,0,1,0,25.0529221,121.5434758,0,20,20,10,14,20,1,1,1,0
342,臺北市中山區林森北路416巷1~30號,3.11,11.0,4,45,29.560000000000002,1,1,1,1,4380000,148173,RPVNMLMJJHPFFCA77CA,1,1,0,108,455916.92307692306,9.569230769230769,90.95384615384616,1,0,0,0,0,0,0,0,0,0,0,0,0,0,1,0,0,25.059956,121.5248924,0,20,20,20,11,20,2,1,2,1
343,臺北市中山區撫順街1~30號,4.82,10.0,4,33,35.9,1,1,1,1,6700000,186630,RPXNMLMJJHPFFCA97CA,1,1,0,108,574246.1538461539,14.830769230769231,110.46153846153845,1,0,0,0,0,0,0,0,0,0,0,0,0,0,1,0,0,25.0638973,121.5219221,0,20,20,20,10,20,2,4,2,1
344,臺北市中山區長安東路一段1~30號,5.64,13.0,4,14,63.620000000000005,2,1,1,1,12100000,190192,RPSQMLLMKIOFFCA08CA,1,1,1,108,585206.1538461539,17.353846153846153,195.75384615384615,1,0,0,0,0,0,0,0,0,0,0,0,0,0,1,0,0,25.049818,121.522081,0,20,20,7,8,20,0,2,1,0
345,臺北市中山區中山北路三段55巷1~30號,6.49,7.0,4,41,45.76,1,1,1,0,2316361,50620,RPQPMLQKJHPFFCA97CA,1,1,0,108,155753.84615384616,19.96923076923077,140.79999999999998,1,0,0,0,0,0,0,0,0,0,0,0,0,0,0,1,0,25.0678733,121.5236812,0,11,15,10,14,16,0,1,0,1
346,臺北市中山區遼寧街105巷31~60號,20.78,6.0,4,41,83.37,2,2,1,1,19800000,237496,RPQNMLPJJHPFFCA57CA,1,1,0,108,730756.923076923,63.93846153846154,256.5230769230769,1,0,0,0,0,0,0,0,0,0,0,0,0,0,0,1,0,25.0510972,121.5429871,0,20,20,12,12,20,2,2,1,0
347,臺北市中山區中山北路二段20巷1~30號,10.57,6.0,4,44,49.76,2,2,1,0,11000000,221061,RPTQMLLMJHPFFCA18DA,1,1,0,108,680187.6923076923,32.52307692307692,153.1076923076923,1,0,0,0,0,0,0,0,0,0,0,0,0,0,0,1,0,25.0535937,121.5220811,0,20,20,6,10,20,0,2,2,0
348,臺北市中山區中山北路二段62巷1~30號,26.67,6.0,4,39,115.81,3,2,1,0,9300000,80304,RPVOMLNJKHPFFCA08CA,1,1,0,108,247089.23076923075,82.06153846153846,356.33846153846156,1,0,0,0,0,0,0,0,0,0,0,0,0,0,0,1,0,25.0567609,121.522381,0,20,20,16,9,20,0,0,2,1
349,臺北市中山區民生東路一段61~90號,8.3,12.0,4,40,83.96000000000001,2,2,1,1,12000000,142925,RPSNMLQJJHPFFCA87CA,1,2,0,108,439769.23076923075,25.53846153846154,258.33846153846156,1,0,0,0,0,0,0,0,0,0,0,0,1,0,0,0,0,25.0581862,121.5265178,0,20,20,17,7,20,0,1,0,1
350,臺北市中山區撫順街1~30號,32.5,4.0,4,35,96.88,3,2,1,0,20200000,208505,RPTPMLMJJHPFFCA77CA,1,1,0,108,641553.8461538461,100.0,298.09230769230766,1,0,0,0,0,0,0,0,0,0,0,0,0,1,0,0,0,25.0638973,121.5219221,0,20,20,20,10,20,2,4,2,1
351,臺北市中山區新生北路二段91~120號,2.02,14.0,4,42,28.54,1,1,1,1,3060000,107218,RPOPMLNJJHPFFCA37CA,1,1,0,108,329901.53846153844,6.2153846153846155,87.81538461538462,1,0,0,0,0,0,0,0,0,0,0,0,0,0,1,0,0,25.0573288,121.5278946,0,15,20,9,10,20,1,0,0,0
352,臺北市中山區農安街271~300號,18.28,7.0,4,38,129.4,3,2,1,1,23000000,177743,RPORMLRKJHPFFCA08CA,2,1,0,108,546901.5384615385,56.246153846153845,398.15384615384613,1,0,0,0,0,0,0,0,0,0,0,0,0,0,0,1,0,25.0648251,121.5361443,0,6,18,2,5,20,0,0,0,20
353,臺北市中山區新生北路二段31~60號,3.05,17.0,4,25,35.53,1,1,1,1,6780000,190825,RPQPMLOKJHPFFCA77CA,1,1,0,108,587153.8461538461,9.384615384615383,109.32307692307693,1,0,0,0,0,0,0,0,0,0,0,0,0,0,1,0,0,25.0542013,121.5278274,0,20,20,9,11,20,1,1,0,0
354,臺北市中山區松江路541~570號,6.92,6.0,4,25,34.2,1,0,1,0,5700000,166667,RPQNMLRJJHPFFCA77CA,4,1,0,108,512821.53846153844,21.29230769230769,105.23076923076924,1,0,0,0,0,0,0,0,0,0,0,0,0,0,0,1,0,25.0698489,121.533873,0,1,3,0,5,5,2,0,0,1
355,臺北市中山區農安街1~30號,3.69,11.0,4,41,32.39,1,1,1,1,4400000,135844,RPWNMLRJJHPFFCA38CA,1,1,0,108,417981.53846153844,11.353846153846153,99.66153846153846,1,0,0,0,0,0,0,0,0,0,0,0,1,0,0,0,0,25.0650285,121.523401,0,20,20,18,9,20,2,2,2,1
356,臺北市中山區民生東路一段61~90號,6.1,12.0,4,37,61.22,2,1,1,1,9600000,156811,RPRNMLQJJHPFFCA77CA,1,1,0,108,482495.3846153846,18.769230769230766,188.36923076923077,1,0,0,0,0,0,0,0,0,0,0,0,1,0,0,0,0,25.0581862,121.5265178,0,20,20,17,7,20,0,1,0,1
357,臺北市中山區北安路751~780號,33.87,5.0,4,35,132.8,3,2,2,0,20000000,150591,RPVOMLMLJHPFFCA08CA,3,1,0,108,463356.92307692306,104.21538461538461,408.61538461538464,1,0,0,0,0,0,0,0,0,0,0,0,0,1,0,0,0,25.086239,121.551671,0,11,6,1,5,11,0,0,1,0
358,臺北市中山區建國北路三段113巷31弄1~30號,28.01,5.0,4,36,111.75999999999999,3,2,2,0,25800000,230852,RPWNMLLLKHPFFCA18DA,1,1,0,108,710313.8461538461,86.18461538461538,343.87692307692305,1,0,0,0,0,0,0,0,0,0,0,0,0,1,0,0,0,25.0677761,121.5355559,0,2,12,1,3,14,0,0,0,4
359,臺北市中山區敬業三路162巷181~210號,43.31,8.0,4,21,143.02,3,2,2,1,21800000,152426,RPPNMLOJJHPFFCA47DA,1,1,1,108,469003.0769230769,133.26153846153846,440.0615384615385,1,0,0,0,0,0,0,0,0,0,0,0,0,0,0,1,0,25.0790115,121.5596276,0,3,9,2,10,17,2,1,0,0
360,臺北市中山區新生北路二段68巷1~30號,3.14,12.0,4,13,34.019999999999996,1,1,1,1,7150000,210170,RPXNMLPJJHPFFCA38DA,1,1,0,108,646676.923076923,9.661538461538461,104.67692307692306,1,0,0,0,0,0,0,0,0,0,0,0,0,0,1,0,0,25.056497,121.526841,0,20,20,11,11,20,1,0,0,0
361,臺北市中山區天祥路61巷1~30號,13.55,10.0,4,20,129.78,3,2,2,1,25200000,226115,RPWPMLTJJHPFFCA88DA,1,1,2,108,695738.4615384615,41.69230769230769,399.32307692307694,1,0,0,0,0,0,0,0,0,0,0,0,0,0,0,1,0,25.0634552,121.5217008,0,20,20,20,12,20,2,4,2,1
362,臺北市中山區新生北路三段84巷31~60號,18.2,5.0,4,37,68.54,2,2,1,0,11650000,169974,RPSVMLTJJHPFFCA09DA,1,1,0,108,522996.92307692306,55.99999999999999,210.8923076923077,1,0,0,0,0,0,0,0,0,0,0,0,0,1,0,0,0,25.0675518,121.5265651,0,11,19,14,14,17,2,0,0,1
363,臺北市中山區遼寧街91~120號,11.79,7.0,4,37,83.99000000000001,2,2,1,1,18500000,220264,RPURMLOKJHPFFCA48DA,1,1,0,108,677735.3846153846,36.276923076923076,258.4307692307693,1,0,0,0,0,0,0,0,0,0,0,0,0,0,0,1,0,25.0500371,121.5422841,0,20,20,12,9,20,2,3,1,0
364,臺北市中山區松江路184巷26弄1~30號,32.32,14.0,4,13,191.8,3,2,2,1,41000000,258705,RPVRMLOKJHPFFCA58DA,1,1,2,108,796015.3846153846,99.44615384615385,590.1538461538462,1,0,0,0,0,0,0,0,0,0,0,0,1,0,0,0,0,25.056815,121.5309667,1,20,20,10,9,20,2,2,1,0
365,臺北市中山區遼寧街76巷1~30號,8.58,5.0,4,18,28.54,1,1,1,0,6700000,234758,RPWQMLMLJHPFFCA38CA,1,1,0,108,722332.3076923076,26.4,87.81538461538462,1,0,0,0,0,0,0,0,0,0,0,0,0,0,1,0,0,25.0512262,121.5415911,0,20,20,10,11,20,1,2,1,0
366,臺北市中山區新生北路二段61~90號,4.37,12.0,4,49,33.76,2,1,1,1,6300000,186611,RPQSMLRJJHPFFCA28CA,1,1,0,108,574187.6923076923,13.446153846153846,103.87692307692306,1,0,0,0,0,0,0,0,0,0,0,0,1,0,0,0,0,25.0562845,121.5277511,0,20,20,9,13,20,1,0,0,0
367,臺北市中山區雙城街49巷1~30號,14.98,7.0,4,7,95.44,2,1,1,1,18200000,190696,RPXPMLRJJHPFFCA68CA,1,1,0,108,586756.923076923,46.09230769230769,293.66153846153844,1,0,0,0,0,0,0,0,0,0,0,0,0,0,0,1,0,25.0680703,121.5245946,0,11,16,11,18,15,0,1,0,1
368,臺北市中山區林森北路399巷1~30號,2.56,13.0,4,37,27.220000000000002,3,2,2,1,3000000,110213,RPTPMLQKJHPFFCA28CA,3,1,0,108,339116.92307692306,7.8769230769230765,83.75384615384615,1,0,0,0,0,0,0,0,0,0,0,0,1,0,0,0,0,25.059267,121.5256771,0,20,20,20,11,20,2,1,1,1
369,臺北市中山區樂群二路151~180號,43.31,10.0,4,21,142.84,3,2,2,1,9500000,66508,RPVRMLQKJHPFFCA68CA,1,1,0,108,204640.0,133.26153846153846,439.5076923076923,1,0,0,0,0,0,0,0,0,0,0,0,0,0,0,1,0,25.0802656,121.557391,0,4,8,3,7,16,1,1,0,0
370,臺北市中山區民族東路451~480號,25.25,3.0,4,45,53.59,6,3,3,0,8700000,162344,RPXPMLRKJHPFFCA78CA,1,3,0,108,499520.0,77.6923076923077,164.8923076923077,1,0,0,0,0,0,0,0,0,0,0,0,0,0,0,0,1,25.0667079,121.5370059,1,11,11,1,3,9,0,2,2,0
371,臺北市中山區五常街11巷1~30號,9.93,17.0,4,2,64.56,1,1,1,1,16410000,254182,RPRPMLRKJHPFFCA18CA,2,1,0,108,782098.4615384615,30.553846153846152,198.64615384615385,1,0,0,0,0,0,0,0,0,0,0,0,1,0,0,0,0,25.0645708,121.5377789,0,7,19,2,4,18,1,0,0,20
372,臺北市中山區五常街11巷1~30號,11.63,17.0,4,2,110.44,2,1,1,1,20600000,248619,RPSPMLRKJHPFFCA28CA,2,1,1,108,764981.5384615384,35.784615384615385,339.8153846153846,1,0,0,0,0,0,0,0,0,0,0,0,1,0,0,0,0,25.0645708,121.5377789,0,7,19,2,4,18,1,0,0,20
373,臺北市中山區五常街11巷1~30號,9.93,17.0,4,2,64.56,1,1,1,1,17190000,266264,RPTPMLRKJHPFFCA38CA,2,1,0,108,819273.8461538461,30.553846153846152,198.64615384615385,1,0,0,0,0,0,0,0,0,0,0,0,1,0,0,0,0,25.0645708,121.5377789,0,7,19,2,4,18,1,0,0,20
374,臺北市中山區五常街11巷1~30號,15.02,17.0,4,2,133.66000000000003,3,2,1,1,28130000,265949,SPTPMLRKJHPFFCA48CA,2,1,1,108,818304.6153846154,46.215384615384615,411.2615384615385,1,0,0,0,0,0,0,0,0,0,0,0,1,0,0,0,0,25.0645708,121.5377789,0,7,19,2,4,18,1,0,0,20
375,臺北市中山區五常街11巷1~30號,12.22,17.0,4,2,116.03999999999999,2,1,1,1,23100000,262821,RPUPMLRKJHPFFCA48CA,2,1,1,108,808680.0,37.6,357.0461538461538,1,0,0,0,0,0,0,0,0,0,0,0,1,0,0,0,0,25.0645708,121.5377789,0,7,19,2,4,18,1,0,0,20
376,臺北市中山區樂群二路266巷91~120號,138.25,14.0,4,21,484.34000000000003,5,4,5,1,200000000,412933,RPWQMLQKJHPFFCA68CA,1,1,3,108,1270563.076923077,425.38461538461536,1490.2769230769231,1,0,0,0,0,0,0,0,0,0,0,0,1,0,0,0,0,25.0774197,121.5617804,0,3,7,1,12,18,2,1,0,0
377,臺北市中山區五常街11巷1~30號,15.02,17.0,4,2,133.66000000000003,3,2,1,1,27000000,255177,RPPPMLPKJHPFFCA77CA,2,1,1,108,785160.0,46.215384615384615,411.2615384615385,1,0,0,0,0,0,0,0,0,0,0,0,1,0,0,0,0,25.0645708,121.5377789,0,7,19,2,4,18,1,0,0,20
378,臺北市中山區五常街61~90號,22.25,4.0,4,44,66.3,1,2,1,0,12000000,180995,RPWQMLRJJHPFFCA68CA,1,1,0,108,556907.6923076923,68.46153846153845,203.99999999999997,1,0,0,0,0,0,0,0,0,0,0,0,0,1,0,0,0,25.0644159,121.5399342,0,12,17,4,4,13,1,1,0,10
379,臺北市中山區興安街91~120號,26.43,14.0,4,35,128.82999999999998,3,2,2,1,25500000,197935,RPROMLSJJHPFFCA08CA,1,1,0,108,609030.7692307692,81.32307692307693,396.3999999999999,1,0,0,0,0,0,0,0,0,0,0,0,1,0,0,0,0,25.056218,121.5432188,0,20,20,10,17,20,0,0,1,0
380,臺北市中山區德惠街1~30號,4.48,10.0,4,39,42.31999999999999,1,1,1,1,7440000,175803,RPVQMLSJJHPFFCA68CA,1,1,0,108,540932.3076923076,13.784615384615385,130.21538461538458,1,0,0,0,0,0,0,0,0,0,0,0,0,0,0,1,0,25.0668904,121.5229555,0,17,20,15,12,20,1,1,0,1
381,臺北市中山區長安東路一段53巷1~30號,20.54,7.0,4,43,123.65,3,2,2,1,18750000,151638,RPTOMLTJJHPFFCA38CA,1,1,0,108,466578.4615384615,63.199999999999996,380.46153846153845,1,0,0,0,0,0,0,0,0,0,0,0,0,0,0,1,0,25.049001,121.526489,1,19,20,7,9,20,1,1,0,0
382,臺北市中山區南京東路一段91~120號,17.08,12.0,4,31,149.91,0,0,0,0,28000000,186779,RPOVMLTJJHPFFCA58CA,3,1,0,108,574704.6153846154,52.553846153846145,461.2615384615384,1,0,0,0,0,0,0,0,0,0,0,0,1,0,0,0,0,25.0528331,121.5267471,0,20,20,10,9,20,2,1,0,0
383,臺北市中山區基湖路120巷30弄1~30號,73.01,6.0,4,20,204.37,3,2,2,1,45500000,222635,RPQPMLKKJHPFFCA37CA,1,1,1,108,685030.7692307692,224.64615384615385,628.8307692307692,1,0,0,0,0,0,0,0,0,0,0,0,0,0,0,1,0,25.078375,121.562594,0,6,10,1,12,20,2,1,0,0
384,臺北市中山區錦州街30巷1~30號,3.28,10.0,4,42,31.75,1,1,1,1,4500000,141732,RPXOMLNKJHPFFCA28CA,1,1,0,108,436098.4615384615,10.092307692307692,97.6923076923077,1,0,0,0,0,0,0,0,0,0,0,0,0,0,1,0,0,25.0601539,121.5249221,0,20,20,20,11,20,2,1,1,1
385,臺北市中山區農安街1~30號,4.31,14.0,4,12,76.85,2,1,1,1,12800000,166558,RPTQMLNJKHPFFCA08CA,1,1,1,108,512486.1538461538,13.26153846153846,236.46153846153842,1,0,0,0,0,0,0,0,0,0,0,0,1,0,0,0,0,25.0650285,121.523401,0,20,20,18,9,20,2,2,2,1
386,臺北市中山區長春路361~390號,14.83,16.0,4,25,137.39,3,2,2,1,29000000,211078,RPXOMLKKJHPFFCA08DA,2,1,0,108,649470.7692307692,45.63076923076923,422.7384615384615,1,0,0,0,0,0,0,0,0,0,0,0,1,0,0,0,0,25.0545188,121.5461106,0,20,20,20,15,20,0,1,1,0
387,臺北市中山區新生北路二段133巷1~30號,6.92,6.0,4,41,33.12,1,1,1,1,5650000,170592,RPPNMLMKJHPFFCA37DA,1,1,0,108,524898.4615384615,21.29230769230769,101.9076923076923,1,0,0,0,0,0,0,0,0,0,0,0,0,0,1,0,0,25.0609472,121.5280138,0,17,20,20,9,20,2,1,1,0
388,臺北市中山區南京東路一段132巷1~30號,23.88,7.0,4,42,126.88,4,2,2,1,18500000,145807,RPVNMLOKJHPFFCA18DA,1,1,0,108,448636.92307692306,73.47692307692307,390.4,1,0,0,0,0,0,0,0,0,0,0,0,0,0,0,1,0,25.0515054,121.5272951,0,20,20,11,9,20,2,2,0,0
389,臺北市中山區雙城街3巷1~30號,4.98,15.0,4,26,33.13,1,1,1,1,6260000,188953,RPQQMLSJJHPFFCA28DA,1,1,0,108,581393.8461538461,15.323076923076924,101.93846153846154,1,0,0,0,0,0,0,0,0,0,0,0,0,0,1,0,0,25.0633663,121.5244776,0,20,20,20,11,20,2,2,2,1
390,臺北市中山區長安東路一段1~30號,5.52,13.0,4,14,54.28,2,2,1,1,12580000,231761,RPUPMLNKJHPFFCA18DA,1,1,0,108,713110.7692307692,16.98461538461538,167.01538461538462,1,0,0,0,0,0,0,0,0,0,0,0,1,0,0,0,0,25.049818,121.522081,0,20,20,7,8,20,0,2,1,0
391,臺北市中山區天祥路60巷1~30號,22.75,4.0,3,54,77.2,3,2,2,0,14560000,188601,RPOOMLLKJHPFFCA27DA,1,1,0,108,580310.7692307692,70.0,237.53846153846155,1,0,0,0,0,0,0,0,0,0,0,0,0,1,0,0,0,25.0622552,121.5205207,0,20,20,17,12,20,2,3,2,1
392,臺北市中山區朱崙街31~60號,18.49,11.0,4,7,187.05,4,2,2,1,64000000,356506,RPWOMLMLJHPFFCA28DA,1,1,1,108,1096941.5384615385,56.89230769230768,575.5384615384615,1,0,0,0,0,0,0,0,0,0,0,0,1,0,0,0,0,25.0500866,121.5409333,0,20,20,10,10,20,1,1,1,0
393,臺北市中山區吉林路379巷1~30號,30.02,7.0,4,39,145.12,3,2,2,0,20000000,137817,RPUPMLMLJHPFFCA08CA,4,1,0,108,424052.3076923077,92.36923076923077,446.5230769230769,1,0,0,0,0,0,0,0,0,0,0,0,0,0,0,1,0,25.0653461,121.5307389,0,10,20,6,9,16,2,0,0,4
394,臺北市中山區八德路二段61~90號,17.75,4.0,4,46,53.77,2,1,1,0,9800000,182258,RPTOMLKMJHPFFCA77CA,1,1,0,108,560793.8461538461,54.61538461538461,165.44615384615386,1,0,0,0,0,0,0,0,0,0,0,0,0,1,0,0,0,25.0452175,121.5348345,1,17,19,7,10,20,1,0,1,0
395,臺北市中山區松江路38巷1~30號,11.32,12.0,4,36,111.37,3,2,2,1,23200000,208315,RPUOMLKMJHPFFCA87CA,1,1,0,108,640969.2307692308,34.83076923076923,342.67692307692306,1,0,0,0,0,0,0,0,0,0,0,0,1,0,0,0,0,25.0476359,121.5325294,1,20,19,10,9,20,1,1,1,0
396,臺北市中山區民生東路一段1~30號,3.45,12.0,4,41,37.82,0,0,0,1,5200000,137493,RPQVMLTJJHPFFCA78CA,1,1,0,108,423055.3846153846,10.615384615384615,116.36923076923077,1,0,0,0,0,0,0,0,0,0,0,0,0,0,1,0,0,25.0579831,121.5250958,0,20,20,16,12,20,0,1,1,1
397,臺北市中山區大直街61~90號,26.53,7.0,4,33,148.2,4,2,2,0,35880000,242105,RPXPMLSJJHPFFCA78CA,1,1,0,108,744938.4615384615,81.63076923076923,455.99999999999994,1,0,0,0,0,0,0,0,0,0,0,0,0,0,0,1,0,25.083459,121.546436,0,9,10,0,8,3,1,0,1,0
398,臺北市中山區德惠街31~60號,9.04,11.0,4,39,91.61,3,2,2,1,10800000,117891,RPPNMLSKJHPFFCA87CA,1,2,0,108,362741.53846153844,27.815384615384612,281.87692307692305,1,0,0,0,0,0,0,0,0,0,0,0,1,0,0,0,0,25.0667707,121.5265786,0,11,20,15,15,20,2,0,1,1
399,臺北市中山區德惠街1~30號,17.84,13.0,4,5,231.64,4,2,2,1,43480000,229924,RPROMLLLJHPFFCA57CA,1,1,1,108,707458.4615384615,54.89230769230769,712.7384615384615,1,0,0,0,0,0,0,0,0,0,0,0,1,0,0,0,0,25.0668904,121.5229555,0,17,20,15,12,20,1,1,0,1
400,臺北市中山區松江路140巷1~30號,29.33,3.0,3,55,65.56,1,1,1,0,12700000,193716,RPQNMLOKJHPFFCA57CA,1,1,0,108,596049.2307692308,90.24615384615383,201.72307692307692,1,0,0,0,0,0,0,0,0,0,0,0,0,1,0,0,0,25.0533944,121.5320579,1,20,20,8,12,20,3,4,1,0
401,臺北市中山區民族東路252巷31~60號,21.56,7.0,4,32,111.45,3,2,2,0,16000000,143562,RPRPMLKKJHPFFCA47CA,1,1,0,108,441729.23076923075,66.33846153846153,342.9230769230769,1,0,0,0,0,0,0,0,0,0,0,0,0,0,0,1,0,25.0673703,121.5354675,0,2,13,1,3,17,0,0,0,6
402,臺北市中山區基湖路157巷1~30號,93.82,13.0,4,20,298.4,3,2,2,1,114000000,382038,RPRNMLLJKHPFFCA37CA,1,1,1,108,1175501.5384615385,288.67692307692306,918.1538461538461,1,0,0,0,0,0,0,0,0,0,0,0,1,0,0,0,0,25.076773,121.563503,0,5,6,0,14,16,2,1,0,0
403,臺北市中山區新生北路三段84巷31~60號,18.2,5.0,4,37,68.55,2,2,1,0,11500000,167761,RPQNMLLLJHPFFCA47DA,1,1,0,108,516187.6923076923,55.99999999999999,210.9230769230769,1,0,0,0,0,0,0,0,0,0,0,0,0,1,0,0,0,25.0675518,121.5265651,0,11,19,14,14,17,2,0,0,1
404,臺北市中山區遼寧街76巷1~30號,41.86,5.0,4,24,165.99,4,2,2,0,27600000,166275,RPSOMLMLJHPFFCA87DA,1,1,1,108,511615.3846153846,128.79999999999998,510.73846153846154,1,0,0,0,0,0,0,0,0,0,0,0,0,0,0,1,0,25.0512262,121.5415911,0,20,20,10,11,20,1,2,1,0
405,臺北市中山區樂群二路181~210號,47.09,10.0,4,21,155.72,3,2,2,1,25860000,166067,RPVNMLLKJHPFFCA87DA,1,1,1,108,510975.3846153846,144.8923076923077,479.1384615384615,1,0,0,0,0,0,0,0,0,0,0,0,0,0,0,1,0,25.0802552,121.558391,0,3,9,2,7,20,2,1,0,0
406,臺北市中山區吉林路456巷1~30號,25.02,5.0,4,37,93.64,3,2,2,0,16000000,170867,RPUVMLTJJHPFFCA66DA,1,1,0,108,525744.6153846154,76.98461538461538,288.1230769230769,1,0,0,0,0,0,0,0,0,0,0,0,0,1,0,0,0,25.067077,121.5301579,0,4,16,4,14,11,0,0,0,1
407,臺北市中山區林森北路121~150號,3.68,15.0,4,13,46.160000000000004,1,1,1,1,8600000,186308,RPOWMLTJJHPFFCA78DA,1,1,0,108,573255.3846153846,11.323076923076924,142.03076923076924,1,0,0,0,0,0,0,0,0,0,0,0,0,0,1,0,0,25.0507481,121.5252106,0,20,20,10,10,20,0,0,0,0
408,臺北市中山區松江路235巷31~60號,30.06,7.0,4,42,150.36,4,2,2,0,29500000,196196,RPWRMLKLJHPFFCA38DA,1,1,0,108,603680.0,92.49230769230769,462.6461538461539,1,0,0,0,0,0,0,0,0,0,0,0,0,0,0,1,0,25.0589429,121.5347639,1,20,20,11,8,20,1,2,1,16
409,臺北市中山區民族東路151~180號,50.04,6.0,4,7,313.12,4,2,3,1,61800000,197368,RPPQMLRJKHPFFCA08CA,1,1,2,108,607286.1538461539,153.96923076923076,963.4461538461538,1,0,0,0,0,0,0,0,0,0,0,0,0,0,0,1,0,25.0683551,121.540019,0,3,9,1,0,9,0,0,0,0
410,臺北市中山區新生北路三段56巷1~30號,3.81,12.0,4,40,39.51,1,1,1,0,5300000,134143,RPQRMLKKJHPFFCA57CA,1,1,0,108,412747.6923076923,11.723076923076922,121.56923076923076,1,0,0,0,0,0,0,0,0,0,0,0,0,0,1,0,0,25.0654685,121.5273556,0,15,20,16,12,20,2,1,1,1
411,臺北市中山區林森北路91~120號,8.89,12.0,4,39,102.53,2,1,1,1,15360000,149810,RPQNMLNKJHPFFCA47CA,1,1,0,108,460953.8461538461,27.353846153846156,315.4769230769231,1,0,0,0,0,0,0,0,0,0,0,0,1,0,0,0,0,25.0500055,121.5249729,0,20,20,9,11,20,0,0,0,0
412,臺北市中山區北安路573巷8弄1~30號,46.89,4.0,4,46,119.67,4,2,2,0,22100000,184675,RPROMLNKJHPFFCA67CA,3,1,0,108,568230.7692307692,144.27692307692308,368.2153846153846,1,0,0,0,0,0,0,0,0,0,0,0,0,1,0,0,0,25.0813409,121.5477333,0,14,14,1,8,7,2,0,1,0
413,臺北市中山區長安東路二段91~120號,22.94,15.0,4,10,325.0,0,0,2,1,65000000,258037,RPSOMLOKJHPFFCA87CA,2,1,2,108,793960.0,70.58461538461539,1000.0,1,0,0,0,0,0,0,0,0,0,0,0,1,0,0,0,0,25.0484276,121.5347191,1,20,19,11,9,20,1,2,1,0
414,臺北市中山區林森北路361~390號,6.16,18.0,4,12,66.63,1,1,1,1,17330000,260093,RPPQMLQKJHPFFCA97CA,1,1,0,108,800286.1538461539,18.953846153846154,205.0153846153846,1,0,0,0,0,0,0,0,0,0,0,0,1,0,0,0,0,25.0572805,121.5257004,0,20,20,16,9,20,1,0,0,1
415,臺北市中山區林森北路91~120號,5.84,12.0,4,39,69.21000000000001,0,0,0,1,10080000,145644,RPWOMLLLJHPFFCA08CA,1,1,0,108,448135.3846153846,17.96923076923077,212.95384615384617,1,0,0,0,0,0,0,0,0,0,0,0,1,0,0,0,0,25.0500055,121.5249729,0,20,20,9,11,20,0,0,0,0
416,臺北市中山區林森北路107巷31~60號,6.06,5.0,4,29,35.32,1,0,1,1,4900000,138732,RPPRMLKLJHPFFCA57CA,1,1,0,108,426867.6923076923,18.646153846153844,108.67692307692307,1,0,0,0,0,0,0,0,0,0,0,0,0,0,1,0,0,25.0502007,121.526122,0,20,20,7,10,20,1,0,0,0
417,臺北市中山區天祥路1~30號,14.23,12.0,4,5,76.38,1,1,1,1,20880000,273370,RPWSMLRKJHPFFCA98CA,2,1,0,108,841138.4615384615,43.784615384615385,235.0153846153846,1,0,0,0,0,0,0,0,0,0,0,0,0,0,1,0,0,25.0605808,121.521107,0,20,20,20,11,20,1,1,2,1
418,臺北市中山區長安東路一段61~90號,16.69,7.0,4,39,96.84,3,1,2,0,15620000,161297,RPWQMLRKJHPFFCA78CA,1,1,0,108,496298.4615384615,51.353846153846156,297.96923076923076,1,0,0,0,0,0,0,0,0,0,0,0,0,0,0,1,0,25.0487171,121.5271069,1,19,20,5,9,20,1,1,0,0
419,臺北市中山區林森北路451~480號,9.84,14.0,4,12,126.59,2,1,1,1,21020000,166048,RPSPMLQKJHPFFCA18CA,1,1,1,108,510916.92307692306,30.276923076923076,389.5076923076923,1,0,0,0,0,0,0,0,0,0,0,0,1,0,0,0,0,25.0605292,121.5257599,0,20,20,20,11,20,2,1,1,1
420,臺北市中山區德惠街31~60號,3.0,9.0,4,42,27.42,1,1,1,1,4500000,164114,RPWOMLQKJHPFFCA48CA,1,1,0,108,504966.1538461538,9.23076923076923,84.36923076923077,1,0,0,0,0,0,0,0,0,0,0,0,0,0,1,0,0,25.0667707,121.5265786,0,11,20,15,15,20,2,0,1,1
421,臺北市中山區林森北路353巷19弄1~30號,9.5,4.0,3,54,23.38,1,1,1,0,2300000,98375,RPVPMLRKJHPFFCA58CA,1,1,0,109,302692.3076923077,29.23076923076923,71.93846153846154,1,0,0,0,0,0,0,0,0,0,0,0,0,1,0,0,0,25.057231,121.5261749,0,20,20,17,8,20,1,0,0,1
422,臺北市中山區天祥路61~90號,6.63,14.0,4,17,70.09,4,2,1,1,17580000,250820,RPPPMLOKJHPFFCA67CA,1,1,0,108,771753.8461538461,20.4,215.66153846153847,1,0,0,0,0,0,0,0,0,0,0,0,1,0,0,0,0,25.0634043,121.5208559,0,20,20,19,12,20,2,3,1,1
423,臺北市中山區復興北路481~510號,7.7,7.0,4,38,51.919999999999995,1,1,1,1,9100000,175270,RPWSMLPKJHPFFCA78CA,1,1,0,108,539292.3076923076,23.692307692307693,159.75384615384613,1,0,0,0,0,0,0,0,0,0,0,0,0,0,1,0,0,25.0649001,121.5445193,0,16,12,1,1,3,1,2,1,0
424,臺北市中山區樂群二路151~180號,47.09,10.0,4,21,155.69,3,2,2,1,25800000,165714,RPROMLPKJHPFFCA87CA,1,1,0,108,509889.23076923075,144.8923076923077,479.0461538461538,1,0,0,0,0,0,0,0,0,0,0,0,0,0,0,1,0,25.0802656,121.557391,0,4,8,3,7,16,1,1,0,0
425,臺北市中山區林森北路107巷1~30號,46.78,8.0,4,39,289.81,10,0,10,0,41000000,141472,RPTPMLMLJHPFFCA97CA,1,10,0,108,435298.4615384615,143.93846153846152,891.7230769230769,1,0,0,0,0,0,0,0,0,0,0,0,0,0,0,1,0,25.0503743,121.5252543,0,20,20,9,10,20,0,0,0,0
426,臺北市中山區長安東路一段56巷7弄1~30號,35.5,4.0,4,50,96.4,3,2,1,0,13006000,134917,RPTOMLOJKHPFFCA97CA,1,1,0,108,415129.23076923075,109.23076923076923,296.61538461538464,1,0,0,0,0,0,0,0,0,0,0,0,0,1,0,0,0,25.0475524,121.5290038,1,16,20,9,8,20,1,1,0,0
427,臺北市中山區新生北路二段31~60號,3.05,17.0,4,25,35.370000000000005,1,1,1,1,6800000,192253,RPQRMLRJKHPFFCA28CA,1,1,0,108,591547.6923076923,9.384615384615383,108.83076923076923,1,0,0,0,0,0,0,0,0,0,0,0,0,0,1,0,0,25.0542013,121.5278274,0,20,20,9,11,20,1,1,0,0
428,臺北市中山區德惠街31~60號,4.45,11.0,4,42,41.0,1,1,1,1,6600000,160976,RPOOMLTKJHPFFCA08DA,1,2,0,108,495310.7692307692,13.692307692307692,126.15384615384615,1,0,0,0,0,0,0,0,0,0,0,0,0,0,1,0,0,25.0667707,121.5265786,0,11,20,15,15,20,2,0,1,1
429,臺北市中山區堤頂大道二段361~390號,65.11,11.0,4,17,218.25,4,2,2,1,52800000,267582,RPOTMLPKJHPFFCA18DA,1,1,1,108,823329.2307692308,200.33846153846153,671.5384615384615,1,0,0,0,0,0,0,0,0,0,0,0,1,0,0,0,0,25.0792831,121.564299,0,16,15,1,13,20,2,1,1,0
430,臺北市中山區松江路362巷31~60號,22.45,7.0,4,38,119.09,4,2,2,0,22100000,185574,RPQOMLMLJHPFFCA67DA,1,1,0,108,570996.923076923,69.07692307692307,366.4307692307692,1,0,0,0,0,0,0,0,0,0,0,0,0,0,0,1,0,25.0620297,121.5320177,0,18,20,12,10,20,0,0,1,18
431,臺北市中山區松江路330巷31~60號,7.28,9.0,4,14,48.489999999999995,1,1,1,1,11400000,235100,RPXNMLTKJHPFFCA88DA,1,1,0,108,723384.6153846154,22.4,149.2,1,0,0,0,0,0,0,0,0,0,0,0,0,0,1,0,0,25.0612433,121.5318303,0,20,20,12,12,20,0,0,1,18
432,臺北市中山區五常街11巷1~30號,15.06,17.0,4,2,134.0,3,2,1,1,26620000,250313,RPOPMLQJKHPFFCA77CA,2,1,1,108,770193.8461538461,46.33846153846154,412.3076923076923,1,0,0,0,0,0,0,0,0,0,0,0,1,0,0,0,0,25.0645708,121.5377789,0,7,19,2,4,18,1,0,0,20
433,臺北市中山區五常街11巷1~30號,11.7,17.0,4,2,76.02,2,1,1,1,19500000,256511,RPQPMLQJKHPFFCA97CA,2,1,0,108,789264.6153846154,36.0,233.9076923076923,1,0,0,0,0,0,0,0,0,0,0,0,1,0,0,0,0,25.0645708,121.5377789,0,7,19,2,4,18,1,0,0,20
434,臺北市中山區五常街11巷1~30號,9.93,17.0,4,2,64.56,1,1,1,1,16200000,250929,RPSPMLQJKHPFFCA18CA,2,1,0,108,772089.2307692308,30.553846153846152,198.64615384615385,1,0,0,0,0,0,0,0,0,0,0,0,1,0,0,0,0,25.0645708,121.5377789,0,7,19,2,4,18,1,0,0,20
435,臺北市中山區五常街11巷1~30號,13.74,17.0,4,2,125.71,2,2,1,1,25410000,260180,RPTPMLQJKHPFFCA28CA,2,1,1,108,800553.8461538461,42.276923076923076,386.79999999999995,1,0,0,0,0,0,0,0,0,0,0,0,1,0,0,0,0,25.0645708,121.5377789,0,7,19,2,4,18,1,0,0,20
436,臺北市中山區五常街11巷1~30號,11.11,17.0,4,2,73.95,2,1,1,1,19020000,257201,RPUPMLQJKHPFFCA38CA,2,1,0,108,791387.6923076923,34.184615384615384,227.53846153846155,1,0,0,0,0,0,0,0,0,0,0,0,1,0,0,0,0,25.0645708,121.5377789,0,7,19,2,4,18,1,0,0,20
437,臺北市中山區合江街116巷1~30號,36.5,4.0,4,48,88.35,4,2,2,0,23000000,260328,RPPQMLLKKHPFFCA57CA,1,1,0,108,801009.2307692308,112.3076923076923,271.8461538461538,1,0,0,0,0,0,0,0,0,0,0,0,0,1,0,0,0,25.0592431,121.5389437,0,18,20,6,12,20,0,0,0,8
438,臺北市中山區五常街11巷1~30號,13.15,17.0,4,2,119.69,2,1,1,1,23900000,260870,RPOQMLQJKHPFFCA87CA,2,1,1,108,802676.923076923,40.46153846153846,368.2769230769231,1,0,0,0,0,0,0,0,0,0,0,0,1,0,0,0,0,25.0645708,121.5377789,0,7,19,2,4,18,1,0,0,20
439,臺北市中山區五常街11巷1~30號,19.07,17.0,4,2,156.53,3,2,2,1,33500000,260782,RPPQMLQJKHPFFCA97CA,2,1,1,108,802406.1538461539,58.676923076923075,481.6307692307692,1,0,0,0,0,0,0,0,0,0,0,0,1,0,0,0,0,25.0645708,121.5377789,0,7,19,2,4,18,1,0,0,20
440,臺北市中山區長春路1~30號,6.41,12.0,4,37,68.97,1,0,1,1,11250000,163114,RPSRMLPKJHPFFCA28CA,1,1,0,108,501889.23076923075,19.723076923076924,212.2153846153846,1,0,0,0,0,0,0,0,0,0,0,0,0,0,1,0,0,25.054352,121.547018,0,20,20,20,12,20,0,1,1,0
441,臺北市中山區龍江路301~330號,26.12,12.0,4,35,185.23000000000002,3,2,2,1,48000000,259137,RPSQMLPKJHPFFCA18CA,1,1,0,108,797344.6153846154,80.36923076923077,569.9384615384615,1,0,0,0,0,0,0,0,0,0,0,0,1,0,0,0,0,25.060965,121.5408919,0,20,20,6,7,20,1,2,1,3
442,臺北市中山區長安東路二段151~180號,6.42,14.0,4,20,82.28,2,1,1,1,18000000,218765,RPRRMLOKJHPFFCA08CA,1,1,1,108,673123.0769230769,19.753846153846155,253.16923076923075,1,0,0,0,0,0,0,0,0,0,0,0,1,0,0,0,0,25.0489552,121.5387279,0,20,19,12,9,20,1,1,0,0
443,臺北市中山區長春路1~30號,8.32,14.0,4,11,94.14,1,1,1,0,21980000,233482,RPURMLQKJHPFFCA58CA,1,1,0,108,718406.1538461539,25.6,289.66153846153844,1,0,0,0,0,0,0,0,0,0,0,0,1,0,0,0,0,25.054352,121.547018,0,20,20,20,12,20,0,1,1,0
444,臺北市中山區復興北路421~450號,7.14,12.0,4,13,40.86,1,1,1,1,9000000,220264,RPUNMLQKJHPFFCA18CA,2,1,0,108,677735.3846153846,21.969230769230766,125.72307692307692,1,0,0,0,0,0,0,0,0,0,0,0,0,0,1,0,0,25.0632342,121.5444647,0,20,19,5,4,6,1,2,1,0
445,臺北市中山區新生北路三段61~90號,11.18,9.0,4,2,94.99000000000001,2,2,1,1,20000000,209906,RPTSMLLLJHPFFCA18CA,1,1,1,108,645864.6153846154,34.4,292.2769230769231,1,0,0,0,0,0,0,0,0,0,0,0,0,0,0,1,0,25.0659966,121.5280981,0,12,20,14,14,20,2,1,1,1
446,臺北市中山區新生北路三段61~90號,11.01,9.0,4,2,93.78999999999999,2,2,1,1,19000000,200957,RPWSMLLLJHPFFCA48CA,1,1,1,108,618329.2307692308,33.87692307692308,288.58461538461535,1,0,0,0,0,0,0,0,0,0,0,0,0,0,0,1,0,25.0659966,121.5280981,0,12,20,14,14,20,2,1,1,1
447,臺北市中山區雙城街13巷1~30號,8.58,11.0,4,8,80.48,1,1,1,1,15000000,186382,RPTNMLTKJHPFFCA38CA,1,1,1,108,573483.0769230769,26.4,247.63076923076923,1,0,0,0,0,0,0,0,0,0,0,0,0,0,1,0,0,25.06417,121.5245646,0,20,20,19,11,20,2,2,1,1
448,臺北市中山區中山北路二段62巷1~30號,18.08,7.0,4,14,90.00999999999999,2,1,1,1,18550000,206088,RPROMLTKJHPFFCA28CA,1,1,0,108,634116.923076923,55.630769230769225,276.95384615384614,1,0,0,0,0,0,0,0,0,0,0,0,0,0,0,1,0,25.0567609,121.522381,0,20,20,16,9,20,0,0,2,1
449,臺北市中山區大直街1~30號,23.0,4.0,3,51,54.29,0,0,0,0,11680000,215141,RPUOMLQKJHPFFCA28CA,1,1,0,108,661972.3076923076,70.76923076923077,167.04615384615383,1,0,0,0,0,0,0,0,0,0,0,0,0,1,0,0,0,25.0803004,121.5470179,0,8,13,1,8,3,2,1,1,0
450,臺北市中山區農安街77巷1~30號,20.56,5.0,4,37,87.46,2,1,1,0,11730000,134118,RPOPMLQKJHPFFCA77CA,1,1,0,108,412670.7692307692,63.26153846153846,269.1076923076923,1,0,0,0,0,0,0,0,0,0,0,0,0,1,0,0,0,25.0653641,121.5285004,0,13,20,14,12,20,2,1,1,1
451,臺北市中山區中山北路二段77巷1~30號,5.14,14.0,4,20,69.84,2,2,1,1,16200000,231959,RPPPMLQKJHPFFCA87CA,1,1,0,108,713720.0,15.815384615384614,214.8923076923077,1,0,0,0,0,0,0,0,0,0,0,0,1,0,0,0,0,25.0576596,121.5230491,0,20,20,17,10,20,0,0,1,1
452,臺北市中山區合江街1~30號,6.55,9.0,4,13,40.22,1,1,1,1,9160000,227747,RPVSMLPKJHPFFCA68CA,1,1,0,108,700760.0,20.153846153846153,123.75384615384614,1,0,0,0,0,0,0,0,0,0,0,0,0,0,1,0,0,25.0548463,121.5391576,1,20,20,5,14,20,1,2,0,0
453,臺北市中山區吉林路315巷1~30號,30.75,4.0,4,49,86.25,3,1,1,0,11260000,130551,RPSNMLQKJHPFFCA97CA,1,1,0,108,401695.3846153846,94.61538461538461,265.38461538461536,1,0,0,0,0,0,0,0,0,0,0,0,0,1,0,0,0,25.0635892,121.5305899,0,8,20,8,11,20,2,1,1,7
454,臺北市中山區吉林路315巷1~30號,31.25,4.0,4,49,83.48,3,1,1,0,11000000,131768,RPTNMLQKJHPFFCA08CA,1,1,0,108,405440.0,96.15384615384615,256.8615384615385,1,0,0,0,0,0,0,0,0,0,0,0,0,1,0,0,0,25.0635892,121.5305899,0,8,20,8,11,20,2,1,1,7
455,臺北市中山區林森北路133巷61~90號,17.5,3.0,3,35,37.12,2,1,1,0,4870000,131196,RPTRMLPKJHPFFCA38CA,1,1,0,108,403680.0,53.84615384615385,114.21538461538461,1,0,0,0,0,0,0,0,0,0,0,0,0,1,0,0,0,25.050808,121.5273074,0,20,20,10,8,20,2,2,0,0
456,臺北市中山區民權東路二段152巷6弄1~30號,52.0,4.0,4,46,145.98,3,2,2,0,24500000,167831,RPOSMLPKJHPFFCA97CA,1,1,0,108,516403.0769230769,160.0,449.1692307692307,1,0,0,0,0,0,0,0,0,0,0,0,0,1,0,0,0,25.0614877,121.5351358,0,19,20,9,9,20,0,0,1,19
457,臺北市中山區四平街91~120號,12.83,10.0,4,20,53.480000000000004,1,1,1,1,11900000,222471,RPRUMLLLJHPFFCA18CA,1,1,0,108,684526.1538461539,39.47692307692308,164.55384615384617,1,0,0,0,0,0,0,0,0,0,0,0,0,0,1,0,0,25.0537355,121.5351853,1,20,20,9,14,20,1,3,1,0
458,臺北市中山區五常街11巷1~30號,12.63,17.0,4,2,81.66,2,1,1,1,21940000,268675,RPQQMLQJKHPFFCA08CA,2,1,0,108,826692.3076923076,38.861538461538466,251.26153846153844,1,0,0,0,0,0,0,0,0,0,0,0,1,0,0,0,0,25.0645708,121.5377789,0,7,19,2,4,18,1,0,0,20
459,臺北市中山區五常街11巷1~30號,13.57,17.0,4,2,123.02,2,2,1,1,25850000,265643,RPRQMLQJKHPFFCA18CA,2,1,1,108,817363.0769230769,41.753846153846155,378.52307692307687,1,0,0,0,0,0,0,0,0,0,0,0,1,0,0,0,0,25.0645708,121.5377789,0,7,19,2,4,18,1,0,0,20
460,臺北市中山區五常街11巷1~30號,11.59,17.0,4,2,74.92,1,1,1,1,18000000,240256,RPSQMLQJKHPFFCA28CA,2,1,0,108,739249.2307692308,35.66153846153846,230.52307692307693,1,0,0,0,0,0,0,0,0,0,0,0,1,0,0,0,0,25.0645708,121.5377789,0,7,19,2,4,18,1,0,0,20
461,臺北市中山區五常街11巷1~30號,19.07,17.0,4,2,156.53,3,2,2,1,33980000,263145,RPTQMLQJKHPFFCA38CA,2,1,1,108,809676.923076923,58.676923076923075,481.6307692307692,1,0,0,0,0,0,0,0,0,0,0,0,1,0,0,0,0,25.0645708,121.5377789,0,7,19,2,4,18,1,0,0,20
462,臺北市中山區五常街11巷1~30號,18.24,17.0,4,2,155.03,3,2,2,1,36500000,288914,RPUQMLQJKHPFFCA48CA,2,1,1,108,888966.1538461539,56.123076923076916,477.0153846153846,1,0,0,0,0,0,0,0,0,0,0,0,1,0,0,0,0,25.0645708,121.5377789,0,7,19,2,4,18,1,0,0,20
463,臺北市中山區五常街11巷1~30號,19.07,17.0,4,2,196.22,2,2,2,1,40450000,291743,SPUQMLQJKHPFFCA58CA,2,1,2,108,897670.7692307692,58.676923076923075,603.7538461538461,1,0,0,0,0,0,0,0,0,0,0,0,1,0,0,0,0,25.0645708,121.5377789,0,7,19,2,4,18,1,0,0,20
464,臺北市中山區五常街11巷1~30號,10.45,17.0,4,2,102.6,1,1,1,1,19400000,258674,TPUQMLQJKHPFFCA68CA,2,1,1,108,795920.0,32.15384615384615,315.6923076923077,1,0,0,0,0,0,0,0,0,0,0,0,1,0,0,0,0,25.0645708,121.5377789,0,7,19,2,4,18,1,0,0,20
465,臺北市中山區五常街11巷1~30號,15.02,17.0,4,2,133.66000000000003,3,2,1,1,27650000,260929,UPUQMLQJKHPFFCA78CA,2,1,1,108,802858.4615384615,46.215384615384615,411.2615384615385,1,0,0,0,0,0,0,0,0,0,0,0,1,0,0,0,0,25.0645708,121.5377789,0,7,19,2,4,18,1,0,0,20
466,臺北市中山區五常街11巷1~30號,18.24,17.0,4,2,155.22,3,2,2,1,36600000,289299,VPUQMLQJKHPFFCA88CA,2,1,1,108,890150.7692307692,56.123076923076916,477.59999999999997,1,0,0,0,0,0,0,0,0,0,0,0,1,0,0,0,0,25.0645708,121.5377789,0,7,19,2,4,18,1,0,0,20
467,臺北市中山區五常街11巷1~30號,18.31,17.0,4,2,156.99,2,2,2,1,37150000,289617,WPUQMLQJKHPFFCA98CA,2,1,1,108,891129.2307692308,56.33846153846153,483.04615384615386,1,0,0,0,0,0,0,0,0,0,0,0,1,0,0,0,0,25.0645708,121.5377789,0,7,19,2,4,18,1,0,0,20
468,臺北市中山區五常街11巷1~30號,12.11,17.0,4,2,112.85,1,1,1,1,20890000,243149,XPUQMLQJKHPFFCA09CA,2,1,1,108,748150.7692307692,37.26153846153846,347.2307692307692,1,0,0,0,0,0,0,0,0,0,0,0,1,0,0,0,0,25.0645708,121.5377789,0,7,19,2,4,18,1,0,0,20
469,臺北市中山區五常街11巷1~30號,15.96,17.0,4,2,142.74,2,2,1,1,28100000,242598,YPUQMLQJKHPFFCA56CA,2,1,1,108,746455.3846153846,49.10769230769231,439.2,1,0,0,0,0,0,0,0,0,0,0,0,1,0,0,0,0,25.0645708,121.5377789,0,7,19,2,4,18,1,0,0,20
470,臺北市中山區五常街11巷1~30號,18.24,17.0,4,2,155.22,3,2,2,1,36730000,290408,ZPUQMLQJKHPFFCA66CA,2,1,1,108,893563.0769230769,56.123076923076916,477.59999999999997,1,0,0,0,0,0,0,0,0,0,0,0,1,0,0,0,0,25.0645708,121.5377789,0,7,19,2,4,18,1,0,0,20
471,臺北市中山區五常街11巷1~30號,18.83,17.0,4,2,195.03,2,2,2,1,39950000,290458,QQUQMLQJKHPFFCA48CA,2,1,2,108,893716.923076923,57.93846153846153,600.0923076923077,1,0,0,0,0,0,0,0,0,0,0,0,1,0,0,0,0,25.0645708,121.5377789,0,7,19,2,4,18,1,0,0,20
472,臺北市中山區五常街11巷1~30號,12.11,17.0,4,2,112.85,1,1,1,1,20850000,242615,RQUQMLQJKHPFFCA58CA,2,1,1,108,746507.6923076923,37.26153846153846,347.2307692307692,1,0,0,0,0,0,0,0,0,0,0,0,1,0,0,0,0,25.0645708,121.5377789,0,7,19,2,4,18,1,0,0,20
473,臺北市中山區五常街11巷1~30號,16.47,17.0,4,2,180.78,2,2,1,1,30550000,241643,SQUQMLQJKHPFFCA68CA,2,1,2,108,743516.923076923,50.676923076923075,556.2461538461538,1,0,0,0,0,0,0,0,0,0,0,0,1,0,0,0,0,25.0645708,121.5377789,0,7,19,2,4,18,1,0,0,20
474,臺北市中山區敬業三路162巷31~60號,47.09,10.0,4,21,155.69,3,2,2,1,24580000,157878,RPPOMLTKJHPFFCA18DA,1,1,1,108,485778.4615384615,144.8923076923077,479.0461538461538,1,0,0,0,0,0,0,0,0,0,0,0,0,0,0,1,0,25.079056,121.557962,0,3,6,2,9,12,2,1,0,0
475,臺北市中山區新生北路二段28巷1~30號,6.12,15.0,4,32,50.379999999999995,1,1,1,1,10660000,211592,RPPNMLMLJHPFFCA47DA,1,1,0,108,651052.3076923076,18.83076923076923,155.0153846153846,1,0,0,0,0,0,0,0,0,0,0,0,0,0,1,0,0,25.0540468,121.5271134,0,20,20,9,10,20,1,1,0,0
476,臺北市中山區新生北路二段72巷1~30號,11.04,8.0,4,27,46.68,1,1,1,1,7380000,158098,RPUQMLKLJHPFFCA08DA,1,1,0,108,486455.3846153846,33.96923076923076,143.63076923076923,1,0,0,0,0,0,0,0,0,0,0,0,0,0,1,0,0,25.0570753,121.5272195,0,16,20,10,9,20,1,0,0,0
477,臺北市中山區明水路451~480號,79.0,14.0,4,15,339.90999999999997,3,2,3,1,147000000,432467,RPPRMLRJKHPFFCA18CA,1,1,2,109,1330667.6923076923,243.07692307692307,1045.876923076923,1,0,0,0,0,0,0,0,0,0,0,0,1,0,0,0,0,25.0775788,121.5501903,0,5,4,2,9,8,1,0,1,0
478,臺北市中山區中山北路二段77巷1~30號,9.3,12.0,4,12,100.80000000000001,2,1,1,1,22000000,225270,RPPPMLOKKHPFFCA77CA,1,1,1,108,693138.4615384615,28.615384615384617,310.1538461538462,1,0,0,0,0,0,0,0,0,0,0,0,1,0,0,0,0,25.0576596,121.5230491,0,20,20,17,10,20,0,0,1,1
479,臺北市中山區民生東路一段70巷1~30號,10.01,8.0,4,14,67.29,3,1,1,1,13000000,193194,RPSRMLQKJHPFFCA38CA,1,1,0,108,594443.0769230769,30.799999999999997,207.04615384615386,1,0,0,0,0,0,0,0,0,0,0,0,0,0,0,1,0,25.0576197,121.5264837,0,20,20,17,7,20,1,1,0,1
480,臺北市中山區長春路181~210號,18.14,12.0,4,38,121.66,3,2,2,1,24500000,201381,RPOSMLRKJHPFFCA18CA,3,1,0,108,619633.8461538461,55.815384615384616,374.3384615384615,1,0,0,0,0,0,0,0,0,0,0,0,1,0,0,0,0,25.054863,121.537651,1,20,20,6,14,20,2,2,0,0
481,臺北市中山區中山區遼寧街81巷1~30號,28.51,7.0,4,38,158.17,4,2,3,1,28000000,177025,RPSQMLKLJHPFFCA77CA,1,1,0,108,544692.3076923076,87.72307692307693,486.676923076923,1,0,0,0,0,0,0,0,0,0,0,0,0,0,0,1,0,25.0495307,121.5421745,0,20,20,10,11,20,3,3,1,0
482,臺北市中山區長春路61~90號,27.0,4.0,3,35,87.45,5,0,5,0,18250000,208691,RPPRMLRKJHPFFCA18CA,1,1,0,108,642126.1538461539,83.07692307692308,269.0769230769231,1,0,0,0,0,0,0,0,0,0,0,0,0,1,0,0,0,25.0550126,121.5262836,0,20,20,9,8,20,1,0,0,0
483,臺北市中山區長春路61~90號,27.0,4.0,3,35,94.35,5,0,5,0,18250000,193429,RPRRMLRKJHPFFCA38CA,1,1,0,108,595166.1538461539,83.07692307692308,290.30769230769226,1,0,0,0,0,0,0,0,0,0,0,0,0,1,0,0,0,25.0550126,121.5262836,0,20,20,9,8,20,1,0,0,0
484,臺北市中山區民族東路541~570號,31.53,5.0,4,40,109.7,3,2,2,0,17000000,154968,RPVSMLKLJHPFFCA28CA,9,1,0,108,476824.6153846154,97.01538461538462,337.53846153846155,1,0,0,0,0,0,0,0,0,0,0,0,0,1,0,0,0,25.0642602,121.5474546,1,11,11,1,3,9,0,2,2,0
485,臺北市中山區林森北路481~510號,4.7,14.0,4,18,63.03,1,1,1,1,10700000,169760,RPXUMLLLJHPFFCA78CA,1,1,1,109,522338.4615384615,14.461538461538462,193.93846153846152,1,0,0,0,0,0,0,0,0,0,0,0,0,0,1,0,0,25.0611307,121.5257278,0,20,20,20,10,20,2,1,1,1
486,臺北市中山區龍江路370巷1~30號,36.0,5.0,4,42,114.35,3,2,2,0,17000000,148666,RPQNMLLJKHPFFCA27CA,1,1,0,108,457433.8461538461,110.76923076923076,351.8461538461538,1,0,0,0,0,0,0,0,0,0,0,0,0,1,0,0,0,25.0665092,121.540826,0,6,11,1,3,11,1,1,0,0
487,臺北市中山區明水路541~570號,21.6,16.0,4,25,92.39999999999999,1,3,2,1,20880000,225974,RPVRMLKLJHPFFCA28DA,1,1,0,108,695304.6153846154,66.46153846153847,284.30769230769226,1,0,0,0,0,0,0,0,0,0,0,0,1,0,0,0,0,25.078471,121.551841,0,7,5,1,8,11,1,0,1,0
488,臺北市中山區林森北路119巷1~30號,5.32,7.0,4,15,20.82,1,1,1,1,4260000,204611,RPSTMLLLJHPFFCA28DA,1,1,0,108,629572.3076923076,16.369230769230768,64.06153846153846,1,0,0,0,0,0,0,0,0,0,0,0,0,0,1,0,0,25.0508342,121.5252532,0,20,20,9,10,20,0,0,0,0
489,臺北市中山區民生東路一段31~60號,3.28,12.0,4,42,39.97,0,0,0,1,4750000,118839,RPXPMLOKKHPFFCA58CA,1,1,0,108,365658.4615384615,10.092307692307692,122.98461538461538,1,0,0,0,0,0,0,0,0,0,0,0,0,0,1,0,0,25.0582147,121.5252053,0,20,20,16,12,20,0,1,1,1
490,臺北市中山區新生北路二段61~90號,4.9,12.0,4,49,37.98,1,1,1,1,5580000,146919,RPSSMLKLJHPFFCA97CA,1,1,0,108,452058.4615384615,15.076923076923077,116.86153846153844,1,0,0,0,0,0,0,0,0,0,0,0,0,0,1,0,0,25.0562845,121.5277511,0,20,20,9,13,20,1,0,0,0
491,臺北市中山區龍江路120巷1~30號,0.0,11.0,4,22,40.870000000000005,1,1,1,1,4650000,113775,RPRNMLLLJHPFFCA47CA,0,1,0,108,350076.92307692306,0.0,125.75384615384617,1,0,0,0,0,0,0,0,0,0,0,0,1,0,0,0,0,25.053706,121.540307,0,20,20,7,15,20,1,0,1,0
492,臺北市中山區南京東路一段132巷1~30號,18.81,7.0,4,46,107.26,3,2,1,0,7000000,65262,RPUNMLLLJHPFFCA77CA,2,1,1,108,200806.15384615384,57.87692307692307,330.03076923076924,1,0,0,0,0,0,0,0,0,0,0,0,0,0,0,1,0,25.0515054,121.5272951,0,20,20,11,9,20,2,2,0,0
493,臺北市中山區中山北路一段126巷1~30號,39.27,6.0,4,39,185.76,3,2,2,1,15200000,81826,RPPOMLLLJHPFFCA37CA,2,1,0,107,251772.3076923077,120.83076923076923,571.5692307692307,1,0,0,0,0,0,0,0,0,0,0,0,0,0,0,1,0,25.050965,121.5213483,0,20,20,7,10,20,0,2,1,0
494,臺北市中山區松江路391~420號,16.26,17.0,4,6,186.49,3,2,2,1,49880000,267467,RPTTMLLLJHPFFCA28CA,2,1,1,108,822975.3846153846,50.03076923076923,573.8153846153846,1,0,0,0,0,0,0,0,0,0,0,0,1,0,0,0,0,25.065064,121.533545,0,7,20,4,7,20,0,0,0,20
495,臺北市中山區雙城街12巷1~30號,7.08,6.0,4,40,42.059999999999995,1,1,1,0,2500000,59439,RPQNMLQJKHPFFCA77CA,1,1,0,108,182889.23076923075,21.784615384615385,129.4153846153846,1,0,0,0,0,0,0,0,0,0,0,0,0,0,1,0,0,25.0645358,121.5229706,0,20,20,19,11,20,2,3,2,1
496,臺北市中山區龍江路271~300號,29.2,5.0,4,44,107.13,3,2,2,0,18000000,168020,RPWOMLNJKHPFFCA18CA,1,1,0,108,516984.6153846154,89.84615384615384,329.6307692307692,1,0,0,0,0,0,0,0,0,0,0,0,0,1,0,0,0,25.0595362,121.540871,0,20,20,6,9,20,0,1,1,0
497,臺北市中山區雙城街23巷1~30號,8.69,6.0,4,41,40.3,1,0,1,1,5200000,129032,RPTPMLNJKHPFFCA97CA,1,1,0,108,397021.53846153844,26.738461538461536,123.99999999999999,1,0,0,0,0,0,0,0,0,0,0,0,0,0,0,1,0,25.0659131,121.5245919,0,18,20,16,8,20,2,2,1,1
498,臺北市中山區中山北路一段83巷1~30號,12.86,9.0,4,43,112.88,2,2,2,1,17500000,155032,RPVNMLMLJHPFFCA97CA,1,1,0,108,477021.53846153844,39.569230769230764,347.3230769230769,1,0,0,0,0,0,0,0,0,0,0,0,0,0,0,1,0,25.0504647,121.5225109,0,20,20,7,9,20,0,2,1,0
499,臺北市中山區合江街127巷1~30號,14.51,6.0,4,22,52.78,1,1,1,0,10400000,197044,RPOQMLOKKHPFFCA77CA,1,1,0,109,606289.2307692308,44.646153846153844,162.4,1,0,0,0,0,0,0,0,0,0,0,0,0,0,1,0,0,25.0608033,121.5395009,0,20,20,7,8,20,1,1,1,14
500,臺北市中山區北安路458巷51弄1~30號,27.64,4.0,4,44,91.78,3,2,2,0,18100000,197211,RPWNMLSKKHPFFCA68CA,7,1,0,108,606803.0769230769,85.04615384615384,282.4,1,0,0,0,0,0,0,0,0,0,0,0,0,1,0,0,0,25.078316,121.544807,0,0,5,1,5,6,2,2,1,0
501,臺北市中山區林森北路85巷31~60號,4.78,7.0,4,44,24.99,1,1,1,0,3900000,156062,RPROMLQJKHPFFCA08DA,2,1,0,109,480190.7692307692,14.707692307692309,76.89230769230768,1,0,0,0,0,0,0,0,0,0,0,0,0,0,1,0,0,25.0496178,121.5260445,0,20,20,7,10,20,1,0,0,0
502,臺北市中山區市民大道三段151~180號,8.91,13.0,4,13,68.5,2,1,1,1,12000000,175182,RPUOMLMLJHPFFCA08DA,1,1,0,108,539021.5384615385,27.415384615384614,210.76923076923077,1,0,0,0,0,0,0,0,0,0,0,0,1,0,0,0,0,25.0448694,121.5396463,0,19,20,7,12,20,1,0,0,0
503,臺北市中山區林森北路391~420號,2.41,12.0,4,39,27.270000000000003,1,1,1,1,2200000,80675,RPTNMLOJKHPFFCA97DA,1,1,0,108,248230.76923076922,7.415384615384616,83.90769230769232,1,0,0,0,0,0,0,0,0,0,0,0,0,0,1,0,0,25.0587529,121.5256823,0,20,20,16,10,20,0,1,1,1
504,臺北市中山區北安路621巷1~30號,34.81,5.0,4,41,110.62,3,2,1,0,17500000,158199,RPSNMLRKKHPFFCA18CA,1,1,0,108,486766.1538461538,107.10769230769232,340.3692307692308,1,0,0,0,0,0,0,0,0,0,0,0,0,1,0,0,0,25.0830075,121.5488228,0,16,12,1,9,13,2,0,1,0
505,臺北市中山區中山北路二段183巷1~30號,21.07,7.0,4,35,103.42,3,2,2,0,13500000,130536,RPVNMLLLKHPFFCA97CA,1,1,0,108,401649.23076923075,64.83076923076923,318.2153846153846,1,0,0,0,0,0,0,0,0,0,0,0,0,0,0,1,0,25.063859,121.5230045,0,20,20,20,10,20,2,2,2,1
506,臺北市中山區五常街53巷1~30號,24.8,5.0,4,42,90.0,3,2,1,0,15360000,170667,RPUPMLKMJHPFFCA97CA,2,1,0,108,525129.2307692308,76.3076923076923,276.9230769230769,1,0,0,0,0,0,0,0,0,0,0,0,0,1,0,0,0,25.064474,121.539681,0,12,18,4,4,16,1,1,0,15
507,臺北市中山區德惠街170巷1~30號,5.8,7.0,4,38,56.91,2,1,1,0,10000000,175716,RPVPMLKMJHPFFCA08CA,1,1,0,108,540664.6153846154,17.846153846153847,175.1076923076923,1,0,0,0,0,0,0,0,0,0,0,0,0,0,0,1,0,25.0662521,121.5318453,0,2,18,3,9,13,0,0,0,5
508,臺北市中山區中山北路三段55巷1~30號,4.63,8.0,4,42,38.370000000000005,1,1,1,1,5700000,148554,RPWPMLKMJHPFFCA18CA,1,1,0,108,457089.23076923075,14.246153846153845,118.06153846153848,1,0,0,0,0,0,0,0,0,0,0,0,0,0,1,0,0,25.0678733,121.5236812,0,11,15,10,14,16,0,1,0,1
509,臺北市中山區市民大道二段67巷1~30號,21.2,5.0,4,38,96.52,3,2,2,0,17500000,181310,RPXNMLKMJHPFFCA08CA,1,1,0,108,557876.923076923,65.23076923076923,296.9846153846154,1,0,0,0,0,0,0,0,0,0,0,0,0,1,0,0,0,25.0467388,121.5294402,1,14,20,7,10,20,2,1,0,0
510,臺北市中山區錦州街361~390號,39.75,4.0,4,45,102.45,3,2,2,0,17030000,166227,RPTRMLLMJHPFFCA18CA,1,1,0,108,511467.6923076923,122.3076923076923,315.2307692307692,1,0,0,0,0,0,0,0,0,0,0,0,0,1,0,0,0,25.060485,121.540114,0,20,20,6,9,20,1,1,1,7
511,臺北市中山區中山北路一段53巷1~30號,7.55,10.0,4,13,63.230000000000004,1,1,1,1,9960000,157520,RPXQMLKMJHPFFCA38CA,1,1,1,108,484676.92307692306,23.23076923076923,194.55384615384617,1,0,0,0,0,0,0,0,0,0,0,0,0,0,1,0,0,25.049378,121.5219264,0,20,20,9,5,20,0,3,1,0
512,臺北市中山區長安東路一段56巷7弄1~30號,28.3,5.0,4,2,142.52,3,2,2,1,27000000,189447,RPSPMLLMJHPFFCA87CA,1,1,1,108,582913.8461538461,87.07692307692308,438.5230769230769,1,0,0,0,0,0,0,0,0,0,0,0,0,0,0,1,0,25.0475524,121.5290038,1,16,20,9,8,20,1,1,0,0
513,臺北市中山區錦州街30巷1~30號,3.48,10.0,4,42,34.54,1,1,1,1,3450000,99884,RPQQMLKKKHPFFCA57CA,1,1,0,108,307335.3846153846,10.707692307692307,106.27692307692307,1,0,0,0,0,0,0,0,0,0,0,0,0,0,1,0,0,25.0601539,121.5249221,0,20,20,20,11,20,2,1,1,1
514,臺北市中山區天祥路48巷1~30號,20.76,4.0,3,54,68.13,3,2,1,0,12880000,189050,RPQRMLNJKHPFFCA97DA,2,1,0,108,581692.3076923076,63.87692307692308,209.6307692307692,1,0,0,0,0,0,0,0,0,0,0,0,0,1,0,0,0,25.0619248,121.5208406,0,20,20,20,12,20,1,3,2,1
515,臺北市中山區長安東路一段53巷1~30號,8.75,7.0,4,43,48.23,0,0,1,1,6300000,130624,RPUQMLPJKHPFFCA38CA,1,1,0,108,401920.0,26.923076923076923,148.39999999999998,1,0,0,0,0,0,0,0,0,0,0,0,0,0,0,1,0,25.049001,121.526489,1,19,20,7,9,20,1,1,0,0
516,臺北市中山區大直街67巷1~30號,55.75,4.0,4,45,155.75,4,2,2,0,36000000,231140,RPPSMLLMJHPFFCA87CA,1,1,0,108,711200.0,171.53846153846152,479.2307692307692,1,0,0,0,0,0,0,0,0,0,0,0,0,1,0,0,0,25.083829,121.546626,0,9,10,0,7,3,1,0,1,0
517,臺北市中山區新生北路一段31~60號,3.27,14.0,4,33,32.67,1,1,1,1,6350000,194368,RPQNMLOJKHPFFCA57CA,1,3,0,108,598055.3846153846,10.061538461538461,100.52307692307693,1,0,0,0,0,0,0,0,0,0,0,0,0,0,1,0,0,25.0472733,121.5310045,1,14,20,11,11,20,2,1,0,0
518,臺北市中山區興安街61~90號,4.69,15.0,4,35,22.89,3,2,2,1,2500000,109218,RPVPMLPJKHPFFCA38CA,1,2,0,108,336055.3846153846,14.430769230769231,70.43076923076923,1,0,0,0,0,0,0,0,0,0,0,0,1,0,0,0,0,25.0562445,121.5425052,0,20,20,9,14,20,0,0,0,0
519,臺北市中山區興安街61~90號,4.69,15.0,4,35,22.89,3,2,2,1,2100000,91743,RPWPMLPJKHPFFCA48CA,1,2,0,109,282286.1538461538,14.430769230769231,70.43076923076923,1,0,0,0,0,0,0,0,0,0,0,0,1,0,0,0,0,25.0562445,121.5425052,0,20,20,9,14,20,0,0,0,0
520,臺北市中山區四平街1~30號,21.4,5.0,4,53,72.51,3,2,1,0,13880000,191422,RPSRMLOJKHPFFCA18CA,1,1,0,108,588990.7692307692,65.84615384615384,223.1076923076923,1,0,0,0,0,0,0,0,0,0,0,0,0,1,0,0,0,25.0535786,121.532107,1,20,20,8,12,20,3,4,1,0
521,臺北市中山區林森北路511~540號,5.24,14.0,4,16,91.41999999999999,2,1,1,1,14280000,156202,RPSPMLPJKHPFFCA08CA,1,1,1,108,480621.53846153844,16.123076923076923,281.29230769230765,1,0,0,0,0,0,0,0,0,0,0,0,0,0,1,0,0,25.0619755,121.5257781,0,20,20,20,12,20,2,1,1,2
522,臺北市中山區北安路588巷30弄1~30號,46.12,12.0,4,14,307.03000000000003,4,2,3,1,81680000,266033,RPWNMLOJKHPFFCA18CA,1,1,2,108,818563.0769230769,141.9076923076923,944.7076923076924,1,0,0,0,0,0,0,0,0,0,0,0,1,0,0,0,0,25.0809434,121.5503148,0,16,13,3,8,15,2,0,1,0
523,臺北市中山區民生東路一段31~60號,2.69,12.0,4,42,31.580000000000002,0,0,0,1,4500000,142495,RPROMLOJKHPFFCA77CA,1,1,0,108,438446.1538461538,8.276923076923076,97.16923076923077,1,0,0,0,0,0,0,0,0,0,0,0,0,0,1,0,0,25.0582147,121.5252053,0,20,20,16,12,20,0,1,1,1
524,臺北市中山區新生北路二段62巷31~60號,5.75,9.0,4,30,52.22,1,1,1,1,8400000,160858,RPRQMLRLKHPFFCA48CA,1,1,0,108,494947.6923076923,17.692307692307693,160.67692307692306,1,0,0,0,0,0,0,0,0,0,0,0,0,0,1,0,0,25.0562793,121.526301,0,20,20,15,10,20,1,0,0,1
525,臺北市中山區龍江路361~390號,9.49,7.0,4,38,55.2,4,1,2,0,9000000,163043,RPQRMLQLKHPFFCA38CA,1,1,0,108,501670.7692307692,29.2,169.84615384615384,1,0,0,0,0,0,0,0,0,0,0,0,0,0,0,1,0,25.064195,121.5412979,0,14,20,4,5,9,1,1,1,0
526,臺北市中山區五常街11巷1~30號,36.83,17.0,4,2,313.49,3,2,2,1,69320000,269239,RPSNMLRLKHPFFCA28CA,2,1,2,108,828427.6923076923,113.32307692307691,964.5846153846154,1,0,0,0,0,0,0,0,0,0,0,0,1,0,0,0,0,25.0645708,121.5377789,0,7,19,2,4,18,1,0,0,20
527,臺北市中山區五常街11巷1~30號,36.83,17.0,4,2,313.49,3,2,2,1,69320000,269239,RPTNMLRLKHPFFCA38CA,2,1,2,108,828427.6923076923,113.32307692307691,964.5846153846154,1,0,0,0,0,0,0,0,0,0,0,0,1,0,0,0,0,25.0645708,121.5377789,0,7,19,2,4,18,1,0,0,20
528,臺北市中山區通北街91~120號,33.12,9.0,4,22,152.71,3,2,2,1,22300000,146028,RPPNMLSJKHPFFCA97DA,1,1,1,108,449316.92307692306,101.9076923076923,469.8769230769231,1,0,0,0,0,0,0,0,0,0,0,0,0,0,0,1,0,25.0829886,121.5385103,0,1,1,0,3,3,0,0,0,0
529,臺北市中山區新生北路二段61~90號,2.38,12.0,4,41,28.310000000000002,1,1,1,1,4200000,148357,RPTNMLPKKHPFFCA18DA,1,1,0,108,456483.07692307694,7.323076923076923,87.10769230769232,1,0,0,0,0,0,0,0,0,0,0,0,0,0,1,0,0,25.0562845,121.5277511,0,20,20,9,13,20,1,0,0,0
530,臺北市中山區南京東路一段1~30號,29.25,6.0,3,35,141.52,1,1,1,0,22397995,158267,RPPNMLRKKHPFFCA87CA,3,1,0,109,486975.3846153846,90.0,435.4461538461539,1,0,0,0,0,0,0,0,0,0,0,0,0,0,0,1,0,25.0523781,121.5231652,0,20,20,7,11,20,0,2,1,0
531,臺北市中山區撫順街1~30號,133.0,3.0,3,35,212.12,0,0,0,0,163000000,768433,RPSOMLQJKHPFFCA08CA,1,1,0,108,2364409.2307692305,409.2307692307692,652.6769230769231,1,0,0,0,0,0,0,0,0,0,0,0,0,0,0,0,1,25.0638973,121.5219221,0,20,20,20,10,20,2,4,2,1
532,臺北市中山區中山北路二段65巷1~30號,10.78,5.0,4,48,46.25,1,1,1,1,6280000,135784,RPXPMLNKKHPFFCA48CA,1,1,0,108,417796.92307692306,33.169230769230765,142.3076923076923,1,0,0,0,0,0,0,0,0,0,0,0,0,0,1,0,0,25.0571759,121.52326,0,20,20,15,8,20,0,0,1,1
533,臺北市中山區林森北路481~510號,4.7,14.0,4,18,63.03,2,1,1,1,10280000,163097,RPQRMLMKKHPFFCA87CA,1,1,1,109,501836.92307692306,14.461538461538462,193.93846153846152,1,0,0,0,0,0,0,0,0,0,0,0,1,0,0,0,0,25.0611307,121.5257278,0,20,20,20,10,20,2,1,1,1
534,臺北市中山區新生北路三段93巷1~30號,40.0,3.0,3,52,77.67,0,0,0,0,12000000,154500,RPPQMLOJKHPFFCA77CA,1,1,0,108,475384.6153846154,123.07692307692307,238.98461538461538,1,0,0,0,0,0,0,0,0,0,0,0,0,1,0,0,0,25.0676601,121.5290936,0,5,15,4,14,10,0,0,0,1
535,臺北市中山區北安路573巷2弄1~30號,36.01,4.0,4,46,93.49,4,2,3,0,15950000,170606,RPTNMLPJKHPFFCA97CA,3,1,0,108,524941.5384615385,110.8,287.66153846153844,1,0,0,0,0,0,0,0,0,0,0,0,0,1,0,0,0,25.0811668,121.5476638,0,14,14,1,8,7,2,0,1,0
536,臺北市中山區中山北路二段77巷1~30號,5.14,14.0,4,20,68.83,2,2,1,1,15600000,226645,RPOOMLPJKHPFFCA57CA,1,1,0,108,697369.2307692308,15.815384615384614,211.78461538461536,1,0,0,0,0,0,0,0,0,0,0,0,1,0,0,0,0,25.0576596,121.5230491,0,20,20,17,10,20,0,0,1,1
537,臺北市中山區新生北路三段88巷1~30號,38.2,5.0,4,33,160.98,4,2,2,0,23600000,146602,RPOQMLPJKHPFFCA77CA,2,1,0,108,451083.07692307694,117.53846153846155,495.3230769230769,1,0,0,0,0,0,0,0,0,0,0,0,0,1,0,0,0,25.0679782,121.5274155,0,9,18,8,13,12,2,0,0,1
538,臺北市中山區松江路391~420號,29.21,17.0,4,6,350.07,0,0,0,1,85000000,242809,RPORMLPJKHPFFCA87CA,2,1,2,108,747104.6153846154,89.87692307692308,1077.1384615384616,1,0,0,0,0,0,0,0,0,0,0,0,1,0,0,0,0,25.065064,121.533545,0,7,20,4,7,20,0,0,0,20
539,臺北市中山區中山北路一段105巷1~30號,5.5,7.0,4,39,37.730000000000004,1,1,1,1,5500000,145773,RPRSMLNKKHPFFCA18CA,1,1,0,108,448532.3076923077,16.923076923076923,116.0923076923077,1,0,0,0,0,0,0,0,0,0,0,0,0,0,1,0,0,25.050986,121.522477,0,20,20,7,9,20,0,2,1,0
540,臺北市中山區八德路二段271~300號,31.5,4.0,3,35,91.75,3,2,1,0,14500000,158038,RPQPMLLKKHPFFCA57CA,1,1,0,108,486270.7692307692,96.92307692307692,282.3076923076923,1,0,0,0,0,0,0,0,0,0,0,0,0,1,0,0,0,25.0471918,121.5415065,0,20,20,6,11,20,2,1,0,0
541,臺北市中山區民族東路31~60號,4.92,9.0,4,29,43.61,0,0,0,1,6480000,148590,RPRRMLRJKHPFFCA38CA,1,1,0,109,457200.0,15.138461538461538,134.18461538461537,1,0,0,0,0,0,0,0,0,0,0,0,0,0,0,1,0,25.0682803,121.5338379,0,2,10,1,8,14,0,0,0,3
542,臺北市中山區林森北路259巷1~30號,6.19,7.0,4,37,37.58,1,1,1,1,5550000,147685,RPPPMLKKKHPFFCA37CA,1,1,0,109,454415.3846153846,19.046153846153846,115.63076923076922,1,0,0,0,0,0,0,0,0,0,0,0,0,0,1,0,0,25.0544669,121.5263076,0,20,20,9,8,20,1,0,0,0
543,臺北市中山區民權東路一段61~90號,13.17,11.0,4,43,116.89,0,0,0,1,10600000,90684,RPVPMLOKKHPFFCA38CA,1,1,0,108,279027.6923076923,40.52307692307692,359.66153846153844,1,0,0,0,0,0,0,0,0,0,0,0,1,0,0,0,0,25.0629119,121.525043,0,20,20,20,13,20,2,2,1,1
544,臺北市中山區撫順街1~30號,5.87,8.0,4,39,41.06,1,1,1,1,2563425,62431,RPQOMLPKKHPFFCA97DA,1,1,0,109,192095.3846153846,18.06153846153846,126.33846153846154,1,0,0,0,0,0,0,0,0,0,0,0,0,0,1,0,0,25.0638973,121.5219221,0,20,20,20,10,20,2,4,2,1
545,臺北市中山區民生東路一段70巷1~30號,10.24,8.0,4,14,68.8,1,1,1,1,10300000,149709,RPWNMLTKKHPFFCA88DA,1,1,1,109,460643.0769230769,31.507692307692306,211.69230769230768,1,0,0,0,0,0,0,0,0,0,0,0,0,0,0,1,0,25.0576197,121.5264837,0,20,20,17,7,20,1,1,0,1
546,臺北市中山區明水路571~600號,36.09,16.0,4,26,222.0,4,2,2,1,46000000,237148,RPRNMLTJKHPFFCA28DA,1,1,1,108,729686.1538461539,111.04615384615386,683.0769230769231,1,0,0,0,0,0,0,0,0,0,0,0,1,0,0,0,0,25.0798567,121.5515087,0,14,7,2,9,13,1,0,1,0
547,臺北市中山區林森北路241~270號,2.68,12.0,4,39,33.76,1,0,1,1,4600000,136296,RPWNMLQJKHPFFCA48DA,2,1,0,108,419372.3076923077,8.246153846153847,103.87692307692306,1,0,0,0,0,0,0,0,0,0,0,0,0,0,1,0,0,25.0538966,121.5254722,0,20,20,10,9,20,1,0,0,0
548,臺北市中山區合江街180巷1~30號,17.82,7.0,4,38,161.38,3,2,1,0,28000000,173504,RPPRMLQJKHPFFCA18DA,3,1,0,108,533858.4615384615,54.83076923076923,496.5538461538461,1,0,0,0,0,0,0,0,0,0,0,0,0,0,0,1,0,25.0611879,121.5390886,0,16,20,7,8,20,1,1,0,16
549,臺北市中山區民生東路一段1~30號,3.31,12.0,4,41,44.510000000000005,0,0,0,1,5980000,134352,RPQPMLRJKHPFFCA18DA,1,1,0,109,413390.7692307692,10.184615384615384,136.95384615384617,1,0,0,0,0,0,0,0,0,0,0,0,1,0,0,0,0,25.0579831,121.5250958,0,20,20,16,12,20,0,1,1,1
550,臺北市中山區中山北路二段36巷31~60號,23.0,5.0,4,45,92.95,0,1,1,0,21500000,231307,RPRPMLRJKHPFFCA28DA,1,1,0,108,711713.8461538461,70.76923076923077,286.0,1,0,0,0,0,0,0,0,0,0,0,0,0,1,0,0,0,25.0543817,121.5209443,0,20,20,6,8,20,1,2,2,0
551,臺北市中山區德惠街105巷1~30號,21.24,7.0,4,35,111.56,3,1,1,0,19500000,174794,RPUQMLNKKHPFFCA38DA,1,2,0,108,537827.6923076923,65.35384615384615,343.26153846153846,1,0,0,0,0,0,0,0,0,0,0,0,0,0,0,1,0,25.0668618,121.529425,0,7,18,7,13,13,2,0,0,2
552,臺北市中山區林森北路451~480號,4.7,14.0,4,18,63.89,1,1,1,1,10000000,156519,RPSOMLNJLHPFFCA87CA,1,1,1,108,481596.92307692306,14.461538461538462,196.58461538461538,1,0,0,0,0,0,0,0,0,0,0,0,1,0,0,0,0,25.0605292,121.5257599,0,20,20,20,11,20,2,1,1,1
553,臺北市中山區八德路二段88巷1~30號,18.75,4.0,4,48,50.6,2,1,1,0,9400000,185771,RPSPMLTKKHPFFCA58CA,2,1,0,108,571603.0769230769,57.69230769230769,155.69230769230768,1,0,0,0,0,0,0,0,0,0,0,0,0,1,0,0,0,25.045526,121.536,0,13,15,7,10,20,0,1,0,0
554,臺北市中山區松江路184巷26弄1~30號,8.99,9.0,4,13,62.64,2,1,1,1,14900000,237867,RPTPMLKKKHPFFCA77CA,2,1,1,108,731898.4615384615,27.661538461538463,192.73846153846154,1,0,0,0,0,0,0,0,0,0,0,0,0,0,0,1,0,25.056815,121.5309667,1,20,20,10,9,20,2,2,1,0
555,臺北市中山區建國北路三段75巷1~30號,32.63,7.0,4,38,152.23,4,2,2,1,26000000,170794,RPXOMLRJKHPFFCA68CA,1,1,0,109,525520.0,100.4,468.4,1,0,0,0,0,0,0,0,0,0,0,0,0,0,0,1,0,25.0653331,121.5373886,0,5,15,2,4,18,1,0,0,20
556,臺北市中山區龍江路241~270號,22.21,7.0,4,41,132.57999999999998,3,2,2,1,25500000,192337,RPUPMLRJKHPFFCA48CA,1,1,0,108,591806.1538461539,68.33846153846154,407.93846153846147,1,0,0,0,0,0,0,0,0,0,0,0,0,0,0,1,0,25.0584445,121.5408121,0,20,20,7,9,20,0,0,1,0
557,臺北市中山區長春路1~30號,3.69,14.0,4,11,41.980000000000004,1,1,1,1,11350000,270367,RPRNMLLKKHPFFCA47CA,1,1,0,109,831898.4615384615,11.353846153846153,129.16923076923078,1,0,0,0,0,0,0,0,0,0,0,0,0,0,1,0,0,25.054352,121.547018,0,20,20,20,12,20,0,1,1,0
558,臺北市中山區民權東路二段91~120號,96.0,4.0,3,35,283.5,0,0,0,0,87000000,306878,RPSOMLMKKHPFFCA77CA,1,1,0,108,944240.0,295.38461538461536,872.3076923076923,1,0,0,0,0,0,0,0,0,0,0,0,0,0,0,0,1,25.0627026,121.532346,0,12,20,11,8,20,0,0,1,19
559,臺北市中山區林森北路91~120號,5.65,12.0,4,40,68.22,2,1,1,1,8990000,131780,RPXNMLOKKHPFFCA38CA,2,1,0,108,405476.92307692306,17.384615384615387,209.9076923076923,1,0,0,0,0,0,0,0,0,0,0,0,1,0,0,0,0,25.0500055,121.5249729,0,20,20,9,11,20,0,0,0,0
560,臺北市中山區松江路164巷61~90號,17.0,7.0,4,6,89.28,2,1,1,1,17500000,196013,RPPNMLRJKHPFFCA77CA,2,1,1,108,603116.923076923,52.30769230769231,274.7076923076923,1,0,0,0,0,0,0,0,0,0,0,0,0,0,0,1,0,25.055712,121.5306762,1,20,20,6,10,20,2,3,1,0
561,臺北市中山區新生北路二段91~120號,2.86,12.0,4,39,32.36,0,0,0,1,4600000,142151,RPVQMLNKKHPFFCA38CA,3,1,0,109,437387.6923076923,8.799999999999999,99.56923076923077,1,0,0,0,0,0,0,0,0,0,0,0,1,0,0,0,0,25.0573288,121.5278946,0,15,20,9,10,20,1,0,0,0
562,臺北市中山區林森北路85巷66弄1~30號,13.89,5.0,4,37,52.61,1,1,1,1,7300000,138757,RPUPMLOKKHPFFCA28CA,1,1,0,109,426944.6153846154,42.738461538461536,161.87692307692308,1,0,0,0,0,0,0,0,0,0,0,0,0,0,1,0,0,25.0490831,121.5272081,1,18,20,8,11,20,1,2,0,0
563,臺北市中山區新生北路二段61~90號,9.67,12.0,4,37,69.25999999999999,3,2,2,1,10000000,144383,RPSQMLLKKHPFFCA87CA,2,1,0,108,444255.3846153846,29.75384615384615,213.10769230769228,1,0,0,0,0,0,0,0,0,0,0,0,1,0,0,0,0,25.0562845,121.5277511,0,20,20,9,13,20,1,0,0,0
564,臺北市中山區中山北路二段65巷2弄1~30號,36.25,4.0,3,55,120.42,3,2,2,0,25600000,212589,RPSPMLLKKHPFFCA77CA,1,1,0,108,654120.0,111.53846153846153,370.5230769230769,1,0,0,0,0,0,0,0,0,0,0,0,0,1,0,0,0,25.0567317,121.5238219,0,20,20,15,9,20,0,0,1,1
565,臺北市中山區北安路630巷25弄1~30號,29.43,7.0,4,28,141.78,3,2,1,0,27500000,193962,RPURMLRJKHPFFCA68CA,1,1,1,108,596806.1538461539,90.55384615384615,436.24615384615385,1,0,0,0,0,0,0,0,0,0,0,0,0,0,0,1,0,25.0828201,121.5504699,0,16,12,1,7,17,2,0,1,0
566,臺北市中山區雙城街46巷1~30號,5.02,6.0,4,40,31.84,1,1,1,0,5000000,157035,RPTNMLQJLHPFFCA18CA,1,1,0,108,483184.6153846154,15.446153846153845,97.96923076923076,1,0,0,0,0,0,0,0,0,0,0,0,0,0,1,0,0,25.0676057,121.5241331,0,11,17,15,15,18,1,1,0,1
567,臺北市中山區北安路811~840號,12.04,14.0,4,11,133.51,2,1,1,1,25200000,248087,RPQPMLSKKHPFFCA38DA,2,1,1,109,763344.6153846154,37.04615384615384,410.79999999999995,1,0,0,0,0,0,0,0,0,0,0,0,1,0,0,0,0,25.085196,121.5554409,0,6,6,1,4,18,1,0,1,0
568,臺北市中山區民生東路二段61~90號,8.6,7.0,4,41,46.64,0,0,0,0,3235755,69377,RPXPMLNJLHPFFCA48CA,1,1,0,108,213467.6923076923,26.46153846153846,143.5076923076923,1,0,0,0,0,0,0,0,0,0,0,0,0,0,0,1,0,25.058163,121.5297391,0,20,20,13,9,20,1,0,1,0
569,臺北市中山區新生北路三段31~60號,6.57,11.0,4,43,51.730000000000004,1,1,1,1,8000000,154649,RPVNMLNJLHPFFCA08CA,2,1,0,108,475843.0769230769,20.215384615384615,159.16923076923078,1,0,0,0,0,0,0,0,0,0,0,0,0,0,1,0,0,25.0646869,121.5280576,0,13,20,16,15,20,2,1,1,1
570,臺北市中山區民權東路一段61~90號,4.88,11.0,4,43,47.04,1,1,1,1,8000000,170068,RPPOMLPKKHPFFCA77CA,1,1,0,108,523286.1538461538,15.015384615384615,144.73846153846154,1,0,0,0,0,0,0,0,0,0,0,0,1,0,0,0,0,25.0629119,121.525043,0,20,20,20,13,20,2,2,1,1
571,臺北市中山區松江路38巷1~30號,26.66,12.0,4,2,177.56,3,2,2,1,49860000,316019,RPVOMLLLKHPFFCA08CA,2,1,1,108,972366.1538461538,82.03076923076922,546.3384615384615,1,0,0,0,0,0,0,0,0,0,0,0,1,0,0,0,0,25.0476359,121.5325294,1,20,19,10,9,20,1,1,1,0
572,臺北市中山區松江路64巷1~30號,28.0,5.0,4,38,105.79,3,2,2,0,10200000,96417,RPQNMLNLKHPFFCA67CA,1,1,0,109,296667.6923076923,86.15384615384615,325.5076923076923,1,0,0,0,0,0,0,0,0,0,0,0,0,1,0,0,0,25.0490852,121.532266,1,20,20,13,9,20,1,2,1,0
573,臺北市中山區龍江路328巷1~30號,40.25,4.0,4,43,103.15,3,2,2,0,16880000,163645,RPVPMLKKKHPFFCA97CA,1,1,0,108,503523.0769230769,123.84615384615384,317.3846153846154,1,0,0,0,0,0,0,0,0,0,0,0,0,1,0,0,0,25.0652473,121.5407741,0,10,17,3,4,11,1,1,0,0
574,臺北市中山區新生北路三段62巷1~30號,30.32,10.0,4,31,205.29,5,2,3,1,34650000,168786,RPQNMLLKKHPFFCA37CA,1,1,1,108,519341.53846153844,93.29230769230769,631.6615384615384,1,0,0,0,0,0,0,0,0,0,0,0,0,0,0,1,0,25.0657092,121.5268627,0,14,20,17,10,20,2,1,1,1
575,臺北市中山區復興北路514巷1~30號,34.0,4.0,4,45,98.11,3,2,1,0,15500000,157986,RPVNMLMKKHPFFCA97CA,1,1,0,108,486110.7692307692,104.61538461538461,301.87692307692305,1,0,0,0,0,0,0,0,0,0,0,0,0,1,0,0,0,25.0660723,121.5438178,0,10,13,1,1,4,1,1,0,0
576,臺北市中山區林森北路421~450號,3.55,10.0,4,25,34.19,0,1,1,1,5550000,162328,RPSPMLMKKHPFFCA87CA,1,1,0,108,499470.7692307692,10.923076923076922,105.19999999999999,1,0,0,0,0,0,0,0,0,0,0,0,0,0,1,0,0,25.0604296,121.5257577,0,20,20,20,10,20,2,1,1,1
577,臺北市中山區通北街65巷2弄1~30號,37.77,9.0,4,27,149.26999999999998,4,2,2,1,24660000,165204,RPUPMLMKKHPFFCA08CA,1,1,0,108,508320.0,116.21538461538462,459.29230769230765,1,0,0,0,0,0,0,0,0,0,0,0,0,0,0,1,0,25.0832353,121.5396547,0,1,1,0,3,3,0,0,0,0
578,臺北市中山區吉林路391~420號,12.82,7.0,4,25,49.28,1,1,1,1,10200000,206981,RPSPMLOKKHPFFCA08CA,1,1,0,108,636864.6153846154,39.44615384615385,151.63076923076923,1,0,0,0,0,0,0,0,0,0,0,0,0,0,1,0,0,25.065582,121.5305005,0,9,20,8,9,15,2,0,0,3
579,臺北市中山區基湖路121~150號,46.02,12.0,4,15,237.5,3,2,2,1,48000000,202105,RPQOMLRKKHPFFCA08CA,1,1,2,109,621861.5384615385,141.6,730.7692307692307,1,0,0,0,0,0,0,0,0,0,0,0,1,0,0,0,0,25.0784577,121.5643166,0,14,10,0,14,20,2,1,0,0
580,臺北市中山區新生北路二段91~120號,2.07,14.0,4,34,23.060000000000002,0,0,0,1,2920000,126626,RPTTMLQLKHPFFCA88CA,1,1,0,108,389618.4615384615,6.369230769230769,70.95384615384616,1,0,0,0,0,0,0,0,0,0,0,0,0,0,1,0,0,25.0573288,121.5278946,0,15,20,9,10,20,1,0,0,0
581,臺北市中山區建國北路三段61~90號,8.41,14.0,4,6,84.34,0,0,0,1,21400000,253735,RPPNMLNJLHPFFCA47CA,2,1,0,108,780723.0769230769,25.876923076923077,259.5076923076923,1,0,0,0,0,0,0,0,0,0,0,0,1,0,0,0,0,25.0647501,121.537375,0,6,18,2,4,18,1,0,0,20
582,臺北市中山區八德路二段301~330號,50.89,13.0,4,3,292.45,3,2,2,1,88500000,333618,RPUOMLPJLHPFFCA28CA,1,1,1,109,1026516.923076923,156.58461538461538,899.8461538461538,1,0,0,0,0,0,0,0,0,0,0,0,1,0,0,0,0,25.047332,121.542483,0,20,20,7,11,20,3,2,0,0
583,臺北市中山區大直街34巷1~30號,19.75,4.0,3,51,46.5,2,1,3,0,16300000,350538,RPXNMLMKKHPFFCA28DA,1,1,0,108,1078578.4615384615,60.76923076923077,143.07692307692307,1,0,0,0,0,0,0,0,0,0,0,0,0,1,0,0,0,25.0817465,121.5459921,0,5,10,1,7,3,2,1,1,0
584,臺北市中山區林森北路121~150號,2.24,15.0,4,13,27.43,1,1,1,1,6200000,226030,RPPPMLMKKHPFFCA67DA,1,1,0,109,695476.923076923,6.892307692307693,84.39999999999999,1,0,0,0,0,0,0,0,0,0,0,0,0,0,1,0,0,25.0507481,121.5252106,0,20,20,10,10,20,0,0,0,0
585,臺北市中山區長春路211~240號,10.23,12.0,4,35,123.53,3,2,1,1,18550000,150166,RPXQMLNKKHPFFCA68DA,1,1,0,109,462049.23076923075,31.47692307692308,380.09230769230766,1,0,0,0,0,0,0,0,0,0,0,0,1,0,0,0,0,25.0549272,121.5384467,1,20,20,6,13,20,2,2,0,0
586,臺北市中山區龍江路377巷1~30號,21.44,7.0,4,35,131.69,3,2,2,0,22680000,172223,RPPQMLSKKHPFFCA38DA,1,1,0,108,529916.923076923,65.96923076923078,405.2,1,0,0,0,0,0,0,0,0,0,0,0,0,0,0,1,0,25.0648496,121.5412304,0,12,17,3,4,10,1,1,0,0
587,臺北市中山區明水路397巷7弄31~60號,39.11,13.0,4,28,230.57999999999998,3,2,2,1,43880000,190311,RPRSMLQLKHPFFCA68DA,1,1,2,109,585572.3076923076,120.33846153846153,709.476923076923,1,0,0,0,0,0,0,0,0,0,0,0,1,0,0,0,0,25.0781434,121.5495559,0,5,7,2,9,6,2,0,1,0
588,臺北市中山區中山北路二段72巷1~30號,13.28,7.0,4,9,76.15,1,2,1,1,18100000,256410,RPSQMLNKKHPFFCA18DA,1,1,1,108,788953.8461538461,40.86153846153846,234.30769230769232,1,0,0,0,0,0,0,0,0,0,0,0,0,0,0,1,0,25.0572664,121.5224366,0,20,20,16,9,20,0,0,1,1
589,臺北市中山區德惠街1~30號,4.48,10.0,4,39,42.209999999999994,1,1,1,1,6620000,156835,RPRQMLLLKHPFFCA87CA,1,1,0,109,482569.23076923075,13.784615384615385,129.87692307692305,1,0,0,0,0,0,0,0,0,0,0,0,0,0,1,0,0,25.0668904,121.5229555,0,17,20,15,12,20,1,1,0,1
590,臺北市中山區長安東路一段56巷1弄31~60號,32.35,7.0,4,13,156.08,2,2,2,1,28680000,183752,RPRQMLOKKHPFFCA08CA,1,1,1,108,565390.7692307692,99.53846153846153,480.24615384615385,1,0,0,0,0,0,0,0,0,0,0,0,0,0,0,1,0,25.0471549,121.5298445,1,15,20,11,11,20,2,1,0,0
591,臺北市中山區長春路301~330號,14.01,12.0,4,21,116.64,3,2,2,1,28400000,243484,RPUQMLOKKHPFFCA38CA,3,1,0,109,749181.5384615384,43.107692307692304,358.89230769230767,1,0,0,0,0,0,0,0,0,0,0,0,1,0,0,0,0,25.0547671,121.542456,0,20,20,9,16,20,0,0,1,0
592,臺北市中山區安東街1~30號,12.8,7.0,4,38,78.08,2,2,1,0,17010000,217853,RPUPMLNKKHPFFCA18CA,1,1,0,108,670316.923076923,39.38461538461539,240.24615384615385,1,0,0,0,0,0,0,0,0,0,0,0,0,0,0,1,0,25.0466603,121.5417663,0,20,20,6,13,20,1,1,0,0
593,臺北市中山區八德路二段174巷9弄1~30號,42.89,4.0,4,46,148.55,4,2,2,0,27300000,183777,RPOQMLNKKHPFFCA67CA,1,1,0,108,565467.6923076923,131.96923076923076,457.0769230769231,1,0,0,0,0,0,0,0,0,0,0,0,0,1,0,0,0,25.0458208,121.538535,0,11,12,5,12,20,1,1,0,0
594,臺北市中山區長春路31~60號,2.9,3.0,3,35,12.35,1,0,1,0,2064106,167134,RPRNMLMKKHPFFCA57CA,1,1,0,109,514258.4615384615,8.923076923076923,38.0,1,0,0,0,0,0,0,0,0,0,0,0,0,0,0,0,1,25.0551299,121.525757,0,20,20,11,9,20,1,0,0,0
595,臺北市中山區林森北路481~510號,9.66,14.0,4,18,92.08,1,2,1,1,17500000,190052,RPRRMLNKKHPFFCA08CA,1,2,0,108,584775.3846153846,29.723076923076924,283.3230769230769,1,0,0,0,0,0,0,0,0,0,0,0,1,0,0,0,0,25.0611307,121.5257278,0,20,20,20,10,20,2,1,1,1
596,臺北市中山區建國北路一段31~60號,11.89,15.0,4,14,185.07,2,2,1,1,34200000,184795,RPSRMLNKKHPFFCA18CA,2,1,2,109,568600.0,36.58461538461538,569.4461538461538,1,0,0,0,0,0,0,0,0,0,0,0,1,0,0,0,0,25.047585,121.5370531,0,20,15,11,8,20,1,1,0,0
597,臺北市中山區松江路301~330號,31.75,4.0,4,47,95.77,2,1,1,0,20000000,208834,RPWOMLOKKHPFFCA38CA,1,1,0,109,642566.1538461539,97.6923076923077,294.67692307692306,1,0,0,0,0,0,0,0,0,0,0,0,0,1,0,0,0,25.0611915,121.5334002,0,20,20,12,10,20,0,0,1,18
598,臺北市中山區中山北路二段93巷1~30號,11.8,14.0,4,18,94.47,2,1,1,1,14100000,149254,RPWQMLNKKHPFFCA48CA,1,1,1,108,459243.0769230769,36.30769230769231,290.67692307692306,1,0,0,0,0,0,0,0,0,0,0,0,1,0,0,0,0,25.0594195,121.5233012,0,20,20,18,10,20,0,1,2,1
599,臺北市中山區民族東路512巷13弄31~60號,32.1,5.0,4,40,109.7,3,2,2,0,19000000,173200,RPVOMLPKKHPFFCA38CA,9,1,0,108,532923.0769230769,98.76923076923077,337.53846153846155,1,0,0,0,0,0,0,0,0,0,0,0,0,1,0,0,0,25.0666422,121.5432829,0,7,11,0,1,4,1,1,0,0
600,臺北市中山區新生北路一段31~60號,6.55,14.0,4,33,65.66,2,1,1,1,11680000,177886,RPQNMLPKKHPFFCA77CA,1,2,0,109,547341.5384615385,20.153846153846153,202.0307692307692,1,0,0,0,0,0,0,0,0,0,0,0,1,0,0,0,0,25.0472733,121.5310045,1,14,20,11,11,20,2,1,0,0
601,臺北市中山區新生北路二段72巷1~30號,7.21,8.0,4,27,41.58,1,1,1,1,6580000,158249,RPSQMLOKKHPFFCA18CA,1,1,0,109,486920.0,22.184615384615384,127.93846153846152,1,0,0,0,0,0,0,0,0,0,0,0,0,0,1,0,0,25.0570753,121.5272195,0,16,20,10,9,20,1,0,0,0
602,臺北市中山區錦州街361~390號,20.76,7.0,4,37,91.44000000000001,2,2,1,0,19880000,217410,RPWOMLSKKHPFFCA78CA,1,1,0,109,668953.8461538461,63.87692307692308,281.3538461538462,1,0,0,0,0,0,0,0,0,0,0,0,0,0,0,1,0,25.060485,121.540114,0,20,20,6,9,20,1,1,1,7
603,臺北市中山區一江街31~60號,22.39,7.0,4,41,129.78,3,2,2,1,25000000,192634,RPOSMLKKLHPFFCA67CA,1,1,0,109,592720.0,68.8923076923077,399.32307692307694,1,0,0,0,0,0,0,0,0,0,0,0,0,0,0,1,0,25.0534174,121.53166,1,20,20,8,12,20,3,4,1,0
604,臺北市中山區五常街11巷1~30號,13.57,17.0,4,2,122.43,2,1,1,1,23500000,247660,RPPNMLPJLHPFFCA67CA,2,1,1,108,762030.7692307692,41.753846153846155,376.7076923076923,1,0,0,0,0,0,0,0,0,0,0,0,1,0,0,0,0,25.0645708,121.5377789,0,7,19,2,4,18,1,0,0,20
605,臺北市中山區五常街61~90號,41.83,4.0,4,44,128.29,4,2,3,0,23800000,185517,RPXQMLMJLHPFFCA48CA,2,1,0,109,570821.5384615385,128.7076923076923,394.7384615384615,1,0,0,0,0,0,0,0,0,0,0,0,0,1,0,0,0,25.0644159,121.5399342,0,12,17,4,4,13,1,1,0,10
606,臺北市中山區新生北路二段61~90號,3.11,12.0,4,41,34.03,0,0,0,1,5200000,152806,RPUQMLRLKHPFFCA78CA,1,1,0,108,470172.3076923077,9.569230769230769,104.70769230769231,1,0,0,0,0,0,0,0,0,0,0,0,0,0,1,0,0,25.0562845,121.5277511,0,20,20,9,13,20,1,0,0,0
607,臺北市中山區吉林路407巷1~30號,30.25,4.0,4,49,83.47,3,2,2,0,15500000,185695,RPWNMLPKKHPFFCA48DA,1,1,0,108,571369.2307692308,93.07692307692308,256.8307692307692,1,0,0,0,0,0,0,0,0,0,0,0,0,1,0,0,0,25.066167,121.5306192,0,8,20,4,11,12,0,0,0,1
608,臺北市中山區新生北路三段31~60號,3.17,12.0,4,39,32.31,1,1,1,1,4100000,126896,RPOPMLLLKHPFFCA57DA,1,1,0,108,390449.23076923075,9.753846153846153,99.41538461538462,1,0,0,0,0,0,0,0,0,0,0,0,0,0,1,0,0,25.0646869,121.5280576,0,13,20,16,15,20,2,1,1,1
609,臺北市中山區新生北路三段1~30號,6.08,12.0,4,15,43.41,2,2,1,1,11220000,258466,RPRRMLTKKHPFFCA78DA,3,1,0,109,795280.0,18.70769230769231,133.56923076923076,1,0,0,0,0,0,0,0,0,0,0,0,1,0,0,0,0,25.0628897,121.5281771,0,11,20,16,10,20,2,1,1,0
610,臺北市中山區龍江路37巷1~30號,38.0,4.0,4,47,105.53,4,2,1,0,16450000,155880,RPPPMLKLKHPFFCA57DA,1,1,0,108,479630.7692307692,116.92307692307692,324.7076923076923,1,0,0,0,0,0,0,0,0,0,0,0,0,1,0,0,0,25.0488669,121.540725,0,20,20,8,9,20,2,1,1,0
611,臺北市中山區松江路184巷26弄1~30號,40.45,14.0,4,13,230.65,4,2,2,1,49800000,246330,RPWWMLQLKHPFFCA96DA,1,1,2,108,757938.4615384615,124.46153846153847,709.6923076923077,1,0,0,0,0,0,0,0,0,0,0,0,1,0,0,0,0,25.056815,121.5309667,1,20,20,10,9,20,2,2,1,0
612,臺北市中山區長安東路二段151~180號,48.2,9.0,4,49,366.8,0,4,2,1,61200000,166848,RPXWMLQLKHPFFCA07DA,1,1,0,108,513378.4615384615,148.30769230769232,1128.6153846153845,1,0,0,0,0,0,0,0,0,0,0,0,0,0,0,1,0,25.0489552,121.5387279,0,20,19,12,9,20,1,1,0,0
613,臺北市中山區長安東路一段65巷1~30號,22.92,7.0,4,7,113.81,2,2,2,1,22880000,205983,RPPOMLMLKHPFFCA67DA,1,1,1,109,633793.8461538461,70.52307692307693,350.18461538461537,1,0,0,0,0,0,0,0,0,0,0,0,0,0,0,1,0,25.0488455,121.5276297,1,18,20,7,9,20,1,2,0,0
614,臺北市中山區松江路204巷31~60號,90.0,2.0,3,35,151.08,2,2,2,0,42000000,277998,RPURMLQLKHPFFCA88DA,1,1,0,109,855378.4615384615,276.9230769230769,464.8615384615385,1,0,0,0,0,0,0,0,0,0,0,0,0,0,0,0,1,25.0575452,121.5317481,1,20,20,12,9,20,2,2,1,0
615,臺北市中山區龍江路429巷1~30號,14.1,7.0,4,8,73.41,2,1,1,1,16500000,224765,RPWQMLMJLHPFFCA38CA,1,1,0,108,691584.6153846154,43.38461538461538,225.87692307692305,1,0,0,0,0,0,0,0,0,0,0,0,0,0,0,1,0,25.0669105,121.5411349,0,5,10,1,3,9,1,1,0,0
616,臺北市中山區八德路二段241~270號,11.44,7.0,4,41,68.03999999999999,5,3,4,1,4397271,64628,RPUOMLSKKHPFFCA58CA,1,1,0,108,198855.3846153846,35.199999999999996,209.35384615384612,1,0,0,0,0,0,0,0,0,0,0,0,0,0,0,1,0,25.0469703,121.5407529,0,18,18,7,10,20,2,1,0,0
617,臺北市中山區林森北路399巷1~30號,4.25,13.0,4,37,48.0,2,2,2,1,7500000,156250,RPUNMLSKKHPFFCA48CA,3,1,0,109,480769.23076923075,13.076923076923077,147.69230769230768,1,0,0,0,0,0,0,0,0,0,0,0,1,0,0,0,0,25.059267,121.5256771,0,20,20,20,11,20,2,1,1,1
618,臺北市中山區中山北路二段59巷1~30號,5.73,14.0,4,22,38.25,1,1,1,1,9680000,253072,RPQNMLRKKHPFFCA97CA,1,1,0,109,778683.0769230769,17.630769230769232,117.6923076923077,1,0,0,0,0,0,0,0,0,0,0,0,0,0,1,0,0,25.0559648,121.5232067,0,20,20,18,11,20,0,0,2,1
619,臺北市中山區吉林路174巷1~30號,21.9,5.0,4,38,102.25,2,0,1,0,16000000,156479,RPPPMLPKKHPFFCA87CA,1,1,0,108,481473.8461538461,67.38461538461537,314.6153846153846,1,0,0,0,0,0,0,0,0,0,0,0,0,1,0,0,0,25.0572126,121.5298576,1,20,20,10,10,20,2,0,1,0
620,臺北市中山區中山北路一段61~90號,2.78,13.0,4,12,31.39,1,1,1,1,8380000,266964,RPQPMLPKKHPFFCA97CA,1,1,0,109,821427.6923076923,8.553846153846154,96.58461538461539,1,0,0,0,0,0,0,0,0,0,0,0,0,0,1,0,0,25.0499695,121.5219583,0,20,20,8,8,20,0,2,1,0
621,臺北市中山區合江街17巷1~30號,57.0,4.0,4,48,137.93,10,0,2,0,22000000,159501,RPRPMLPKKHPFFCA08CA,1,1,0,108,490772.3076923077,175.3846153846154,424.40000000000003,1,0,0,0,0,0,0,0,0,0,0,0,0,1,0,0,0,25.0551933,121.5393106,1,20,20,4,16,20,0,2,0,0
622,臺北市中山區新生北路二段121~150號,8.69,7.0,4,42,50.44,3,2,1,0,8000000,158604,RPTNMLMJMHPFFCA87CA,1,1,0,109,488012.3076923077,26.738461538461536,155.2,1,0,0,0,0,0,0,0,0,0,0,0,0,0,0,1,0,25.0592578,121.5279608,0,17,20,15,11,20,0,1,1,0
623,臺北市中山區林森北路271~300號,3.82,12.0,4,44,47.629999999999995,1,1,1,1,2750000,57737,RPQOMLLMLHPFFCA77CA,2,1,0,109,177652.3076923077,11.753846153846153,146.55384615384614,1,0,0,0,0,0,0,0,0,0,0,0,1,0,0,0,0,25.0551668,121.5256069,0,20,20,12,9,20,1,0,0,0
624,臺北市中山區德惠街170巷1~30號,4.36,7.0,4,38,56.91,2,1,1,1,9100000,159902,RPTNMLOJLHPFFCA97CA,1,1,0,108,492006.1538461538,13.415384615384616,175.1076923076923,1,0,0,0,0,0,0,0,0,0,0,0,0,0,0,1,0,25.0662521,121.5318453,0,2,18,3,9,13,0,0,0,5
625,臺北市中山區新生北路三段31~60號,6.57,11.0,4,43,51.730000000000004,1,1,1,1,7800000,150783,RPUNMLNJLHPFFCA97CA,2,1,0,108,463947.6923076923,20.215384615384615,159.16923076923078,1,0,0,0,0,0,0,0,0,0,0,0,0,0,1,0,0,25.0646869,121.5280576,0,13,20,16,15,20,2,1,1,1
626,臺北市中山區南京東路一段132巷1~30號,14.27,9.0,4,9,92.41,1,1,1,1,16000000,181632,RPSRMLQLKHPFFCA68DA,1,1,1,109,558867.6923076923,43.90769230769231,284.3384615384615,1,0,0,0,0,0,0,0,0,0,0,0,0,0,0,1,0,25.0515054,121.5272951,0,20,20,11,9,20,2,2,0,0
627,臺北市中山區正義里林森北路121~150號,2.33,12.0,4,40,23.97,1,1,1,1,3200000,133500,RPWNMLRKKHPFFCA68DA,1,1,0,109,410769.23076923075,7.1692307692307695,73.75384615384615,1,0,0,0,0,0,0,0,0,0,0,0,0,0,1,0,0,25.0507481,121.5252106,0,20,20,10,10,20,0,0,0,0
628,臺北市中山區民生東路三段31~60號,30.28,14.0,4,14,329.90999999999997,4,2,2,1,76000000,300881,RPQOMLSKKHPFFCA28DA,1,1,2,108,925787.6923076923,93.16923076923077,1015.1076923076922,1,0,0,0,0,0,0,0,0,0,0,0,1,0,0,0,0,25.0580663,121.539111,0,20,19,5,12,20,0,0,0,0
629,臺北市中山區長春路91~120號,44.08,13.0,4,7,439.45000000000005,3,3,3,1,93000000,253464,RPVWMLQLKHPFFCA86DA,1,1,2,108,779889.2307692308,135.63076923076923,1352.1538461538462,1,0,0,0,0,0,0,0,0,0,0,0,1,0,0,0,0,25.0550175,121.5289209,0,20,20,7,9,20,1,1,0,0
630,臺北市中山區新生北路二段60巷31~60號,32.86,6.0,4,42,184.8,2,2,1,0,25000000,135281,RPPRMLMJLHPFFCA77CA,1,2,0,109,416249.23076923075,101.1076923076923,568.6153846153846,1,0,0,0,0,0,0,0,0,0,0,0,0,0,0,1,0,25.0557852,121.5264657,0,20,20,8,8,20,1,0,0,0
631,臺北市中山區四平街31~60號,7.35,11.0,4,13,62.89,0,0,0,1,15800000,251232,RPTQMLNJLHPFFCA18CA,2,1,0,109,773021.5384615384,22.615384615384613,193.5076923076923,1,0,0,0,0,0,0,0,0,0,0,0,1,0,0,0,0,25.0537396,121.531363,1,20,20,8,9,20,3,4,1,0
632,臺北市中山區北安路621巷1~30號,18.76,7.0,4,35,144.92999999999998,3,2,2,1,28000000,193197,RPPOMLKKLHPFFCA37CA,2,1,0,109,594452.3076923076,57.723076923076924,445.93846153846147,1,0,0,0,0,0,0,0,0,0,0,0,0,0,0,1,0,25.0830075,121.5488228,0,16,12,1,9,13,2,0,1,0
633,臺北市中山區民族東路241~270號,29.57,5.0,4,36,100.72,3,2,2,0,13500000,134035,RPPNMLKLKHPFFCA27CA,1,1,0,109,412415.3846153846,90.98461538461538,309.9076923076923,1,0,0,0,0,0,0,0,0,0,0,0,0,1,0,0,0,25.0682379,121.5242629,0,11,15,10,17,15,0,1,0,1
634,臺北市中山區北安路631~660號,22.9,5.0,4,35,111.74,3,2,2,0,19680000,176123,RPWPMLRKKHPFFCA78CA,1,1,0,108,541916.923076923,70.46153846153845,343.8153846153846,1,0,0,0,0,0,0,0,0,0,0,0,0,1,0,0,0,25.0835,121.548969,0,16,12,1,9,13,1,0,1,0
635,臺北市中山區長安東路一段56巷7弄1~30號,27.56,5.0,4,2,139.92000000000002,3,2,2,1,26510000,189465,RPTNMLSKKHPFFCA38CA,1,1,1,108,582969.2307692308,84.8,430.523076923077,1,0,0,0,0,0,0,0,0,0,0,0,0,0,0,1,0,25.0475524,121.5290038,1,16,20,9,8,20,1,1,0,0
636,臺北市中山區農安街166巷1~30號,20.54,5.0,4,42,108.67,3,2,2,0,15380000,141529,RPRPMLSKKHPFFCA38CA,1,1,0,109,435473.8461538461,63.199999999999996,334.36923076923074,1,0,0,0,0,0,0,0,0,0,0,0,0,1,0,0,0,25.0645039,121.5339444,0,6,20,5,9,19,0,0,0,20
637,臺北市中山區中山北路二段42巷1~30號,7.13,8.0,4,2,36.949999999999996,1,0,1,0,11850000,320704,RPPUMLLMLHPFFCA28CA,1,1,0,106,986781.5384615384,21.93846153846154,113.69230769230768,1,0,0,0,0,0,0,0,0,0,0,0,0,0,0,1,0,25.0545879,121.520821,0,20,20,13,9,20,1,2,2,1
638,臺北市中山區中山北路二段42巷1~30號,8.23,8.0,4,2,42.75,1,1,1,0,13700000,320468,RPQUMLLMLHPFFCA38CA,1,1,0,106,986055.3846153846,25.323076923076922,131.53846153846155,1,0,0,0,0,0,0,0,0,0,0,0,0,0,0,1,0,25.0545879,121.520821,0,20,20,13,9,20,1,2,2,1
639,臺北市中山區中山北路二段42巷1~30號,12.79,8.0,4,2,77.74,1,1,1,0,24150000,338226,SPQUMLLMLHPFFCA48CA,1,1,1,106,1040695.3846153846,39.35384615384615,239.2,1,0,0,0,0,0,0,0,0,0,0,0,0,0,0,1,0,25.0545879,121.520821,0,20,20,13,9,20,1,2,2,1
640,臺北市中山區中山北路二段42巷1~30號,9.47,8.0,4,2,49.07000000000001,1,1,1,0,16180000,329733,TPQUMLLMLHPFFCA58CA,1,1,0,106,1014563.0769230769,29.138461538461538,150.9846153846154,1,0,0,0,0,0,0,0,0,0,0,0,0,0,0,1,0,25.0545879,121.520821,0,20,20,13,9,20,1,2,2,1
641,臺北市中山區中山北路二段42巷1~30號,8.23,8.0,4,2,42.75,1,1,1,0,13240000,309708,RPRUMLLMLHPFFCA48CA,1,1,0,106,952947.6923076923,25.323076923076922,131.53846153846155,1,0,0,0,0,0,0,0,0,0,0,0,0,0,0,1,0,25.0545879,121.520821,0,20,20,13,9,20,1,2,2,1
642,臺北市中山區中山北路二段42巷1~30號,12.79,8.0,4,2,77.74,1,1,1,0,23900000,334443,RPSUMLLMLHPFFCA58CA,1,1,1,106,1029055.3846153846,39.35384615384615,239.2,1,0,0,0,0,0,0,0,0,0,0,0,0,0,0,1,0,25.0545879,121.520821,0,20,20,13,9,20,1,2,2,1
643,臺北市中山區中山北路二段42巷1~30號,7.13,8.0,4,2,36.949999999999996,1,0,1,0,11500000,311231,RPTUMLLMLHPFFCA68CA,1,1,0,106,957633.8461538461,21.93846153846154,113.69230769230768,1,0,0,0,0,0,0,0,0,0,0,0,0,0,0,1,0,25.0545879,121.520821,0,20,20,13,9,20,1,2,2,1
644,臺北市中山區中山北路二段42巷1~30號,8.23,8.0,4,2,42.75,1,1,1,0,14000000,327485,RPUUMLLMLHPFFCA78CA,1,1,0,106,1007646.1538461538,25.323076923076922,131.53846153846155,1,0,0,0,0,0,0,0,0,0,0,0,0,0,0,1,0,25.0545879,121.520821,0,20,20,13,9,20,1,2,2,1
645,臺北市中山區中山北路二段42巷1~30號,7.16,8.0,4,2,48.61,1,0,1,0,13280000,310690,RPVUMLLMLHPFFCA88CA,1,1,1,106,955969.2307692308,22.03076923076923,149.56923076923076,1,0,0,0,0,0,0,0,0,0,0,0,0,0,0,1,0,25.0545879,121.520821,0,20,20,13,9,20,1,2,2,1
646,臺北市中山區中山北路二段42巷1~30號,9.47,8.0,4,2,49.07000000000001,1,1,1,0,15560000,317098,RPWUMLLMLHPFFCA98CA,1,1,0,106,975686.1538461538,29.138461538461538,150.9846153846154,1,0,0,0,0,0,0,0,0,0,0,0,0,0,0,1,0,25.0545879,121.520821,0,20,20,13,9,20,1,2,2,1
647,臺北市中山區中山北路二段42巷1~30號,9.47,8.0,4,2,49.07000000000001,1,1,1,0,15300000,311799,RPXUMLLMLHPFFCA09CA,1,1,0,106,959381.5384615384,29.138461538461538,150.9846153846154,1,0,0,0,0,0,0,0,0,0,0,0,0,0,0,1,0,25.0545879,121.520821,0,20,20,13,9,20,1,2,2,1
648,臺北市中山區中山北路二段42巷1~30號,12.79,8.0,4,2,77.74,1,1,1,0,23760000,332324,RPOVMLLMLHPFFCA28CA,1,1,1,106,1022535.3846153846,39.35384615384615,239.2,1,0,0,0,0,0,0,0,0,0,0,0,0,0,0,1,0,25.0545879,121.520821,0,20,20,13,9,20,1,2,2,1
649,臺北市中山區中山北路二段42巷1~30號,9.47,8.0,4,2,49.07000000000001,1,1,1,0,15950000,325046,SPOVMLLMLHPFFCA38CA,1,1,0,106,1000141.5384615384,29.138461538461538,150.9846153846154,1,0,0,0,0,0,0,0,0,0,0,0,0,0,0,1,0,25.0545879,121.520821,0,20,20,13,9,20,1,2,2,1
650,臺北市中山區中山北路二段42巷1~30號,8.23,8.0,4,2,42.75,1,1,1,0,13460000,314854,RPPVMLLMLHPFFCA38CA,1,1,0,106,968781.5384615384,25.323076923076922,131.53846153846155,1,0,0,0,0,0,0,0,0,0,0,0,0,0,0,1,0,25.0545879,121.520821,0,20,20,13,9,20,1,2,2,1
651,臺北市中山區中山北路二段42巷1~30號,12.79,8.0,4,2,77.74,1,1,1,0,23200000,323850,SPPVMLLMLHPFFCA48CA,1,1,1,106,996461.5384615384,39.35384615384615,239.2,1,0,0,0,0,0,0,0,0,0,0,0,0,0,0,1,0,25.0545879,121.520821,0,20,20,13,9,20,1,2,2,1
652,臺北市中山區中山北路一段61~90號,3.96,13.0,4,12,44.53,1,1,1,1,9850000,221199,RPXPMLSKKHPFFCA98CA,1,1,0,109,680612.3076923076,12.184615384615384,137.01538461538462,1,0,0,0,0,0,0,0,0,0,0,0,0,0,1,0,0,25.0499695,121.5219583,0,20,20,8,8,20,0,2,1,0
653,臺北市中山區合江街61巷1~30號,43.13,7.0,4,26,176.07000000000002,4,2,2,0,26500000,150500,RPPNMLTKKHPFFCA08CA,1,2,1,109,463076.92307692306,132.7076923076923,541.7538461538462,1,0,0,0,0,0,0,0,0,0,0,0,0,0,0,1,0,25.0573234,121.5392565,0,19,19,3,15,20,0,2,0,0
654,臺北市中山區長春路241~270號,11.83,12.0,4,13,146.0,2,2,2,1,26000000,178082,RPXQMLTKKHPFFCA56CA,1,1,1,109,547944.6153846154,36.4,449.2307692307692,1,0,0,0,0,0,0,0,0,0,0,0,1,0,0,0,0,25.054837,121.5393235,1,20,20,4,14,20,1,2,0,0
655,臺北市中山區雙城街31~60號,22.92,7.0,4,41,133.62,3,2,2,1,22800000,170633,RPRNMLQKLHPFFCA08CA,1,1,0,108,525024.6153846154,70.52307692307693,411.1384615384615,1,0,0,0,0,0,0,0,0,0,0,0,0,0,0,1,0,25.0664503,121.5243593,0,15,20,16,10,20,2,1,1,1
656,臺北市中山區基湖路145巷1~30號,64.26,7.0,4,2,216.10000000000002,0,0,0,1,49800000,272251,RPVRMLQKLHPFFCA88CA,1,1,1,108,837695.3846153846,197.72307692307695,664.923076923077,1,0,0,0,0,0,0,0,0,0,0,0,0,0,0,1,0,25.0781035,121.5643601,0,14,10,0,15,20,2,1,0,0
657,臺北市中山區基湖路145巷1~30號,64.34,7.0,4,2,260.3,0,0,0,1,52800000,272251,RPWRMLQKLHPFFCA98CA,1,1,2,108,837695.3846153846,197.96923076923076,800.9230769230769,1,0,0,0,0,0,0,0,0,0,0,0,0,0,0,1,0,25.0781035,121.5643601,0,14,10,0,15,20,2,1,0,0
658,臺北市中山區基湖路145巷1~30號,64.26,7.0,4,2,216.10000000000002,0,0,0,1,52700000,289122,RPXRMLQKLHPFFCA09CA,1,1,1,108,889606.1538461539,197.72307692307695,664.923076923077,1,0,0,0,0,0,0,0,0,0,0,0,0,0,0,1,0,25.0781035,121.5643601,0,14,10,0,15,20,2,1,0,0
659,臺北市中山區基湖路145巷1~30號,64.34,7.0,4,2,260.3,0,0,0,1,52800000,272251,RPPSMLQKLHPFFCA38CA,1,1,2,108,837695.3846153846,197.96923076923076,800.9230769230769,1,0,0,0,0,0,0,0,0,0,0,0,0,0,0,1,0,25.0781035,121.5643601,0,14,10,0,15,20,2,1,0,0
660,臺北市中山區大直街39巷1~30號,30.3,5.0,4,37,108.37,3,1,2,0,20720000,191197,RPOPMLOJLHPFFCA67CA,1,1,0,109,588298.4615384615,93.23076923076923,333.44615384615383,1,0,0,0,0,0,0,0,0,0,0,0,0,1,0,0,0,25.0825571,121.5466513,0,9,11,1,10,4,1,0,1,0
661,臺北市中山區四平街31~60號,8.24,11.0,4,13,71.37,0,0,0,1,17900000,250806,RPVQMLNJLHPFFCA38CA,2,1,0,109,771710.7692307692,25.353846153846153,219.6,1,0,0,0,0,0,0,0,0,0,0,0,1,0,0,0,0,25.0537396,121.531363,1,20,20,8,9,20,3,4,1,0
662,臺北市中山區四平街31~60號,9.55,11.0,4,13,81.83,0,0,0,1,20550000,251130,RPWQMLNJLHPFFCA48CA,2,1,0,109,772707.6923076923,29.384615384615387,251.78461538461536,1,0,0,0,0,0,0,0,0,0,0,0,1,0,0,0,0,25.0537396,121.531363,1,20,20,8,9,20,3,4,1,0
663,臺北市中山區中山北路二段59巷1~30號,7.16,14.0,4,22,48.809999999999995,2,1,1,1,10280000,210613,RPPPMLOJLHPFFCA87DA,1,1,0,108,648040.0,22.03076923076923,150.18461538461537,1,0,0,0,0,0,0,0,0,0,0,0,1,0,0,0,0,25.0559648,121.5232067,0,20,20,18,11,20,0,0,2,1
664,臺北市中山區松江路1~30號,2.38,12.0,4,44,27.53,1,0,1,1,5350000,194333,RPUNMLMLKHPFFCA08DA,1,1,0,109,597947.6923076923,7.323076923076923,84.70769230769231,1,0,0,0,0,0,0,0,0,0,0,0,0,0,1,0,0,25.045864,121.5331196,1,15,18,6,8,20,1,1,1,0
665,臺北市中山區新生北路三段61~90號,10.99,9.0,4,2,83.6,2,1,1,1,14500000,173445,RPORMLQLKHPFFCA28DA,1,1,0,109,533676.923076923,33.815384615384616,257.2307692307692,1,0,0,0,0,0,0,0,0,0,0,0,0,0,0,1,0,25.0659966,121.5280981,0,12,20,14,14,20,2,1,1,1
666,臺北市中山區北安路811~840號,31.5,5.0,4,37,121.42999999999999,3,1,3,0,20800000,171292,RPXRMLRLKHPFFCA66DA,2,1,0,108,527052.3076923076,96.92307692307692,373.6307692307692,1,0,0,0,0,0,0,0,0,0,0,0,0,1,0,0,0,25.085196,121.5554409,0,6,6,1,4,18,1,0,1,0
667,臺北市中山區中山北路二段91~120號,7.13,14.0,4,2,69.88,2,1,1,1,21500000,307670,RPSOMLMJLHPFFCA77CA,2,1,0,108,946676.923076923,21.93846153846154,215.0153846153846,1,0,0,0,0,0,0,0,0,0,0,0,1,0,0,0,0,25.059308,121.523262,0,20,20,19,10,20,0,1,2,1
668,臺北市中山區中山北路二段91~120號,7.02,14.0,4,2,68.73,1,1,1,1,20000000,290994,RPTOMLMJLHPFFCA87CA,2,1,0,109,895366.1538461539,21.599999999999998,211.47692307692307,1,0,0,0,0,0,0,0,0,0,0,0,1,0,0,0,0,25.059308,121.523262,0,20,20,19,10,20,0,1,2,1
669,臺北市中山區中山北路二段77巷31~60號,12.71,8.0,4,27,93.81,3,1,2,1,19200000,204669,RPQRMLNJLHPFFCA97CA,1,1,0,109,629750.7692307692,39.10769230769231,288.6461538461538,1,0,0,0,0,0,0,0,0,0,0,0,0,0,0,1,0,25.0575632,121.5244755,0,20,20,16,11,20,0,0,1,1
670,臺北市中山區中山北路二段183巷1~30號,174.0,4.0,3,52,436.0,8,6,3,0,138000000,316514,RPOPMLQJLHPFFCA87CA,1,1,0,108,973889.2307692308,535.3846153846154,1341.5384615384614,1,0,0,0,0,0,0,0,0,0,0,0,0,0,0,0,1,25.063859,121.5230045,0,20,20,20,10,20,2,2,2,1
671,臺北市中山區通北街91~120號,33.52,8.0,4,20,251.11,4,2,2,1,43000000,171240,RPPOMLRKLHPFFCA08CA,1,1,1,109,526892.3076923076,103.13846153846154,772.6461538461539,1,0,0,0,0,0,0,0,0,0,0,0,0,0,0,1,0,25.0829886,121.5385103,0,1,1,0,3,3,0,0,0,0
672,臺北市中山區松江路170巷31~60號,32.44,7.0,4,41,147.34,3,2,2,1,31000000,210398,RPOQMLKLKHPFFCA47CA,1,1,0,109,647378.4615384615,99.8153846153846,453.3538461538461,1,0,0,0,0,0,0,0,0,0,0,0,0,0,0,1,0,25.0561914,121.5305229,1,20,20,5,8,20,2,3,1,0
673,臺北市中山區錦州街181~210號,9.88,4.0,4,50,25.06,3,2,2,0,3700000,147646,RPWOMLQLKHPFFCA68CA,1,1,0,109,454295.3846153846,30.400000000000002,77.1076923076923,1,0,0,0,0,0,0,0,0,0,0,0,0,1,0,0,0,25.0604257,121.531039,0,20,20,12,12,20,0,0,1,8
674,臺北市中山區中山北路二段77巷1~30號,5.14,14.0,4,20,69.84,2,1,1,1,15750000,225515,RPTNMLLLKHPFFCA77CA,1,1,0,108,693892.3076923076,15.815384615384614,214.8923076923077,1,0,0,0,0,0,0,0,0,0,0,0,1,0,0,0,0,25.0576596,121.5230491,0,20,20,17,10,20,0,0,1,1
675,臺北市中山區五常街11巷1~30號,18.24,17.0,4,2,155.03,3,2,2,1,35680000,285324,RPQNMLPJLHPFFCA77CA,2,1,1,109,877920.0,56.123076923076916,477.0153846153846,1,0,0,0,0,0,0,0,0,0,0,0,1,0,0,0,0,25.0645708,121.5377789,0,7,19,2,4,18,1,0,0,20
676,臺北市中山區林森北路91~120號,4.49,12.0,4,40,53.85,1,1,1,1,6500000,120706,RPWQMLRLKHPFFCA98CA,2,1,0,109,371403.07692307694,13.815384615384616,165.69230769230768,1,0,0,0,0,0,0,0,0,0,0,0,0,0,1,0,0,25.0500055,121.5249729,0,20,20,9,11,20,0,0,0,0
677,臺北市中山區建國北路一段31~60號,22.67,15.0,4,14,300.47,4,1,3,1,55800000,185709,RPORMLRLKHPFFCA28CA,2,1,3,109,571412.3076923076,69.75384615384615,924.5230769230769,1,0,0,0,0,0,0,0,0,0,0,0,1,0,0,0,0,25.047585,121.5370531,0,20,15,11,8,20,1,1,0,0
678,臺北市中山區中山北路二段42巷1~30號,8.23,8.0,4,2,42.75,1,1,1,0,13530000,316491,RPWOMLRLKHPFFCA78CA,1,1,0,106,973818.4615384615,25.323076923076922,131.53846153846155,1,0,0,0,0,0,0,0,0,0,0,0,0,0,0,1,0,25.0545879,121.520821,0,20,20,13,9,20,1,2,2,1
679,臺北市中山區中山北路二段42巷1~30號,12.79,8.0,4,2,77.74,1,1,1,0,23450000,327633,SPWOMLRLKHPFFCA88CA,1,1,1,106,1008101.5384615384,39.35384615384615,239.2,1,0,0,0,0,0,0,0,0,0,0,0,0,0,0,1,0,25.0545879,121.520821,0,20,20,13,9,20,1,2,2,1
680,臺北市中山區中山北路二段42巷1~30號,7.13,8.0,4,2,36.949999999999996,1,0,1,0,12000000,324763,RPXOMLRLKHPFFCA88CA,1,1,0,106,999270.7692307692,21.93846153846154,113.69230769230768,1,0,0,0,0,0,0,0,0,0,0,0,0,0,0,1,0,25.0545879,121.520821,0,20,20,13,9,20,1,2,2,1
681,臺北市中山區中山北路二段42巷1~30號,8.23,8.0,4,2,42.75,1,1,1,0,14430000,337544,RPOPMLRLKHPFFCA08CA,1,1,0,106,1038596.923076923,25.323076923076922,131.53846153846155,1,0,0,0,0,0,0,0,0,0,0,0,0,0,0,1,0,25.0545879,121.520821,0,20,20,13,9,20,1,2,2,1
682,臺北市中山區中山北路二段42巷1~30號,12.76,8.0,4,2,66.08,1,1,1,0,22900000,346550,SPOPMLRLKHPFFCA18CA,1,1,0,106,1066307.6923076923,39.26153846153846,203.3230769230769,1,0,0,0,0,0,0,0,0,0,0,0,0,0,0,1,0,25.0545879,121.520821,0,20,20,13,9,20,1,2,2,1
683,臺北市中山區中山北路二段42巷1~30號,9.5,8.0,4,2,60.730000000000004,1,1,1,0,18550000,341349,TPOPMLRLKHPFFCA28CA,1,1,1,106,1050304.6153846153,29.23076923076923,186.86153846153846,1,0,0,0,0,0,0,0,0,0,0,0,0,0,0,1,0,25.0545879,121.520821,0,20,20,13,9,20,1,2,2,1
684,臺北市中山區中山北路一段135巷1~30號,10.34,6.0,4,23,54.89,0,0,0,1,7400000,134815,RPUNMLSLKHPFFCA58CA,1,1,1,109,414815.3846153846,31.815384615384612,168.8923076923077,1,0,0,0,0,0,0,0,0,0,0,0,0,0,1,0,0,25.0513834,121.5227655,0,20,20,7,9,20,0,2,1,0
685,臺北市中山區建國北路三段61~90號,8.41,14.0,4,6,84.39,0,0,0,1,20500000,242920,RPQNMLNJLHPFFCA57CA,2,1,0,109,747446.1538461539,25.876923076923077,259.66153846153844,1,0,0,0,0,0,0,0,0,0,0,0,1,0,0,0,0,25.0647501,121.537375,0,6,18,2,4,18,1,0,0,20
686,臺北市中山區新生北路一段61~90號,5.53,12.0,4,21,37.32,0,1,1,1,7000000,187567,RPSWMLQLKHPFFCA56DA,1,1,0,109,577129.2307692308,17.015384615384615,114.83076923076922,1,0,0,0,0,0,0,0,0,0,0,0,0,0,1,0,0,25.0491044,121.5292611,1,20,20,10,9,20,1,2,0,0
687,臺北市中山區中山北路三段1~30號,4.41,12.0,4,37,44.63,1,1,1,1,7980000,178803,RPOOMLMLKHPFFCA57DA,1,1,0,108,550163.0769230769,13.569230769230769,137.32307692307694,1,0,0,0,0,0,0,0,0,0,0,0,0,0,1,0,0,25.0639349,121.522626,0,20,20,20,10,20,2,4,2,1
688,臺北市中山區中山北路一段140巷1~30號,35.5,4.0,4,48,70.86,3,2,1,0,15000000,211685,RPPNMLOJLHPFFCA67DA,1,1,0,108,651338.4615384615,109.23076923076923,218.0307692307692,1,0,0,0,0,0,0,0,0,0,0,0,0,1,0,0,0,25.0513663,121.522237,0,20,20,7,11,20,0,2,1,0
689,臺北市中山區松江路271~300號,4.37,13.0,4,11,40.68,0,1,1,1,9900000,243363,RPUNMLRJLHPFFCA48DA,1,1,0,109,748809.2307692308,13.446153846153846,125.16923076923077,1,0,0,0,0,0,0,0,0,0,0,0,0,0,1,0,0,25.0598864,121.5334014,1,20,20,10,9,20,1,0,1,18
690,臺北市中山區天津街61~90號,35.18,9.0,4,44,258.52,3,2,2,1,19000000,73495,RPXSMLQLKHPFFCA56CA,1,1,0,108,226138.46153846153,108.24615384615385,795.4461538461537,1,0,0,0,0,0,0,0,0,0,0,0,0,0,0,1,0,25.0514108,121.5234794,0,20,20,11,8,20,0,2,1,0
691,臺北市中山區林森北路91~120號,4.51,12.0,4,40,53.85,2,1,1,1,7600000,141133,RPPSMLOLKHPFFCA18CA,2,1,0,109,434255.3846153846,13.876923076923076,165.69230769230768,1,0,0,0,0,0,0,0,0,0,0,0,1,0,0,0,0,25.0500055,121.5249729,0,20,20,9,11,20,0,0,0,0
692,臺北市中山區林森北路481~510號,4.57,14.0,4,18,43.25,1,1,1,1,8500000,196532,RPUWMLQLKHPFFCA66CA,1,1,0,109,604713.8461538461,14.061538461538461,133.07692307692307,1,0,0,0,0,0,0,0,0,0,0,0,0,0,1,0,0,25.0611307,121.5257278,0,20,20,20,10,20,2,1,1,1
693,臺北市中山區中山北路二段128巷1~30號,10.57,10.0,4,10,103.53999999999999,1,0,1,1,14080000,135986,RPXOMLOJLHPFFCA48CA,1,1,1,109,418418.4615384615,32.52307692307692,318.58461538461535,1,0,0,0,0,0,0,0,0,0,0,0,0,0,0,1,0,25.0618431,121.5220979,0,20,20,20,13,20,2,3,3,1
694,臺北市中山區農安街91~120號,31.5,4.0,4,50,85.83,4,1,1,0,13800000,160783,RPQOMLOLKHPFFCA87CA,1,1,0,109,494716.92307692306,96.92307692307692,264.09230769230766,1,0,0,0,0,0,0,0,0,0,0,0,0,1,0,0,0,25.0649608,121.5288299,0,12,20,15,12,20,2,1,1,1
695,臺北市中山區龍江路55巷1~30號,19.83,4.0,3,53,54.62,2,1,1,0,8700000,159282,RPQQMLLLKHPFFCA77CA,1,1,0,108,490098.4615384615,61.015384615384605,168.06153846153845,1,0,0,0,0,0,0,0,0,0,0,0,0,1,0,0,0,25.0496386,121.540628,0,20,20,9,9,20,1,1,1,0
696,臺北市中山區新生北路三段68巷1~30號,11.45,5.0,4,25,39.58,0,0,0,1,6500000,164224,RPRPMLPLKHPFFCA18CA,1,1,0,109,505304.6153846154,35.230769230769226,121.78461538461538,1,0,0,0,0,0,0,0,0,0,0,0,0,1,0,0,0,25.0662339,121.5273457,0,14,20,17,15,20,2,1,1,1
697,臺北市中山區新生北路二段61~90號,3.83,12.0,4,13,33.06,1,1,1,1,6480000,196007,RPPNMLQLKHPFFCA87CA,1,1,0,109,603098.4615384615,11.784615384615384,101.72307692307693,1,0,0,0,0,0,0,0,0,0,0,0,0,0,1,0,0,25.0562845,121.5277511,0,20,20,9,13,20,1,0,0,0
698,臺北市中山區民權東路一段61~90號,4.8,11.0,4,43,45.74,0,0,0,1,7100000,155225,RPQNMLQLKHPFFCA97CA,1,1,0,109,477615.3846153846,14.769230769230768,140.73846153846154,1,0,0,0,0,0,0,0,0,0,0,0,1,0,0,0,0,25.0629119,121.525043,0,20,20,20,13,20,2,2,1,1
699,臺北市中山區明水路526巷31~60號,63.11,9.0,4,17,186.37,3,2,2,1,59900000,321404,RPSOMLPLKHPFFCA18CA,1,1,1,109,988935.3846153846,194.18461538461537,573.4461538461538,1,0,0,0,0,0,0,0,0,0,0,0,0,0,0,1,0,25.0793852,121.5526547,0,11,8,3,9,11,1,0,0,0
700,臺北市中山區農安街211~240號,24.2,5.0,4,39,85.48,3,2,1,0,13000000,152082,RPPNMLNLLHPFFCA67CA,1,1,0,109,467944.6153846154,74.46153846153845,263.0153846153846,1,0,0,0,0,0,0,0,0,0,0,0,0,1,0,0,0,25.0647805,121.5331621,0,8,20,7,8,17,0,0,0,20
701,臺北市中山區雙城街25巷1~30號,11.4,8.0,4,45,84.62,3,2,1,1,15300000,180808,RPVOMLQLKHPFFCA58CA,1,1,0,109,556332.3076923076,35.07692307692308,260.3692307692308,1,0,0,0,0,0,0,0,0,0,0,0,0,0,0,1,0,25.066379,121.524449,0,15,20,16,10,20,2,1,1,1
702,臺北市中山區新生北路三段56巷1~30號,3.61,12.0,4,40,39.18,1,1,1,1,5550000,141654,RPXNMLQLKHPFFCA68CA,1,1,0,109,435858.4615384615,11.107692307692307,120.55384615384615,1,0,0,0,0,0,0,0,0,0,0,0,0,0,1,0,0,25.0654685,121.5273556,0,15,20,16,12,20,2,1,1,1
703,臺北市中山區龍江路271~300號,13.11,5.0,4,40,59.45,2,1,1,0,11340000,190749,RPQNMLPLKHPFFCA87CA,2,1,0,109,586920.0,40.33846153846154,182.92307692307693,1,0,0,0,0,0,0,0,0,0,0,0,0,1,0,0,0,25.0595362,121.540871,0,20,20,6,9,20,0,1,1,0
704,臺北市中山區松江路330巷31~60號,5.75,9.0,4,14,38.31,1,1,1,1,9080000,237014,RPXRMLOLKHPFFCA88CA,1,1,0,109,729273.8461538461,17.692307692307693,117.87692307692308,1,0,0,0,0,0,0,0,0,0,0,0,0,0,1,0,0,25.0612433,121.5318303,0,20,20,12,12,20,0,0,1,18
705,臺北市中山區民權東路三段1~30號,10.86,12.0,4,33,114.93,3,2,2,1,10200000,88757,RPTPMLQKLHPFFCA48CA,1,1,0,109,273098.4615384615,33.41538461538461,353.63076923076926,1,0,0,0,0,0,0,0,0,0,0,0,1,0,0,0,0,25.0625217,121.5388592,0,14,20,5,7,18,1,1,0,19
706,臺北市中山區新生北路二段31~60號,6.07,17.0,4,25,61.71,2,2,1,1,9100000,147464,RPVNMLNKLHPFFCA18CA,1,1,0,108,453735.3846153846,18.676923076923078,189.87692307692308,1,0,0,0,0,0,0,0,0,0,0,0,1,0,0,0,0,25.0542013,121.5278274,0,20,20,9,11,20,1,1,0,0
707,臺北市中山區松江路140巷1~30號,43.0,2.0,3,35,59.93,2,1,1,0,21380000,356750,RPUOMLNKLHPFFCA18CA,2,1,0,109,1097692.3076923077,132.3076923076923,184.4,1,0,0,0,0,0,0,0,0,0,0,0,0,0,0,0,1,25.0533944,121.5320579,1,20,20,8,12,20,3,4,1,0
708,臺北市中山區林森北路85巷61~90號,12.96,7.0,4,14,63.42,1,1,1,1,11700000,184484,RPXOMLQJLHPFFCA68CA,1,1,1,109,567643.0769230769,39.87692307692308,195.13846153846154,1,0,0,0,0,0,0,0,0,0,0,0,0,0,0,1,0,25.049411,121.527082,1,19,20,8,10,20,1,2,0,0
709,臺北市中山區新生北路二段28巷1~30號,14.27,15.0,4,32,131.60999999999999,2,1,2,1,24700000,187676,RPXPMLMKLHPFFCA48CA,1,1,0,108,577464.6153846154,43.90769230769231,404.9538461538461,1,0,0,0,0,0,0,0,0,0,0,0,1,0,0,0,0,25.0540468,121.5271134,0,20,20,9,10,20,1,1,0,0
710,臺北市中山區五常街11巷1~30號,16.02,17.0,4,2,143.17000000000002,2,2,1,1,28000000,245410,RPSNMLPJLHPFFCA97CA,2,1,1,109,755107.6923076923,49.29230769230769,440.523076923077,1,0,0,0,0,0,0,0,0,0,0,0,1,0,0,0,0,25.0645708,121.5377789,0,7,19,2,4,18,1,0,0,20
711,臺北市中山區五常街11巷1~30號,14.5,17.0,4,2,95.62,3,2,1,1,26420000,276302,RPTNMLPJLHPFFCA08CA,2,1,0,109,850160.0,44.61538461538461,294.2153846153846,1,0,0,0,0,0,0,0,0,0,0,0,1,0,0,0,0,25.0645708,121.5377789,0,7,19,2,4,18,1,0,0,20
712,臺北市中山區五常街11巷1~30號,9.97,17.0,4,2,64.81,1,1,1,1,16000000,246875,RPUNMLPJLHPFFCA18CA,2,1,0,108,759615.3846153846,30.676923076923078,199.41538461538462,1,0,0,0,0,0,0,0,0,0,0,0,1,0,0,0,0,25.0645708,121.5377789,0,7,19,2,4,18,1,0,0,20
713,臺北市中山區林森北路557巷1~30號,12.75,9.0,4,11,103.32,2,1,1,1,15680000,151762,RPWOMLMJLHPFFCA18CA,1,1,1,109,466960.0,39.230769230769226,317.9076923076923,1,0,0,0,0,0,0,0,0,0,0,0,0,0,0,1,0,25.0644594,121.5261597,0,20,20,17,14,20,2,2,1,1
714,臺北市中山區長春路211~240號,11.06,12.0,4,35,136.91,1,1,2,1,18800000,137316,RPVPMLNJLHPFFCA38DA,1,1,1,108,422510.7692307692,34.03076923076923,421.26153846153846,1,0,0,0,0,0,0,0,0,0,0,0,1,0,0,0,0,25.0549272,121.5384467,1,20,20,6,13,20,2,2,0,0
715,臺北市中山區新生北路二段31~60號,6.07,17.0,4,25,62.64,2,1,1,1,13700000,218710,RPUVMLQLKHPFFCA56CA,1,1,0,109,672953.8461538461,18.676923076923078,192.73846153846154,1,0,0,0,0,0,0,0,0,0,0,0,1,0,0,0,0,25.0542013,121.5278274,0,20,20,9,11,20,1,1,0,0
716,臺北市中山區八德路二段241~270號,7.84,12.0,4,43,68.14,2,1,1,1,9000000,132081,RPPRMLQLKHPFFCA28CA,2,1,0,108,406403.07692307694,24.123076923076923,209.66153846153847,1,0,0,0,0,0,0,0,0,0,0,0,1,0,0,0,0,25.0469703,121.5407529,0,18,18,7,10,20,2,1,0,0
717,臺北市中山區林森北路541~570號,5.11,12.0,4,43,41.96,1,1,1,0,7600000,181125,RPSUMLQLKHPFFCA88CA,1,1,0,109,557307.6923076923,15.723076923076924,129.1076923076923,1,0,0,0,0,0,0,0,0,0,0,0,0,0,1,0,0,25.0632995,121.5256424,0,20,20,20,14,20,2,1,1,1
718,臺北市中山區松江路362巷61~90號,36.0,5.0,4,37,122.38,5,0,4,0,19000000,155254,RPUNMLRLKHPFFCA48CA,1,1,0,108,477704.6153846154,110.76923076923076,376.5538461538461,1,0,0,0,0,0,0,0,0,0,0,0,0,1,0,0,0,25.0620483,121.5311178,0,15,20,12,8,20,1,1,2,13
719,臺北市中山區大直街57巷1~30號,2.3,5.0,4,35,8.16,3,2,2,0,750000,91912,RPSSMLKKLHPFFCA08CA,1,1,0,109,282806.1538461538,7.076923076923076,25.107692307692307,1,0,0,0,0,0,0,0,0,0,0,0,0,1,0,0,0,25.0833759,121.5466129,0,9,10,0,9,3,1,0,1,0
720,臺北市中山區基湖路145巷1~30號,64.34,7.0,4,2,260.3,0,0,0,1,52800000,272251,RPOSMLQKLHPFFCA28CA,1,1,2,108,837695.3846153846,197.96923076923076,800.9230769230769,1,0,0,0,0,0,0,0,0,0,0,0,0,0,0,1,0,25.0781035,121.5643601,0,14,10,0,15,20,2,1,0,0
721,臺北市中山區民權東路一段70巷1~30號,22.5,5.0,4,45,106.2,3,2,2,0,13550000,127589,RPPOMLQLKHPFFCA97CA,1,1,0,109,392581.53846153844,69.23076923076923,326.7692307692308,1,0,0,0,0,0,0,0,0,0,0,0,0,1,0,0,0,25.0621602,121.5251259,0,20,20,20,12,20,2,1,1,2
722,臺北市中山區林森北路571~600號,15.46,10.0,4,54,117.7,0,0,0,1,15200000,129142,RPPQMLQJLHPFFCA08CA,1,1,0,109,397360.0,47.56923076923077,362.15384615384613,1,0,0,0,0,0,0,0,0,0,0,0,0,0,0,1,0,25.0649087,121.5256777,0,20,20,18,13,20,2,2,1,1
723,臺北市中山區民權東路二段1~30號,12.86,12.0,4,37,132.15,0,0,0,1,23380000,176920,RPTNMLNJLHPFFCA87CA,1,2,0,109,544369.2307692308,39.569230769230764,406.61538461538464,1,0,0,0,0,0,0,0,0,0,0,0,1,0,0,0,0,25.0628844,121.5280983,0,12,20,17,10,20,2,1,1,1
724,臺北市中山區農安街227巷1~30號,27.63,5.0,4,37,100.78,3,2,2,0,17800000,176622,RPVNMLRLKHPFFCA58CA,1,1,0,108,543452.3076923076,85.0153846153846,310.0923076923077,1,0,0,0,0,0,0,0,0,0,0,0,0,1,0,0,0,25.0649997,121.5339774,0,4,20,3,7,20,0,0,0,20
725,臺北市中山區新生北路三段68巷1~30號,6.25,6.0,4,36,37.99,1,1,1,1,5850000,153988,RPSVMLQLKHPFFCA98CA,1,1,0,109,473809.23076923075,19.23076923076923,116.8923076923077,1,0,0,0,0,0,0,0,0,0,0,0,0,0,1,0,0,25.0662339,121.5273457,0,14,20,17,15,20,2,1,1,1
726,臺北市中山區吉林路421~450號,16.33,4.0,3,52,64.88,2,1,1,0,4850000,74753,RPQNMLMJLHPFFCA47CA,2,1,0,109,230009.23076923075,50.24615384615384,199.6307692307692,1,0,0,0,0,0,0,0,0,0,0,0,0,1,0,0,0,25.0666618,121.530528,0,5,19,4,12,11,0,0,0,1
727,臺北市中山區中山北路二段42巷1~30號,8.23,8.0,4,2,42.75,1,1,1,0,13780000,322339,RPSQMLMJLHPFFCA97CA,1,1,0,106,991812.3076923076,25.323076923076922,131.53846153846155,1,0,0,0,0,0,0,0,0,0,0,0,0,0,0,1,0,25.0545879,121.520821,0,20,20,13,9,20,1,2,2,1
728,臺北市中山區吉林路161巷1~30號,25.5,4.0,3,55,82.6,2,1,1,0,9000000,108959,RPRWMLQLKHPFFCA09DA,1,1,0,108,335258.4615384615,78.46153846153845,254.15384615384613,1,0,0,0,0,0,0,0,0,0,0,0,0,1,0,0,0,25.0590934,121.5310056,1,20,20,13,12,20,0,0,1,1
729,臺北市中山區林森北路121~150號,2.18,15.0,4,13,26.81,1,0,1,1,5500000,205147,RPSSMLOJLHPFFCA48DA,1,1,0,109,631221.5384615385,6.707692307692308,82.49230769230769,1,0,0,0,0,0,0,0,0,0,0,0,0,0,1,0,0,25.0507481,121.5252106,0,20,20,10,10,20,0,0,0,0
730,臺北市中山區新生北路二段133巷1~30號,20.0,5.0,4,39,78.89999999999999,2,1,2,0,12600000,159696,RPPNMLKKLHPFFCA37DA,1,1,0,108,491372.3076923077,61.53846153846153,242.76923076923075,1,0,0,0,0,0,0,0,0,0,0,0,0,1,0,0,0,25.0609472,121.5280138,0,17,20,20,9,20,2,1,1,0
731,臺北市中山區林森北路119巷31~60號,10.16,7.0,4,10,43.05,1,1,1,1,10000000,232288,RPUNMLLKLHPFFCA97DA,1,1,0,109,714732.3076923076,31.26153846153846,132.46153846153845,1,0,0,0,0,0,0,0,0,0,0,0,0,0,1,0,0,25.0505321,121.52712,0,20,20,9,8,20,2,2,0,0
732,臺北市中山區中山北路二段72巷1~30號,9.39,10.0,4,13,56.06,1,1,1,1,12200000,217624,RPQSMLKKLHPFFCA97DA,1,1,0,109,669612.3076923076,28.892307692307693,172.4923076923077,1,0,0,0,0,0,0,0,0,0,0,0,0,0,1,0,0,25.0572664,121.5224366,0,20,20,16,9,20,0,0,1,1
733,臺北市中山區新生北路三段68巷1~30號,25.0,5.0,4,25,110.91,3,2,2,1,14150000,127581,RPQPMLRLLHPFFCA38CA,1,1,1,108,392556.92307692306,76.92307692307692,341.26153846153846,1,0,0,0,0,0,0,0,0,0,0,0,0,1,0,0,0,25.0662339,121.5273457,0,14,20,17,15,20,2,1,1,1
734,臺北市中山區長春路61~90號,4.44,12.0,4,41,41.39,1,0,1,1,6080000,146895,RPQVMLOKMHPFFCA68CA,1,1,0,109,451984.6153846154,13.661538461538463,127.35384615384615,1,0,0,0,0,0,0,0,0,0,0,0,0,0,1,0,0,25.0550126,121.5262836,0,20,20,9,8,20,1,0,0,0
735,臺北市中山區中山北路二段77巷1~30號,6.88,8.0,4,26,50.8,1,1,1,1,10250000,201772,RPVNMLPKMHPFFCA48CA,1,1,0,109,620836.923076923,21.16923076923077,156.3076923076923,1,0,0,0,0,0,0,0,0,0,0,0,0,0,0,1,0,25.0576596,121.5230491,0,20,20,17,10,20,0,0,1,1
736,臺北市中山區長安東路二段151~180號,10.4,12.0,4,33,150.38,3,2,2,1,21900000,167704,RPWOMLPKMHPFFCA68CA,1,1,1,108,516012.3076923077,32.0,462.7076923076923,1,0,0,0,0,0,0,0,0,0,0,0,1,0,0,0,0,25.0489552,121.5387279,0,20,19,12,9,20,1,1,0,0
737,臺北市中山區林森北路511~540號,4.43,14.0,4,16,48.120000000000005,3,1,1,1,12050000,250416,RPVNMLMJLHPFFCA97CA,1,1,0,109,770510.7692307692,13.63076923076923,148.06153846153848,1,0,0,0,0,0,0,0,0,0,0,0,1,0,0,0,0,25.0619755,121.5257781,0,20,20,20,12,20,2,1,1,2
738,臺北市中山區林森北路271~300號,6.04,12.0,4,44,77.56,3,2,1,1,12260000,158071,RPPOMLMJLHPFFCA47CA,2,1,0,109,486372.3076923077,18.584615384615383,238.64615384615385,1,0,0,0,0,0,0,0,0,0,0,0,1,0,0,0,0,25.0551668,121.5256069,0,20,20,12,9,20,1,0,0,0
739,臺北市中山區長安西路19巷2弄1~30號,28.76,4.0,3,53,82.9,3,1,1,0,16800000,202654,RPQPMLNJLHPFFCA77CA,1,1,0,109,623550.7692307692,88.49230769230769,255.0769230769231,1,0,0,0,0,0,0,0,0,0,0,0,0,1,0,0,0,25.050505,121.5203824,0,20,20,8,7,20,0,2,2,0
740,臺北市中山區新生北路二段91~120號,2.86,12.0,4,39,31.77,1,1,1,1,4100000,129053,RPRPMLNJLHPFFCA87CA,3,1,0,109,397086.1538461538,8.799999999999999,97.75384615384615,1,0,0,0,0,0,0,0,0,0,0,0,0,0,1,0,0,25.0573288,121.5278946,0,15,20,9,10,20,1,0,0,0
741,臺北市中山區雙城街25巷1~30號,17.25,13.0,4,6,198.98,3,2,2,1,43280000,217498,RPWRMLOJLHPFFCA68CA,1,1,1,109,669224.6153846154,53.07692307692307,612.2461538461538,1,0,0,0,0,0,0,0,0,0,0,0,1,0,0,0,0,25.066379,121.524449,0,15,20,16,10,20,2,1,1,1
742,臺北市中山區北安路661~690號,18.17,7.0,4,4,89.81,0,0,0,1,22238000,278285,RPPNMLRKLHPFFCA97CA,2,1,1,109,856261.5384615384,55.90769230769231,276.33846153846156,1,0,0,0,0,0,0,0,0,0,0,0,0,0,0,1,0,25.08484,121.549266,0,14,9,1,7,13,0,0,0,0
743,臺北市中山區林森北路310巷1~30號,2.94,4.0,3,53,17.26,3,2,1,0,1194760,69221,RPROMLRKLHPFFCA28CA,1,1,0,109,212987.6923076923,9.046153846153846,53.10769230769231,1,0,0,0,0,0,0,0,0,0,0,0,0,1,0,0,0,25.0562092,121.5243368,0,20,20,18,11,20,0,0,1,1
744,臺北市中山區新生北路二段61~90號,5.73,7.0,4,42,26.509999999999998,1,1,1,1,4400000,165975,RPXQMLKKLHPFFCA38CA,1,1,0,109,510692.3076923077,17.630769230769232,81.56923076923076,1,0,0,0,0,0,0,0,0,0,0,0,0,0,1,0,0,25.0562845,121.5277511,0,20,20,9,13,20,1,0,0,0
745,臺北市中山區天津街1~30號,79.0,3.0,3,35,217.14,5,1,3,0,76472100,352179,RPVQMLOJLHPFFCA48CA,1,1,0,109,1083627.6923076923,243.07692307692307,668.1230769230768,1,0,0,0,0,0,0,0,0,0,0,0,0,0,0,0,1,25.0456792,121.5218736,0,18,20,13,3,20,0,2,1,0
746,臺北市中山區市民大道三段1~30號,190.0,4.0,4,46,604.44,12,6,12,0,228000000,377209,RPRQMLNJLHPFFCA97CA,2,5,0,109,1160643.076923077,584.6153846153846,1859.8153846153848,1,0,0,0,0,0,0,0,0,0,0,0,0,1,0,0,0,25.0462404,121.5310414,1,17,18,6,11,20,2,1,0,0
747,臺北市中山區八德路二段241~270號,11.44,7.0,4,41,68.03999999999999,5,3,4,1,5900000,86714,RPROMLOJLHPFFCA87CA,1,1,0,109,266812.3076923077,35.199999999999996,209.35384615384612,1,0,0,0,0,0,0,0,0,0,0,0,0,0,0,1,0,25.0469703,121.5407529,0,18,18,7,10,20,2,1,0,0
748,臺北市中山區民權東路三段31~60號,10.64,15.0,4,37,96.2,2,2,2,1,22200000,230769,RPURMLNJLHPFFCA38CA,1,1,0,109,710058.4615384615,32.738461538461536,296.0,1,0,0,0,0,0,0,0,0,0,0,0,1,0,0,0,0,25.0625628,121.5419482,0,20,20,5,6,9,1,2,1,0
749,臺北市中山區復興北路451~480號,31.22,13.0,4,19,211.03,3,2,2,1,42080000,199403,RPORMLNJLHPFFCA77CA,1,1,1,109,613547.6923076923,96.06153846153846,649.3230769230769,1,0,0,0,0,0,0,0,0,0,0,0,1,0,0,0,0,25.0639844,121.544483,0,19,19,4,2,4,1,2,1,0
750,臺北市中山區大直街21巷1~30號,24.44,5.0,4,39,104.32,4,1,2,0,18900000,181173,RPXNMLNJLHPFFCA28CA,6,1,0,108,557455.3846153846,75.2,320.9846153846153,1,0,0,0,0,0,0,0,0,0,0,0,0,1,0,0,0,25.0818279,121.5471263,0,13,14,1,8,5,2,0,1,0
751,臺北市中山區新生北路三段3巷31~60號,27.5,4.0,4,50,78.71,3,2,1,0,12500000,158811,RPVNMLRKLHPFFCA68DA,1,1,0,109,488649.23076923075,84.61538461538461,242.18461538461537,1,0,0,0,0,0,0,0,0,0,0,0,0,1,0,0,0,25.0632387,121.5286934,0,11,20,16,11,20,2,1,1,0
752,臺北市中山區德惠街31~60號,4.0,9.0,4,42,32.120000000000005,1,1,1,1,4200000,130760,RPXQMLQJLHPFFCA98DA,1,1,0,109,402338.4615384615,12.307692307692307,98.83076923076923,1,0,0,0,0,0,0,0,0,0,0,0,0,0,1,0,0,25.0667707,121.5265786,0,11,20,15,15,20,2,0,1,1
753,臺北市中山區北安路630巷9弄1~30號,29.43,6.0,4,28,139.59,2,2,2,1,25500000,226659,RPWPMLKKLHPFFCA28DA,1,1,1,108,697412.3076923076,90.55384615384615,429.5076923076923,1,0,0,0,0,0,0,0,0,0,0,0,0,0,0,1,0,25.083078,121.549491,0,16,12,1,9,13,2,0,1,0
754,臺北市中山區基湖路151巷31~60號,17.89,5.0,4,17,44.07,2,1,1,1,10680000,242342,RPPOMLOJLHPFFCA67CA,1,1,0,109,745667.6923076923,55.04615384615385,135.6,1,0,0,0,0,0,0,0,0,0,0,0,0,0,0,1,0,25.0775803,121.564342,0,9,8,0,15,20,2,1,0,0
755,臺北市中山區林森北路361~390號,2.52,12.0,4,36,29.05,0,0,0,1,3800000,130809,RPSPMLOJLHPFFCA08CA,1,1,0,109,402489.23076923075,7.753846153846154,89.38461538461539,1,0,0,0,0,0,0,0,0,0,0,0,0,0,1,0,0,25.0572805,121.5257004,0,20,20,16,9,20,1,0,0,1
756,臺北市中山區松江路77巷1~30號,4.5,11.0,4,17,24.89,0,1,1,1,8150000,327441,RPUPMLOJLHPFFCA28CA,2,1,0,109,1007510.7692307692,13.846153846153845,76.58461538461539,1,0,0,0,0,0,0,0,0,0,0,0,0,0,1,0,0,25.0497037,121.5339815,1,20,20,12,9,20,1,3,1,0
757,臺北市中山區撫順街1~30號,129.0,3.0,3,35,197.68,0,0,0,0,150000000,758802,RPVPMLOJLHPFFCA38CA,1,1,0,108,2334775.3846153845,396.9230769230769,608.2461538461539,1,0,0,0,0,0,0,0,0,0,0,0,0,0,0,0,1,25.0638973,121.5219221,0,20,20,20,10,20,2,4,2,1
758,臺北市中山區新生北路二段91~120號,2.16,14.0,4,42,26.080000000000002,0,0,0,1,3080000,118098,RPXNMLPJLHPFFCA48CA,1,1,0,109,363378.4615384615,6.6461538461538465,80.24615384615385,1,0,0,0,0,0,0,0,0,0,0,0,0,0,1,0,0,25.0573288,121.5278946,0,15,20,9,10,20,1,0,0,0
759,臺北市中山區五常街61~90號,22.25,4.0,4,44,66.3,1,1,1,0,13620000,205430,RPOSMLOJLHPFFCA97CA,1,1,0,109,632092.3076923076,68.46153846153845,203.99999999999997,1,0,0,0,0,0,0,0,0,0,0,0,0,1,0,0,0,25.0644159,121.5399342,0,12,17,4,4,13,1,1,0,10
760,臺北市中山區錦州街4巷10弄1~30號,23.03,4.0,3,35,70.24,4,2,2,0,15300000,217825,RPSOMLLKLHPFFCA77CA,1,1,0,109,670230.7692307692,70.86153846153846,216.1230769230769,1,0,0,0,0,0,0,0,0,0,0,0,0,1,0,0,0,25.0597542,121.5235994,0,20,20,20,11,20,0,1,2,1
761,臺北市中山區中山北路二段77巷1~30號,14.2,13.0,4,4,143.0,2,1,1,1,36000000,349541,RPWOMLQJLHPFFCA58CA,1,1,1,109,1075510.7692307692,43.692307692307686,440.0,1,0,0,0,0,0,0,0,0,0,0,0,1,0,0,0,0,25.0576596,121.5230491,0,20,20,17,10,20,0,0,1,1
762,臺北市中山區中山北路一段83巷31~60號,17.6,15.0,4,13,183.04000000000002,3,2,2,1,15000000,81949,RPROMLQJLHPFFCA08CA,2,1,1,109,252150.76923076922,54.15384615384615,563.2,1,0,0,0,0,0,0,0,0,0,0,0,1,0,0,0,0,25.0500512,121.5243787,0,20,20,9,11,20,0,0,1,0
763,臺北市中山區建國北路三段121~150號,14.0,7.0,4,33,69.41,2,2,2,0,11000000,158479,RPUQMLTJLHPFFCA88CA,1,1,0,108,487627.6923076923,43.07692307692307,213.56923076923076,1,0,0,0,0,0,0,0,0,0,0,0,0,0,0,1,0,25.0667099,121.5356347,0,2,13,2,4,17,0,0,0,10
764,臺北市中山區新生北路二段31~60號,5.49,7.0,4,45,35.6,1,1,1,1,3500000,98315,RPVQMLTJLHPFFCA98CA,1,1,0,109,302507.6923076923,16.892307692307693,109.53846153846153,1,0,0,0,0,0,0,0,0,0,0,0,0,0,1,0,0,25.0542013,121.5278274,0,20,20,9,11,20,1,1,0,0
765,臺北市中山區農安街227巷3弄1~30號,25.0,5.0,4,36,85.26,3,2,1,0,13300000,155993,RPRPMLKLMHPFFCA87CA,2,1,0,109,479978.4615384615,76.92307692307692,262.33846153846156,1,0,0,0,0,0,0,0,0,0,0,0,0,1,0,0,0,25.0652509,121.5340077,0,4,20,3,8,20,0,0,0,20
766,臺北市中山區八德路二段312巷1~30號,14.33,3.0,3,35,33.62,4,1,2,0,6600000,196312,RPPQMLOLLHPFFCA08CA,1,1,0,109,604036.923076923,44.09230769230769,103.44615384615383,1,0,0,0,0,0,0,0,0,0,0,0,0,1,0,0,0,25.047104,121.542854,0,20,20,8,11,20,2,1,0,0
767,臺北市中山區遼寧街101巷2弄1~30號,32.55,5.0,4,39,109.33,3,2,2,0,25000000,228666,RPRTMLOLLHPFFCA58CA,1,1,0,108,703587.6923076923,100.15384615384615,336.4,1,0,0,0,0,0,0,0,0,0,0,0,0,1,0,0,0,25.0504718,121.5427444,0,20,20,11,10,20,2,3,1,0
768,臺北市中山區復興北路190巷1~30號,18.32,15.0,4,35,97.97999999999999,3,2,1,1,20500000,209226,RPWOMLPLLHPFFCA68CA,1,1,0,109,643772.3076923076,56.36923076923077,301.476923076923,1,0,0,0,0,0,0,0,0,0,0,0,1,0,0,0,0,25.055574,121.543237,0,20,20,11,17,20,0,0,1,0
769,臺北市中山區復興北路451~480號,29.42,13.0,4,19,200.15,3,2,2,1,38500000,192356,RPVNMLOLLHPFFCA38CA,1,1,1,109,591864.6153846154,90.52307692307693,615.8461538461538,1,0,0,0,0,0,0,0,0,0,0,0,1,0,0,0,0,25.0639844,121.544483,0,19,19,4,2,4,1,2,1,0
770,臺北市中山區合江街170巷1~30號,37.25,4.0,4,49,86.54,3,1,1,0,24500000,283106,RPQOMLRKLHPFFCA18CA,1,1,0,109,871095.3846153846,114.61538461538461,266.2769230769231,1,0,0,0,0,0,0,0,0,0,0,0,0,1,0,0,0,25.0607904,121.53893,0,17,19,8,8,20,1,0,0,16
771,臺北市中山區德惠街1~30號,18.25,9.0,4,47,146.83,4,1,1,1,15000000,102159,RPUNMLKKLHPFFCA77CA,1,1,0,108,314335.3846153846,56.15384615384615,451.7846153846154,1,0,0,0,0,0,0,0,0,0,0,0,0,0,0,1,0,25.0668904,121.5229555,0,17,20,15,12,20,1,1,0,1
772,臺北市中山區新生北路二段141巷1~30號,32.0,4.0,3,55,90.13,2,1,1,0,14170000,157217,RPTQMLPJLHPFFCA38CA,1,1,0,109,483744.6153846154,98.46153846153845,277.3230769230769,1,0,0,0,0,0,0,0,0,0,0,0,0,1,0,0,0,25.0617109,121.5295608,0,16,20,16,9,20,2,1,2,1
773,臺北市中山區明水路397巷18弄1~30號,51.43,15.0,4,14,274.0,4,2,2,1,86000000,381061,RPRPMLKKLHPFFCA77DA,1,1,2,108,1172495.3846153845,158.24615384615385,843.0769230769231,1,0,0,0,0,0,0,0,0,0,0,0,1,0,0,0,0,25.0787954,121.5476849,0,4,11,2,9,3,2,1,1,0
774,臺北市中山區新生北路二段141巷1~30號,31.67,4.0,3,55,82.39,3,2,1,0,13200000,160214,RPSNMLLKLHPFFCA77DA,1,1,0,108,492966.1538461538,97.44615384615385,253.5076923076923,1,0,0,0,0,0,0,0,0,0,0,0,0,1,0,0,0,25.0617109,121.5295608,0,16,20,16,9,20,2,1,2,1
775,臺北市中山區新生北路一段61~90號,13.45,14.0,4,33,131.98999999999998,3,2,2,1,23450000,177652,RPPOMLRJLHPFFCA08DA,1,1,0,109,546621.5384615385,41.38461538461538,406.12307692307684,1,0,0,0,0,0,0,0,0,0,0,0,1,0,0,0,0,25.0491044,121.5292611,1,20,20,10,9,20,1,2,0,0
776,臺北市中山區松江路77巷1~30號,4.5,11.0,4,17,24.9,1,1,1,1,8080000,324498,RPPNMLQKLHPFFCA97DA,2,1,0,109,998455.3846153846,13.846153846153845,76.61538461538461,1,0,0,0,0,0,0,0,0,0,0,0,0,0,1,0,0,25.0497037,121.5339815,1,20,20,12,9,20,1,3,1,0
777,臺北市中山區雙城街28巷1~30號,11.18,5.0,4,45,55.73,1,1,1,0,7400000,132783,RPVSMLRKLHPFFCA56DA,1,1,0,108,408563.07692307694,34.4,171.47692307692307,1,0,0,0,0,0,0,0,0,0,0,0,0,0,1,0,0,25.0659489,121.5238551,0,20,20,16,8,20,2,1,1,1
778,臺北市中山區新生北路三段1~30號,5.32,12.0,4,15,38.44,0,1,1,1,10420000,271072,RPXPMLTKLHPFFCA66DA,3,1,0,109,834067.6923076923,16.369230769230768,118.27692307692307,1,0,0,0,0,0,0,0,0,0,0,0,0,0,1,0,0,25.0628897,121.5281771,0,11,20,16,10,20,2,1,1,0
779,臺北市中山區林森北路511~540號,4.14,14.0,4,16,45.010000000000005,2,1,1,1,11800000,262164,RPWSMLRKLHPFFCA66DA,1,1,0,109,806658.4615384615,12.738461538461538,138.4923076923077,1,0,0,0,0,0,0,0,0,0,0,0,1,0,0,0,0,25.0619755,121.5257781,0,20,20,20,12,20,2,1,1,2
780,臺北市中山區雙城街10巷1~30號,18.4,7.0,4,38,121.77000000000001,3,2,2,1,20700000,169993,RPUSMLPJLHPFFCA78DA,1,1,0,109,523055.3846153846,56.615384615384606,374.6769230769231,1,0,0,0,0,0,0,0,0,0,0,0,0,0,0,1,0,25.0642289,121.5242889,0,20,20,17,10,20,2,2,2,1
781,臺北市中山區民生東路二段127巷1~30號,9.71,7.0,4,45,58.85,2,1,1,1,13100000,222600,RPQQMLPJLHPFFCA08CA,1,1,0,109,684923.0769230769,29.876923076923077,181.07692307692307,1,0,0,0,0,0,0,0,0,0,0,0,0,0,0,1,0,25.0586988,121.5321723,1,20,20,11,9,20,1,0,1,3
782,臺北市中山區龍江路223巷1~30號,9.79,7.0,4,11,41.64,1,1,1,1,8300000,199328,RPWQMLPJLHPFFCA68CA,1,1,0,109,613316.923076923,30.12307692307692,128.12307692307692,1,0,0,0,0,0,0,0,0,0,0,0,0,0,0,1,0,25.056949,121.5407253,0,20,20,7,14,20,0,0,0,0
783,臺北市中山區林森北路85巷1~30號,8.83,5.0,4,34,39.07,1,1,1,1,6300000,161249,RPVRMLPJLHPFFCA68CA,1,1,0,109,496150.7692307692,27.16923076923077,120.21538461538461,1,0,0,0,0,0,0,0,0,0,0,0,0,0,1,0,0,25.0498693,121.5251226,0,20,20,10,9,20,0,0,0,0
784,臺北市中山區新生北路二段91~120號,1.88,14.0,4,34,23.060000000000002,0,0,0,1,2900000,125759,RPPNMLQJLHPFFCA77CA,1,1,0,109,386950.7692307692,5.7846153846153845,70.95384615384616,1,0,0,0,0,0,0,0,0,0,0,0,1,0,0,0,0,25.0573288,121.5278946,0,15,20,9,10,20,1,0,0,0
785,臺北市中山區林森北路271~300號,4.16,12.0,4,44,53.04,2,1,1,1,8500000,160256,RPXNMLMKLHPFFCA28CA,2,1,0,109,493095.3846153846,12.8,163.2,1,0,0,0,0,0,0,0,0,0,0,0,1,0,0,0,0,25.0551668,121.5256069,0,20,20,12,9,20,1,0,0,0
786,臺北市中山區德惠街1~30號,4.02,10.0,4,39,38.24,1,1,1,1,6660000,174163,RPSNMLKKLHPFFCA57CA,1,1,0,109,535886.1538461539,12.369230769230768,117.66153846153847,1,0,0,0,0,0,0,0,0,0,0,0,0,0,1,0,0,25.0668904,121.5229555,0,17,20,15,12,20,1,1,0,1
787,臺北市中山區林森北路391~420號,2.41,12.0,4,39,27.270000000000003,1,0,1,1,3050000,111845,RPUNMLNKLHPFFCA08CA,1,1,0,109,344138.4615384615,7.415384615384616,83.90769230769232,1,0,0,0,0,0,0,0,0,0,0,0,1,0,0,0,0,25.0587529,121.5256823,0,20,20,16,10,20,0,1,1,1
788,臺北市中山區合江街61~90號,19.25,4.0,4,51,47.12,2,1,1,0,9400000,199491,RPTNMLKMLHPFFCA87CA,1,1,0,109,613818.4615384615,59.230769230769226,144.98461538461538,1,0,0,0,0,0,0,0,0,0,0,0,0,1,0,0,0,25.0573187,121.5392425,0,19,19,3,15,20,0,2,0,0
789,臺北市中山區松江路100巷1~30號,183.5,1.0,3,67,71.08,3,2,1,0,144323000,2030431,RPVOMLOLLHPFFCA48CA,1,1,0,108,6247480.0,564.6153846153846,218.7076923076923,1,0,0,0,0,0,0,0,0,0,0,0,0,0,0,0,1,25.0511649,121.5322451,0,20,20,14,11,20,2,2,1,0
790,臺北市中山區中山北路二段115巷1~30號,2.88,6.0,4,42,19.04,1,1,1,1,3000000,157563,RPOSMLKMLHPFFCA87CA,2,1,0,109,484809.23076923075,8.86153846153846,58.58461538461538,1,0,0,0,0,0,0,0,0,0,0,0,0,0,0,1,0,25.0610459,121.5234886,0,20,20,20,12,20,2,1,3,1
791,臺北市中山區五常街11巷1~30號,13.57,17.0,4,2,123.16,2,2,1,1,23800000,247615,RPUNMLRLLHPFFCA58CA,2,1,1,109,761892.3076923076,41.753846153846155,378.95384615384614,1,0,0,0,0,0,0,0,0,0,0,0,1,0,0,0,0,25.0645708,121.5377789,0,7,19,2,4,18,1,0,0,20
792,臺北市中山區五常街11巷1~30號,14.02,17.0,4,2,124.5,2,1,1,1,23800000,243902,RPVNMLRLLHPFFCA68CA,2,1,1,109,750467.6923076923,43.138461538461534,383.07692307692304,1,0,0,0,0,0,0,0,0,0,0,0,1,0,0,0,0,25.0645708,121.5377789,0,7,19,2,4,18,1,0,0,20
793,臺北市中山區天祥路47巷1~30號,16.0,5.0,4,42,57.68,2,1,1,0,11250000,195042,RPTQMLRKLHPFFCA68CA,1,1,0,109,600129.2307692308,49.230769230769226,177.47692307692307,1,0,0,0,0,0,0,0,0,0,0,0,0,1,0,0,0,25.0622245,121.5211508,0,20,20,20,11,20,1,3,2,1
794,臺北市中山區中山北路一段83巷1~30號,6.16,5.0,4,34,39.16,1,1,1,1,6500000,165986,RPUOMLTJLHPFFCA68CA,1,1,0,109,510726.1538461538,18.953846153846154,120.49230769230768,1,0,0,0,0,0,0,0,0,0,0,0,0,0,1,0,0,25.0504647,121.5225109,0,20,20,7,9,20,0,2,1,0
795,臺北市中山區中山北路二段59巷31~60號,5.01,16.0,4,22,44.050000000000004,1,1,1,1,9700000,220204,RPRQMLTJLHPFFCA58CA,1,1,0,109,677550.7692307692,15.415384615384614,135.53846153846155,1,0,0,0,0,0,0,0,0,0,0,0,0,0,1,0,0,25.0559502,121.5242173,0,20,20,18,10,20,0,0,1,1
796,臺北市中山區民族東路512巷13弄31~60號,32.66,5.0,4,40,110.94,3,2,2,0,16380000,147647,RPSQMLLKLHPFFCA97CA,9,1,0,109,454298.4615384615,100.49230769230768,341.3538461538461,1,0,0,0,0,0,0,0,0,0,0,0,0,1,0,0,0,25.0666422,121.5432829,0,7,11,0,1,4,1,1,0,0
797,臺北市中山區合江街127巷1~30號,12.37,6.0,4,22,46.16,1,0,1,1,9600000,207972,RPWPMLQJLHPFFCA78DA,1,1,0,109,639913.8461538461,38.06153846153846,142.0307692307692,1,0,0,0,0,0,0,0,0,0,0,0,0,0,1,0,0,25.0608033,121.5395009,0,20,20,7,8,20,1,1,1,14
798,臺北市中山區林森北路85巷1~30號,29.0,4.0,3,35,86.84,2,2,1,0,11800000,135882,RPTPMLKKLHPFFCA97DA,1,1,0,109,418098.4615384615,89.23076923076923,267.2,1,0,0,0,0,0,0,0,0,0,0,0,0,1,0,0,0,25.0498693,121.5251226,0,20,20,10,9,20,0,0,0,0
799,臺北市中山區松江路100巷1~30號,11.86,5.0,4,47,49.11,2,2,1,1,12510000,254734,RPTSMLRKLHPFFCA98DA,1,1,0,109,783796.923076923,36.49230769230769,151.1076923076923,1,0,0,0,0,0,0,0,0,0,0,0,0,0,0,1,0,25.0511649,121.5322451,0,20,20,14,11,20,2,2,1,0
800,臺北市中山區長春路61~90號,7.5,12.0,4,41,70.98,3,2,1,1,13800000,194421,RPUSMLRKLHPFFCA09DA,1,1,0,109,598218.4615384615,23.076923076923077,218.4,1,0,0,0,0,0,0,0,0,0,0,0,1,0,0,0,0,25.0550126,121.5262836,0,20,20,9,8,20,1,0,0,0
801,臺北市中山區松江路77巷1~30號,4.5,11.0,4,17,25.25,1,1,1,1,8250000,326733,RPPSMLKKLHPFFCA87DA,2,1,0,109,1005332.3076923076,13.846153846153845,77.6923076923077,1,0,0,0,0,0,0,0,0,0,0,0,0,0,1,0,0,25.0497037,121.5339815,1,20,20,12,9,20,1,3,1,0
802,臺北市中山區北安路608巷5弄1~30號,44.45,8.0,4,28,277.07,5,2,2,1,42250000,152489,RPQOMLNKLHPFFCA87DA,1,1,1,109,469196.92307692306,136.76923076923077,852.5230769230769,1,0,0,0,0,0,0,0,0,0,0,0,0,0,0,1,0,25.0821357,121.5493273,0,16,14,2,8,15,2,0,1,0
803,臺北市中山區新生北路三段3巷31~60號,29.0,4.0,4,50,78.71,3,2,1,0,13800000,175327,RPTNMLRKLHPFFCA48DA,1,1,0,109,539467.6923076923,89.23076923076923,242.18461538461537,1,0,0,0,0,0,0,0,0,0,0,0,0,1,0,0,0,25.0632387,121.5286934,0,11,20,16,11,20,2,1,1,0
804,臺北市中山區松江路64巷1~30號,13.39,7.0,4,5,68.63,2,1,1,1,17300000,252076,RPVOMLLKLHPFFCA08CA,1,1,0,108,775618.4615384615,41.2,211.16923076923075,1,0,0,0,0,0,0,0,0,0,0,0,0,0,0,1,0,25.0490852,121.532266,1,20,20,13,9,20,1,2,1,0
805,臺北市中山區松江路402巷8弄1~30號,36.67,3.0,3,53,65.73,3,1,1,0,10400000,158223,RPVNMLLKLHPFFCA97CA,2,1,0,109,486840.0,112.83076923076923,202.24615384615385,1,0,0,0,0,0,0,0,0,0,0,0,0,1,0,0,0,25.0638092,121.5327861,0,10,20,10,10,19,0,0,1,20
806,臺北市中山區松江路85巷1~30號,26.65,7.0,4,45,133.84,3,2,2,1,37000000,276449,RPQQMLTJLHPFFCA48CA,2,1,0,108,850612.3076923076,81.99999999999999,411.81538461538463,1,0,0,0,0,0,0,0,0,0,0,0,0,0,0,1,0,25.0502671,121.5341369,0,20,20,13,10,20,1,3,1,0
807,臺北市中山區新生北路二段91~120號,1.97,14.0,4,42,28.54,1,1,1,1,2300000,80589,RPTOMLKKLHPFFCA77CA,1,1,0,109,247966.15384615384,6.061538461538461,87.81538461538462,1,0,0,0,0,0,0,0,0,0,0,0,0,0,1,0,0,25.0573288,121.5278946,0,15,20,9,10,20,1,0,0,0
808,臺北市中山區新生北路二段62巷1~30號,61.7,16.0,4,10,561.3199999999999,4,2,3,1,98000000,174588,RPWQMLQLLHPFFCA98CA,1,2,4,109,537193.8461538461,189.84615384615384,1727.1384615384613,1,0,0,0,0,0,0,0,0,0,0,0,1,0,0,0,0,25.0560761,121.5266186,0,20,20,9,10,20,1,0,0,0
809,臺北市中山區農安街121~150號,16.62,4.0,4,48,42.5,3,1,1,0,7000000,164706,RPQNMLKLLHPFFCA47CA,1,1,0,109,506787.6923076923,51.13846153846154,130.76923076923077,1,0,0,0,0,0,0,0,0,0,0,0,0,1,0,0,0,25.0649589,121.5297066,0,10,20,13,7,19,2,1,1,1
810,臺北市中山區錦州街31~60號,3.07,13.0,4,37,33.95,0,0,0,1,4100000,120766,RPUNMLKLLHPFFCA87CA,3,1,0,109,371587.6923076923,9.446153846153845,104.46153846153847,1,0,0,0,0,0,0,0,0,0,0,0,1,0,0,0,0,25.0604245,121.5264838,0,20,20,20,9,20,2,1,1,1
811,臺北市中山區中山北路二段16巷1~30號,7.26,6.0,4,15,42.31,1,0,1,1,8800000,207989,RPPTMLNLLHPFFCA28CA,2,1,0,108,639966.1538461539,22.338461538461537,130.1846153846154,1,0,0,0,0,0,0,0,0,0,0,0,0,0,1,0,0,25.0531008,121.5219915,0,20,20,6,10,20,0,2,1,0
812,臺北市中山區伊通街87巷1~30號,35.17,5.0,4,27,144.41,0,0,0,0,15750000,109064,RPXPMLKLMHPFFCA48CA,1,1,1,109,335581.53846153844,108.21538461538462,444.3384615384615,1,0,0,0,0,0,0,0,0,0,0,0,0,0,0,1,0,25.0530373,121.5350479,1,20,20,9,13,20,1,3,1,0
813,臺北市中山區吉林路51巷1~30號,45.25,2.0,3,35,80.67,2,2,1,0,15800000,195860,RPXOMLLJMHPFFCA28CA,1,1,0,109,602646.1538461539,139.23076923076923,248.2153846153846,1,0,0,0,0,0,0,0,0,0,0,0,0,1,0,0,0,25.0532091,121.5305432,1,20,20,9,11,20,3,2,1,0
814,臺北市中山區樂群二路121~150號,47.09,10.0,4,21,155.45,3,2,2,1,23800000,153104,RPVPMLQJMHPFFCA68CA,1,1,0,109,471089.23076923075,144.8923076923077,478.30769230769226,1,0,0,0,0,0,0,0,0,0,0,0,0,0,0,1,0,25.0803028,121.5559193,0,9,8,3,7,18,1,1,0,0
815,臺北市中山區建國北路三段31~60號,46.0,12.0,4,33,339.97,0,0,0,1,40000000,117657,RPSQMLSKLHPFFCA68CA,1,1,0,109,362021.53846153844,141.53846153846155,1046.0615384615385,1,0,0,0,0,0,0,0,0,0,0,0,1,0,0,0,0,25.0637659,121.5372796,0,10,20,4,5,18,1,0,0,20
816,臺北市中山區林森北路271~300號,5.19,12.0,4,44,66.92999999999999,2,2,1,1,10600000,158374,RPPNMLLKLHPFFCA37CA,2,1,0,109,487304.6153846154,15.96923076923077,205.9384615384615,1,0,0,0,0,0,0,0,0,0,0,0,1,0,0,0,0,25.0551668,121.5256069,0,20,20,12,9,20,1,0,0,0
817,臺北市中山區建國北路三段91~120號,31.78,5.0,4,41,113.13,3,2,2,0,15000000,132591,RPXQMLLKLHPFFCA48CA,3,1,0,109,407972.3076923077,97.78461538461538,348.09230769230766,1,0,0,0,0,0,0,0,0,0,0,0,0,1,0,0,0,25.0657115,121.5368739,0,5,14,2,4,16,0,0,0,20
818,臺北市中山區撫順街31~60號,19.12,9.0,4,31,168.23,2,2,1,1,23000000,136718,RPTQMLLKLHPFFCA08CA,1,1,0,109,420670.7692307692,58.830769230769235,517.6307692307691,1,0,0,0,0,0,0,0,0,0,0,0,0,0,0,1,0,25.0635542,121.5200727,0,20,20,14,11,20,3,3,1,0
819,臺北市中山區龍江路342巷31~60號,18.5,7.0,4,37,100.75,3,2,2,1,15700000,155831,RPXOMLMKLHPFFCA38CA,3,1,0,109,479480.0,56.92307692307692,310.0,1,0,0,0,0,0,0,0,0,0,0,0,0,0,0,1,0,25.065665,121.539296,0,7,13,2,4,14,1,1,0,9
820,臺北市中山區民權東路一段31~60號,3.7,12.0,4,14,32.620000000000005,0,0,0,1,7650000,234519,RPSNMLMKLHPFFCA77CA,1,1,0,109,721596.923076923,11.384615384615385,100.36923076923078,1,0,0,0,0,0,0,0,0,0,0,0,1,0,0,0,0,25.0629946,121.5241052,0,20,20,20,11,20,2,2,2,2
821,臺北市中山區松江路1~30號,9.18,12.0,4,38,115.38,1,1,1,1,24000000,208008,RPTPMLRKLHPFFCA68DA,1,1,0,108,640024.6153846154,28.246153846153845,355.01538461538456,1,0,0,0,0,0,0,0,0,0,0,0,0,0,1,0,0,25.045864,121.5331196,1,15,18,6,8,20,1,1,1,0
822,臺北市中山區松江路100巷1~30號,15.79,5.0,4,47,65.36,2,2,1,1,16100000,246328,RPOQMLNLLHPFFCA97DA,1,1,0,109,757932.3076923076,48.58461538461538,201.1076923076923,1,0,0,0,0,0,0,0,0,0,0,0,0,0,0,1,0,25.0511649,121.5322451,0,20,20,14,11,20,2,2,1,0
823,臺北市中山區德惠街151~180號,26.46,7.0,4,34,142.06,3,2,2,0,25500000,179502,RPWNMLMKLHPFFCA18CA,1,1,0,109,552313.8461538461,81.41538461538461,437.1076923076923,1,0,0,0,0,0,0,0,0,0,0,0,0,0,0,1,0,25.0666858,121.5307668,0,4,18,4,12,12,0,0,0,1
824,臺北市中山區雙城街3巷1~30號,5.75,15.0,4,26,38.620000000000005,0,1,1,1,7000000,181253,RPUPMLNKLHPFFCA28CA,1,1,0,109,557701.5384615385,17.692307692307693,118.83076923076923,1,0,0,0,0,0,0,0,0,0,0,0,0,0,1,0,0,25.0633663,121.5244776,0,20,20,20,11,20,2,2,2,1
825,臺北市中山區北安路511~540號,29.67,3.0,3,52,63.54,2,1,1,0,13980000,220019,RPSNMLSKLHPFFCA38CA,1,1,0,109,676981.5384615384,91.29230769230769,195.5076923076923,1,0,0,0,0,0,0,0,0,0,0,0,0,1,0,0,0,25.0794239,121.546512,0,2,12,1,8,3,2,1,1,0
826,臺北市中山區北安路541~570號,15.82,5.0,4,43,71.25,3,2,1,0,13880000,194807,RPSRMLMKLHPFFCA18CA,1,1,0,109,599406.1538461539,48.676923076923075,219.23076923076923,1,0,0,0,0,0,0,0,0,0,0,0,0,1,0,0,0,25.0803216,121.5472469,0,10,14,2,8,5,2,1,1,0
827,臺北市中山區中山北路二段93巷1~30號,5.78,12.0,4,16,42.63,1,1,1,1,11500000,269763,RPURMLMKLHPFFCA38CA,1,1,0,109,830040.0,17.784615384615385,131.16923076923078,1,0,0,0,0,0,0,0,0,0,0,0,0,0,1,0,0,25.0594195,121.5233012,0,20,20,18,10,20,0,1,2,1
828,臺北市中山區建國北路三段61~90號,23.58,7.0,4,39,93.91,3,2,2,0,17200000,183154,RPPTMLRJMHPFFCA58CA,1,1,0,109,563550.7692307692,72.55384615384615,288.95384615384614,1,0,0,0,0,0,0,0,0,0,0,0,0,0,0,1,0,25.0647501,121.537375,0,6,18,2,4,18,1,0,0,20
829,臺北市中山區林森北路138巷31~60號,7.1,6.0,4,14,32.7,0,0,0,1,6500000,198777,RPRSMLTJMHPFFCA88CA,1,1,0,108,611621.5384615385,21.846153846153843,100.61538461538463,1,0,0,0,0,0,0,0,0,0,0,0,0,0,1,0,0,25.0517433,121.524264,0,20,20,10,9,20,0,0,1,0
830,臺北市中山區中山北路二段65巷2弄31~60號,57.0,4.0,3,35,180.41,2,2,4,0,71724240,397562,RPPNMLKKMHPFFCA37CA,1,2,0,109,1223267.6923076923,175.3846153846154,555.1076923076923,1,0,0,0,0,0,0,0,0,0,0,0,0,1,0,0,0,25.0567729,121.524972,0,20,20,15,13,20,0,0,1,1
831,臺北市中山區松江路271~300號,20.69,11.0,4,51,146.85,4,2,2,1,25500000,173647,RPWPMLTLMHPFFCA66CA,2,1,0,108,534298.4615384615,63.66153846153846,451.8461538461538,1,0,0,0,0,0,0,0,0,0,0,0,1,0,0,0,0,25.0598864,121.5334014,1,20,20,10,9,20,1,0,1,18
832,臺北市中山區雙城街13巷1~30號,8.58,11.0,4,8,80.48,2,1,1,1,15200000,188867,RPQNMLNKLHPFFCA67CA,1,1,1,109,581129.2307692308,26.4,247.63076923076923,1,0,0,0,0,0,0,0,0,0,0,0,1,0,0,0,0,25.06417,121.5245646,0,20,20,19,11,20,2,2,1,1
833,臺北市中山區樂群二路30巷1~30號,118.67,7.0,4,18,333.5,4,2,3,1,103000000,308846,RPQQMLRKLHPFFCA38CA,1,1,1,109,950295.3846153846,365.1384615384615,1026.1538461538462,1,0,0,0,0,0,0,0,0,0,0,0,0,0,0,1,0,25.079472,121.5532817,0,10,7,3,8,11,1,0,0,0
834,臺北市中山區建國北路二段1~30號,8.03,14.0,4,15,61.37,1,1,1,1,14000000,228124,RPQPMLNKLHPFFCA87CA,2,1,0,109,701920.0,24.707692307692305,188.83076923076922,1,0,0,0,0,0,0,0,0,0,0,0,0,0,1,0,0,25.0523809,121.5371887,1,20,20,8,10,20,2,3,1,0
835,臺北市中山區林森北路541~570號,4.97,12.0,4,43,40.919999999999995,1,1,1,1,7350000,179619,RPVQMLQKLHPFFCA78CA,1,1,0,109,552673.8461538461,15.292307692307691,125.90769230769229,1,0,0,0,0,0,0,0,0,0,0,0,0,0,1,0,0,25.0632995,121.5256424,0,20,20,20,14,20,2,1,1,1
836,臺北市中山區中山北路二段77巷1~30號,3.43,14.0,4,20,46.0,1,1,1,0,11050000,240217,RPXQMLQKLHPFFCA98CA,1,1,0,109,739129.2307692308,10.553846153846154,141.53846153846155,1,0,0,0,0,0,0,0,0,0,0,0,0,0,1,0,0,25.0576596,121.5230491,0,20,20,17,10,20,0,0,1,1
837,臺北市中山區德惠街31~60號,4.39,11.0,4,39,41.29,1,1,1,1,5700000,138048,RPUPMLRKLHPFFCA78DA,1,1,0,109,424763.07692307694,13.507692307692306,127.04615384615384,1,0,0,0,0,0,0,0,0,0,0,0,0,0,1,0,0,25.0667707,121.5265786,0,11,20,15,15,20,2,0,1,1
838,臺北市中山區松江路26巷1~30號,12.4,7.0,4,10,68.75,2,1,1,1,14800000,215273,RPPVMLOLLHPFFCA68DA,2,1,0,109,662378.4615384615,38.15384615384615,211.53846153846152,1,0,0,0,0,0,0,0,0,0,0,0,0,0,0,1,0,25.0472217,121.5324623,1,17,20,10,8,20,2,1,0,0
839,臺北市中山區復興北路451~480號,31.22,13.0,4,19,211.03,3,2,2,1,41000000,194285,RPXNMLQJNHPFFCA78CA,1,1,1,108,597800.0,96.06153846153846,649.3230769230769,1,0,0,0,0,0,0,0,0,0,0,0,1,0,0,0,0,25.0639844,121.544483,0,19,19,4,2,4,1,2,1,0
840,臺北市中山區復興北路514巷31~60號,27.58,5.0,4,37,94.95,3,2,2,0,14120000,148710,RPVPMLQKLHPFFCA68CA,1,1,0,109,457569.23076923075,84.86153846153846,292.15384615384613,1,0,0,0,0,0,0,0,0,0,0,0,0,1,0,0,0,25.0660734,121.5428334,0,8,14,1,3,5,1,1,0,0
841,臺北市中山區林森北路391~420號,6.29,13.0,4,37,66.03,1,1,1,1,7800000,118128,RPPOMLQKLHPFFCA97CA,3,1,0,109,363470.7692307692,19.353846153846153,203.16923076923078,1,0,0,0,0,0,0,0,0,0,0,0,1,0,0,0,0,25.0587529,121.5256823,0,20,20,16,10,20,0,1,1,1
842,臺北市中山區北安路630巷9弄1~30號,28.97,4.0,3,52,70.78,3,1,4,0,25000000,353207,RPSOMLOLLHPFFCA18CA,1,1,0,109,1086790.7692307692,89.13846153846153,217.7846153846154,1,0,0,0,0,0,0,0,0,0,0,0,0,1,0,0,0,25.083078,121.549491,0,16,12,1,9,13,2,0,1,0
843,臺北市中山區復興北路488巷1~30號,27.29,5.0,4,40,103.30000000000001,0,0,0,0,29000000,280736,RPOTMLRJMHPFFCA48CA,1,1,0,109,863803.0769230769,83.96923076923076,317.84615384615387,1,0,0,0,0,0,0,0,0,0,0,0,0,1,0,0,0,25.0652415,121.5441061,0,12,14,1,1,3,1,1,1,0
844,臺北市中山區林森北路107巷31~60號,5.82,7.0,4,32,45.14,1,1,1,1,6700000,148427,RPVRMLKMLHPFFCA48CA,1,1,0,109,456698.4615384615,17.907692307692308,138.8923076923077,1,0,0,0,0,0,0,0,0,0,0,0,0,0,1,0,0,25.0502007,121.526122,0,20,20,7,10,20,1,0,0,0
845,臺北市中山區長安東路一段56巷7弄1~30號,14.16,5.0,4,5,70.99,1,1,1,1,15520000,218622,RPTNMLSKLHPFFCA48CA,1,1,1,109,672683.0769230769,43.56923076923077,218.43076923076922,1,0,0,0,0,0,0,0,0,0,0,0,0,0,1,0,0,25.0475524,121.5290038,1,16,20,9,8,20,1,1,0,0
846,臺北市中山區明水路397巷7弄1~30號,31.33,8.0,4,26,115.03999999999999,2,2,1,1,23660000,205668,RPUNMLSKLHPFFCA58CA,1,1,1,109,632824.6153846154,96.39999999999999,353.9692307692307,1,0,0,0,0,0,0,0,0,0,0,0,0,0,0,1,0,25.0781699,121.548691,0,5,8,2,9,5,2,0,1,0
847,臺北市中山區民權東路三段61~90號,16.75,19.0,4,35,155.2,3,2,2,1,32000000,206186,RPSQMLRKLHPFFCA58CA,1,1,0,109,634418.4615384615,51.53846153846154,477.5384615384615,1,0,0,0,0,0,0,0,0,0,0,0,1,0,0,0,0,25.0625501,121.5432045,0,20,18,5,8,7,1,2,1,0
848,臺北市中山區中山北路二段115巷1~30號,10.52,17.0,4,31,88.18,2,2,1,1,20000000,226809,RPSNMLOLLHPFFCA18DA,2,1,0,109,697873.8461538461,32.36923076923077,271.32307692307694,1,0,0,0,0,0,0,0,0,0,0,0,1,0,0,0,0,25.0610459,121.5234886,0,20,20,20,12,20,2,1,3,1
849,臺北市中山區林森北路85巷31~60號,8.0,6.0,4,40,38.8,2,1,1,1,7330000,188918,RPVRMLRKLHPFFCA98CA,1,1,0,109,581286.1538461539,24.615384615384613,119.38461538461537,1,0,0,0,0,0,0,0,0,0,0,0,0,0,0,1,0,25.0496178,121.5260445,0,20,20,7,10,20,1,0,0,0
850,臺北市中山區中山北路二段27巷1~30號,125.0,4.0,4,49,532.71,0,0,0,0,106800000,200484,RPUPMLSKLHPFFCA78CA,1,1,0,109,616873.8461538461,384.6153846153846,1639.1076923076923,1,0,0,0,0,0,0,0,0,0,0,0,0,0,0,0,1,25.0532749,121.5232266,0,20,20,5,10,20,0,2,1,0
851,臺北市中山區長安東路一段91~120號,10.84,9.0,4,28,71.03,2,2,1,1,15200000,213994,RPWPMLRLLHPFFCA98CA,1,1,0,109,658443.0769230769,33.35384615384615,218.55384615384614,1,0,0,0,0,0,0,0,0,0,0,0,0,0,0,1,0,25.0483146,121.5288141,1,20,20,7,7,20,1,2,0,0
852,臺北市中山區松江路91~120號,18.59,6.0,4,48,140.22,3,2,1,1,35500000,253174,RPRPMLQLLHPFFCA38CA,1,1,0,109,778996.923076923,57.199999999999996,431.44615384615383,1,0,0,0,0,0,0,0,0,0,0,0,0,0,0,1,0,25.0496362,121.533209,1,20,20,12,10,20,1,3,1,0
853,臺北市中山區五常街11巷1~30號,18.38,17.0,4,2,155.27,2,2,2,1,36800000,283812,RPWNMLRLLHPFFCA78CA,2,1,1,109,873267.6923076923,56.55384615384615,477.75384615384615,1,0,0,0,0,0,0,0,0,0,0,0,1,0,0,0,0,25.0645708,121.5377789,0,7,19,2,4,18,1,0,0,20
854,臺北市中山區五常街11巷1~30號,18.41,17.0,4,2,122.35,2,2,2,1,34580000,282632,RPXNMLRLLHPFFCA88CA,2,1,0,109,869636.923076923,56.646153846153844,376.46153846153845,1,0,0,0,0,0,0,0,0,0,0,0,1,0,0,0,0,25.0645708,121.5377789,0,7,19,2,4,18,1,0,0,20
855,臺北市中山區五常街11巷1~30號,18.59,17.0,4,2,158.32,2,2,2,1,35200000,274360,RPOOMLRLLHPFFCA08CA,2,1,1,109,844184.6153846154,57.199999999999996,487.1384615384615,1,0,0,0,0,0,0,0,0,0,0,0,1,0,0,0,0,25.0645708,121.5377789,0,7,19,2,4,18,1,0,0,20
856,臺北市中山區五常街11巷1~30號,10.28,17.0,4,2,99.68,1,1,1,1,17500000,240087,RPPOMLRLLHPFFCA18CA,2,1,1,109,738729.2307692308,31.63076923076923,306.7076923076923,1,0,0,0,0,0,0,0,0,0,0,0,1,0,0,0,0,25.0645708,121.5377789,0,7,19,2,4,18,1,0,0,20
857,臺北市中山區農安街1~30號,5.54,11.0,4,41,48.66,1,1,1,0,7230000,148582,RPUPMLTKLHPFFCA88CA,1,1,0,109,457175.3846153846,17.046153846153846,149.72307692307692,1,0,0,0,0,0,0,0,0,0,0,0,0,0,1,0,0,25.0650285,121.523401,0,20,20,18,9,20,2,2,2,1
858,臺北市中山區長春路121~150號,40.5,4.0,4,51,118.93,3,2,1,0,21300000,179097,RPSNMLTKLHPFFCA48CA,2,1,0,109,551067.6923076923,124.61538461538461,365.9384615384615,1,0,0,0,0,0,0,0,0,0,0,0,0,1,0,0,0,25.0548664,121.5301403,1,20,20,7,10,20,2,1,1,0
859,臺北市中山區中山北路二段59巷1~30號,5.25,14.0,4,22,36.58,1,1,1,1,8050000,220066,RPQNMLOLLHPFFCA87CA,1,1,0,109,677126.1538461539,16.153846153846153,112.55384615384614,1,0,0,0,0,0,0,0,0,0,0,0,0,0,1,0,0,25.0559648,121.5232067,0,20,20,18,11,20,0,0,2,1
860,臺北市中山區龍江路443巷1~30號,21.7,5.0,4,35,78.28999999999999,5,2,2,0,10308888,131676,RPPPMLLJMHPFFCA57CA,1,1,0,109,405156.92307692306,66.76923076923076,240.89230769230767,1,0,0,0,0,0,0,0,0,0,0,0,0,1,0,0,0,25.0673213,121.541341,0,3,10,1,3,7,1,1,0,0
861,臺北市中山區長安東路二段151~180號,5.83,14.0,4,20,69.45,2,1,1,1,16800000,241901,RPORMLSKLHPFFCA38CA,1,1,0,109,744310.7692307692,17.93846153846154,213.6923076923077,1,0,0,0,0,0,0,0,0,0,0,0,1,0,0,0,0,25.0489552,121.5387279,0,20,19,12,9,20,1,1,0,0
862,臺北市中山區中山北路二段42巷1~30號,9.5,8.0,4,2,60.730000000000004,1,1,1,0,18000000,330141,RPTNMLKLLHPFFCA77CA,1,1,1,106,1015818.4615384615,29.23076923076923,186.86153846153846,1,0,0,0,0,0,0,0,0,0,0,0,0,0,0,1,0,25.0545879,121.520821,0,20,20,13,9,20,1,2,2,1
863,臺北市中山區中山北路二段42巷1~30號,7.13,8.0,4,2,36.949999999999996,1,0,1,0,12000000,324763,SPTNMLKLLHPFFCA87CA,1,1,0,106,999270.7692307692,21.93846153846154,113.69230769230768,1,0,0,0,0,0,0,0,0,0,0,0,0,0,0,1,0,25.0545879,121.520821,0,20,20,13,9,20,1,2,2,1
864,臺北市中山區明水路601~630號,47.1,14.0,4,22,283.32,4,2,2,1,63000000,222363,RPQQMLTKLHPFFCA58CA,1,1,2,109,684193.8461538461,144.92307692307693,871.7538461538461,1,0,0,0,0,0,0,0,0,0,0,0,1,0,0,0,0,25.0808551,121.551534,0,16,8,2,9,15,1,0,1,0
865,臺北市中山區吉林路407巷1~30號,30.75,4.0,4,49,73.48,3,2,2,0,16880000,229722,RPRQMLTKLHPFFCA68CA,6,1,0,109,706836.923076923,94.61538461538461,226.09230769230768,1,0,0,0,0,0,0,0,0,0,0,0,0,1,0,0,0,25.066167,121.5306192,0,8,20,4,11,12,0,0,0,1
866,臺北市中山區民生東路一段1~30號,3.81,12.0,4,41,46.480000000000004,1,1,1,1,6300000,135542,RPRRMLKMLHPFFCA08CA,1,1,0,109,417052.3076923077,11.723076923076922,143.01538461538462,1,0,0,0,0,0,0,0,0,0,0,0,0,0,1,0,0,25.0579831,121.5250958,0,20,20,16,12,20,0,1,1,1
867,臺北市中山區松江路469巷1~30號,19.2,7.0,4,37,115.36999999999999,3,2,2,0,17500000,151686,RPPQMLKMLHPFFCA77CA,1,1,0,108,466726.1538461538,59.07692307692307,354.9846153846153,1,0,0,0,0,0,0,0,0,0,0,0,0,0,0,1,0,25.0664854,121.5335411,0,2,16,3,6,16,0,0,0,10
868,臺北市中山區龍江路356巷31~60號,19.5,5.0,4,43,101.02,3,1,1,0,7000000,69293,RPWOMLSKLHPFFCA88CA,2,1,0,109,213209.23076923075,60.0,310.8307692307692,1,0,0,0,0,0,0,0,0,0,0,0,0,1,0,0,0,25.066121,121.539522,0,6,11,1,3,12,1,1,0,2
869,臺北市中山區通北街61~90號,37.77,9.0,4,27,149.62,3,2,2,1,24880000,166288,RPXNMLSKLHPFFCA88CA,1,1,0,109,511655.3846153846,116.21538461538462,460.36923076923074,1,0,0,0,0,0,0,0,0,0,0,0,0,0,0,1,0,25.0823961,121.540106,0,1,1,0,4,5,0,0,0,0
870,臺北市中山區復興北路151~180號,14.32,12.0,4,41,134.57,4,2,1,1,24880000,184885,RPTNMLNLLHPFFCA18DA,1,1,0,109,568876.923076923,44.06153846153846,414.0615384615384,1,0,0,0,0,0,0,0,0,0,0,0,1,0,0,0,0,25.0536578,121.5444713,0,20,20,10,14,20,0,1,1,0
871,臺北市中山區明水路451~480號,42.93,12.0,4,26,203.21,3,2,2,1,47500000,268081,RPWQMLTKLHPFFCA66DA,1,1,1,109,824864.6153846154,132.09230769230768,625.2615384615385,1,0,0,0,0,0,0,0,0,0,0,0,1,0,0,0,0,25.0775788,121.5501903,0,5,4,2,9,8,1,0,1,0
872,臺北市中山區德惠街31~60號,2.43,11.0,4,42,22.81,1,1,1,1,3150000,138097,RPWNMLOLLHPFFCA58DA,1,1,0,109,424913.8461538461,7.476923076923077,70.18461538461538,1,0,0,0,0,0,0,0,0,0,0,0,0,0,1,0,0,25.0667707,121.5265786,0,11,20,15,15,20,2,0,1,1
873,臺北市中山區明水路541~570號,22.58,16.0,4,25,118.44,3,2,2,1,19880000,167849,RPXSMLQLLHPFFCA76DA,1,1,1,109,516458.4615384615,69.47692307692307,364.4307692307692,1,0,0,0,0,0,0,0,0,0,0,0,1,0,0,0,0,25.078471,121.551841,0,7,5,1,8,11,1,0,1,0
874,臺北市中山區德惠街1~30號,3.82,12.0,4,17,40.65,3,2,1,1,8200000,201722,RPUPMLLMLHPFFCA38DA,1,1,0,109,620683.0769230769,11.753846153846153,125.07692307692307,1,0,0,0,0,0,0,0,0,0,0,0,1,0,0,0,0,25.0668904,121.5229555,0,17,20,15,12,20,1,1,0,1
875,臺北市中山區新生北路一段91~120號,5.4,12.0,4,33,44.57,1,1,1,1,7000000,157056,RPTVMLLMLHPFFCA88DA,1,1,0,109,483249.23076923075,16.615384615384617,137.13846153846154,1,0,0,0,0,0,0,0,0,0,0,0,0,0,1,0,0,25.0463313,121.5323976,1,17,18,8,10,20,2,1,0,0
876,臺北市中山區龍江路149巷1~30號,34.25,5.0,4,36,168.04000000000002,4,3,3,0,23000000,155953,RPQOMLNLLHPFFCA97DA,2,1,1,109,479855.3846153846,105.38461538461539,517.0461538461539,1,0,0,0,0,0,0,0,0,0,0,0,0,1,0,0,0,25.0540417,121.5408709,0,20,20,6,16,20,1,0,1,0
877,臺北市中山區德惠街31~60號,2.71,11.0,4,39,29.63,1,1,1,1,5330000,179885,RPSSMLKMLHPFFCA28CA,1,1,0,109,553492.3076923076,8.338461538461537,91.16923076923077,1,0,0,0,0,0,0,0,0,0,0,0,0,0,1,0,0,25.0667707,121.5265786,0,11,20,15,15,20,2,0,1,1
878,臺北市中山區龍江路151~180號,23.25,7.0,4,36,190.51000000000002,4,2,4,1,38100000,199990,RPUQMLQLLHPFFCA78CA,1,1,0,109,615353.8461538461,71.53846153846153,586.1846153846154,1,0,0,0,0,0,0,0,0,0,0,0,0,0,0,1,0,25.0540023,121.540618,0,20,20,6,15,20,1,0,1,0
879,臺北市中山區龍江路318巷1~30號,33.4,5.0,4,43,110.01,3,2,2,0,16800000,152713,RPWNMLQLLHPFFCA68CA,2,1,0,109,469886.1538461538,102.76923076923076,338.4923076923077,1,0,0,0,0,0,0,0,0,0,0,0,0,1,0,0,0,25.0648514,121.5406952,0,10,17,3,3,11,1,1,0,1
880,臺北市中山區龍江路151~180號,27.0,4.0,3,51,77.17,2,2,1,0,14420000,186860,RPPRMLQLLHPFFCA38CA,1,1,0,109,574953.8461538461,83.07692307692308,237.44615384615383,1,0,0,0,0,0,0,0,0,0,0,0,0,1,0,0,0,25.0540023,121.540618,0,20,20,6,15,20,1,0,1,0
881,臺北市中山區龍江路151~180號,27.0,4.0,3,51,77.17,3,2,1,0,14720000,190748,RPQRMLQLLHPFFCA48CA,1,1,0,109,586916.923076923,83.07692307692308,237.44615384615383,1,0,0,0,0,0,0,0,0,0,0,0,0,1,0,0,0,25.0540023,121.540618,0,20,20,6,15,20,1,0,1,0
882,臺北市中山區龍江路151~180號,28.0,4.0,3,51,89.41,2,2,2,0,17000000,190135,RPSRMLQLLHPFFCA68CA,1,1,0,109,585030.7692307692,86.15384615384615,275.1076923076923,1,0,0,0,0,0,0,0,0,0,0,0,0,1,0,0,0,25.0540023,121.540618,0,20,20,6,15,20,1,0,1,0
883,臺北市中山區新生北路三段1~30號,3.68,14.0,4,40,36.11,1,1,1,1,6150000,170313,RPWNMLKLLHPFFCA08CA,1,1,0,109,524040.0,11.323076923076924,111.1076923076923,1,0,0,0,0,0,0,0,0,0,0,0,0,0,1,0,0,25.0628897,121.5281771,0,11,20,16,10,20,2,1,1,0
884,臺北市中山區錦州街30巷1~30號,2.29,10.0,4,42,19.32,1,0,1,1,3460000,179089,RPRPMLKLLHPFFCA77CA,1,1,0,109,551043.0769230769,7.046153846153846,59.44615384615385,1,0,0,0,0,0,0,0,0,0,0,0,0,0,1,0,0,25.0601539,121.5249221,0,20,20,20,11,20,2,1,1,1
885,臺北市中山區林森北路31~60號,4.22,12.0,4,43,46.37,3,2,2,1,7750000,167134,RPVPMLTKLHPFFCA98CA,1,1,0,109,514258.4615384615,12.984615384615383,142.67692307692306,1,0,0,0,0,0,0,0,0,0,0,0,1,0,0,0,0,25.0614,121.526334,0,20,20,20,10,20,2,1,1,1
886,臺北市中山區中山北路二段59巷31~60號,4.26,16.0,4,22,38.69,1,1,1,1,9200000,237788,RPUWMLNLLHPFFCA09CA,1,1,0,109,731655.3846153846,13.107692307692307,119.04615384615383,1,0,0,0,0,0,0,0,0,0,0,0,1,0,0,0,0,25.0559502,121.5242173,0,20,20,18,10,20,0,0,1,1
887,臺北市中山區松江路271~300號,20.12,11.0,4,51,156.42,3,2,2,1,12500000,79913,RPTQMLKLMHPFFCA18CA,2,1,0,108,245886.15384615384,61.90769230769231,481.29230769230765,1,0,0,0,0,0,0,0,0,0,0,0,1,0,0,0,0,25.0598864,121.5334014,1,20,20,10,9,20,1,0,1,18
888,臺北市中山區長春路151~180號,5.98,12.0,4,38,58.849999999999994,1,0,1,1,11300000,192014,RPQNMLKLMHPFFCA57CA,4,1,0,108,590812.3076923076,18.400000000000002,181.07692307692307,1,0,0,0,0,0,0,0,0,0,0,0,1,0,0,0,0,25.055014,121.5333787,1,20,20,5,12,20,2,3,1,0
889,臺北市中山區新生北路二段31~60號,6.07,17.0,4,25,61.71,2,2,1,1,11400000,184735,RPSPMLOLLHPFFCA28CA,1,1,0,109,568415.3846153846,18.676923076923078,189.87692307692308,1,0,0,0,0,0,0,0,0,0,0,0,1,0,0,0,0,25.0542013,121.5278274,0,20,20,9,11,20,1,1,0,0
890,臺北市中山區北安路805巷1~30號,22.46,6.0,4,43,101.28999999999999,3,2,2,0,18300000,180669,RPXVMLNLLHPFFCA66CA,3,1,0,109,555904.6153846154,69.1076923076923,311.66153846153844,1,0,0,0,0,0,0,0,0,0,0,0,0,0,0,1,0,25.08574,121.55469,0,7,6,1,4,14,0,0,1,0
891,臺北市中山區德惠街1~30號,21.57,13.0,4,6,239.94,3,2,2,1,56500000,235476,RPRNMLOLLHPFFCA97CA,1,1,1,109,724541.5384615384,66.36923076923077,738.276923076923,1,0,0,0,0,0,0,0,0,0,0,0,1,0,0,0,0,25.0668904,121.5229555,0,17,20,15,12,20,1,1,0,1
892,臺北市中山區民生東路一段31~60號,2.83,12.0,4,42,32.31,1,1,1,1,4300000,133086,RPSQMLNLLHPFFCA28CA,1,1,0,109,409495.3846153846,8.707692307692307,99.41538461538462,1,0,0,0,0,0,0,0,0,0,0,0,0,0,1,0,0,25.0582147,121.5252053,0,20,20,16,12,20,0,1,1,1
893,臺北市中山區建國北路二段33巷1~30號,15.41,15.0,4,33,144.26999999999998,3,2,2,1,29680000,205725,RPXNMLNLLHPFFCA48CA,5,1,0,109,633000.0,47.41538461538462,443.90769230769223,1,0,0,0,0,0,0,0,0,0,0,0,1,0,0,0,0,25.055336,121.537472,1,20,20,6,13,20,1,2,0,0
894,臺北市中山區林森北路107巷61~90號,7.53,7.0,4,35,40.29,1,1,1,1,6600000,163812,RPSVMLOLLHPFFCA98DA,1,1,0,109,504036.92307692306,23.16923076923077,123.96923076923076,1,0,0,0,0,0,0,0,0,0,0,0,0,0,1,0,0,25.0499592,121.5271009,1,20,20,8,9,20,1,2,0,0
895,臺北市中山區中山北路一段105巷1~30號,9.91,7.0,4,26,67.77000000000001,2,0,2,1,10500000,154936,RPVVMLLMLHPFFCA09DA,1,1,0,109,476726.1538461538,30.49230769230769,208.52307692307696,1,0,0,0,0,0,0,0,0,0,0,0,0,0,0,1,0,25.050986,121.522477,0,20,20,7,9,20,0,2,1,0
896,臺北市中山區中山北路二段93巷1~30號,5.78,12.0,4,16,42.63,1,1,1,1,11500000,269763,RPRTMLRJMHPFFCA78CA,1,1,0,109,830040.0,17.784615384615385,131.16923076923078,1,0,0,0,0,0,0,0,0,0,0,0,1,0,0,0,0,25.0594195,121.5233012,0,20,20,18,10,20,0,1,2,1
897,臺北市中山區五常街11巷1~30號,18.07,17.0,4,2,152.12,3,2,2,1,35900000,283761,RPPNMLTJMHPFFCA18CA,2,1,1,109,873110.7692307692,55.6,468.0615384615385,1,0,0,0,0,0,0,0,0,0,0,0,1,0,0,0,0,25.0645708,121.5377789,0,7,19,2,4,18,1,0,0,20
898,臺北市中山區新生北路一段91~120號,3.9,12.0,4,43,32.56,0,0,0,1,4400000,135135,RPXSMLNLLHPFFCA98CA,6,1,0,109,415800.0,12.0,100.18461538461538,1,0,0,0,0,0,0,0,0,0,0,0,1,0,0,0,0,25.0463313,121.5323976,1,17,18,8,10,20,2,1,0,0
899,臺北市中山區明水路397巷1~30號,70.85,15.0,4,14,406.73,3,2,2,1,126080000,386033,RPTPMLOLLHPFFCA38CA,1,1,3,109,1187793.846153846,217.99999999999997,1251.4769230769232,1,0,0,0,0,0,0,0,0,0,0,0,1,0,0,0,0,25.078211,121.547828,0,2,8,2,8,3,2,1,1,0
900,臺北市中山區林森北路271~300號,9.09,12.0,4,44,120.31,2,1,1,1,13300000,110548,RPUTMLOLLHPFFCA88CA,2,1,0,108,340147.6923076923,27.96923076923077,370.18461538461537,1,0,0,0,0,0,0,0,0,0,0,0,1,0,0,0,0,25.0551668,121.5256069,0,20,20,12,9,20,1,0,0,0
901,臺北市中山區林森北路271~300號,7.9,12.0,4,44,95.48,2,1,1,1,10500000,109971,RPXTMLOLLHPFFCA56CA,2,1,0,108,338372.3076923077,24.307692307692307,293.7846153846154,1,0,0,0,0,0,0,0,0,0,0,0,1,0,0,0,0,25.0551668,121.5256069,0,20,20,12,9,20,1,0,0,0
902,臺北市中山區林森北路271~300號,3.4,12.0,4,44,42.25,2,1,1,1,4700000,111243,RPRPMLPLLHPFFCA28CA,2,1,0,108,342286.1538461538,10.461538461538462,130.0,1,0,0,0,0,0,0,0,0,0,0,0,1,0,0,0,0,25.0551668,121.5256069,0,20,20,12,9,20,1,0,0,0
903,臺北市中山區松江路91~120號,4.05,12.0,4,39,46.06,1,1,1,1,10000000,217108,RPPNMLNKMHPFFCA67CA,1,1,0,109,668024.6153846154,12.46153846153846,141.72307692307692,1,0,0,0,0,0,0,0,0,0,0,0,0,0,1,0,0,25.0496362,121.533209,1,20,20,12,10,20,1,3,1,0
904,臺北市中山區林森北路271~300號,3.23,12.0,4,44,45.55,1,0,1,1,5000000,109769,RPQPMLPLLHPFFCA18CA,2,1,0,108,337750.7692307692,9.938461538461539,140.15384615384613,1,0,0,0,0,0,0,0,0,0,0,0,0,0,1,0,0,25.0551668,121.5256069,0,20,20,12,9,20,1,0,0,0
905,臺北市中山區松江路100巷1~30號,36.33,6.0,4,46,143.13,3,1,2,0,46000000,321386,RPOQMLOLLHPFFCA97CA,2,1,0,109,988880.0,111.78461538461538,440.4,1,0,0,0,0,0,0,0,0,0,0,0,0,0,0,1,0,25.0511649,121.5322451,0,20,20,14,11,20,2,2,1,0
906,臺北市中山區新生北路一段47巷1~30號,83.0,3.0,3,35,165.84,3,1,3,0,36000000,217077,RPTPMLRLLHPFFCA68CA,1,1,0,109,667929.2307692308,255.3846153846154,510.2769230769231,1,0,0,0,0,0,0,0,0,0,0,0,0,0,0,0,1,25.0480788,121.5304079,1,20,20,12,9,20,1,2,0,0
907,臺北市中山區基湖路151巷31~60號,16.12,5.0,4,17,40.09,1,1,1,1,9300000,231978,RPQNMLQLLHPFFCA08CA,1,1,0,109,713778.4615384615,49.6,123.35384615384616,1,0,0,0,0,0,0,0,0,0,0,0,0,0,1,0,0,25.0775803,121.564342,0,9,8,0,15,20,2,1,0,0
908,臺北市中山區林森北路271~300號,4.25,12.0,4,44,53.42,0,1,0,1,5900000,110446,RPSPMLQLLHPFFCA48CA,2,1,0,108,339833.8461538461,13.076923076923077,164.36923076923077,1,0,0,0,0,0,0,0,0,0,0,0,0,0,1,0,0,25.0551668,121.5256069,0,20,20,12,9,20,1,0,0,0
909,臺北市中山區龍江路120巷1~30號,0.0,11.0,4,22,35.32,0,0,0,1,4100000,116082,RPWSMLPLLHPFFCA09CA,0,1,0,108,357175.3846153846,0.0,108.67692307692307,1,0,0,0,0,0,0,0,0,0,0,0,0,0,1,0,0,25.053706,121.540307,0,20,20,7,15,20,1,0,1,0
910,臺北市中山區長安東路一段56巷1弄31~60號,28.65,7.0,4,38,146.37,3,2,2,0,20300000,138690,RPOQMLPLLHPFFCA08CA,1,1,0,108,426738.4615384615,88.15384615384615,450.36923076923074,1,0,0,0,0,0,0,0,0,0,0,0,0,0,0,1,0,25.0471549,121.5298445,1,15,20,11,11,20,2,1,0,0
911,臺北市中山區松江路25巷1~30號,27.0,5.0,4,49,90.95,0,0,0,0,25500000,280374,RPPSMLPLLHPFFCA38CA,1,1,0,109,862689.2307692308,83.07692307692308,279.84615384615387,1,0,0,0,0,0,0,0,0,0,0,0,0,1,0,0,0,25.0472178,121.5333921,1,19,20,8,10,20,2,1,0,0
912,臺北市中山區雙城街46巷1~30號,5.54,6.0,4,40,34.69,1,1,1,1,5680000,163736,RPWNMLQJMHPFFCA58CA,1,1,0,109,503803.0769230769,17.046153846153846,106.73846153846152,1,0,0,0,0,0,0,0,0,0,0,0,0,0,0,1,0,25.0676057,121.5241331,0,11,17,15,15,18,1,1,0,1
913,臺北市中山區中原街1~30號,5.39,7.0,4,44,32.589999999999996,1,1,1,1,5200000,159558,RPTRMLRJMHPFFCA78CA,1,1,0,109,490947.6923076923,16.584615384615383,100.27692307692307,1,0,0,0,0,0,0,0,0,0,0,0,0,0,1,0,0,25.0551651,121.5289176,0,20,20,6,9,20,1,1,0,0
914,臺北市中山區農安街1~30號,3.16,14.0,4,12,53.19,1,1,1,1,10500000,197406,RPUNMLSJNHPFFCA68CA,1,1,0,109,607403.0769230769,9.723076923076924,163.66153846153844,1,0,0,0,0,0,0,0,0,0,0,0,0,0,1,0,0,25.0650285,121.523401,0,20,20,18,9,20,2,2,2,1
915,臺北市中山區德惠街31~60號,3.0,9.0,4,42,28.42,1,1,1,1,3950000,138987,RPXUMLOLLHPFFCA76DA,1,1,0,109,427652.3076923077,9.23076923076923,87.44615384615385,1,0,0,0,0,0,0,0,0,0,0,0,0,0,1,0,0,25.0667707,121.5265786,0,11,20,15,15,20,2,0,1,1
916,臺北市中山區德惠街31~60號,3.0,9.0,4,42,28.42,1,1,1,1,3950000,138987,SPXUMLOLLHPFFCA86DA,1,1,0,109,427652.3076923077,9.23076923076923,87.44615384615385,1,0,0,0,0,0,0,0,0,0,0,0,0,0,1,0,0,25.0667707,121.5265786,0,11,20,15,15,20,2,0,1,1
917,臺北市中山區明水路475巷1~30號,20.62,6.0,4,23,105.32,2,2,1,1,23700000,307380,RPRSMLPLLHPFFCA68DA,1,1,1,109,945784.6153846154,63.44615384615385,324.0615384615384,1,0,0,0,0,0,0,0,0,0,0,0,0,0,0,1,0,25.0781959,121.5513427,0,6,4,1,9,11,1,0,1,0
918,臺北市中山區民權東路三段31~60號,8.05,15.0,4,37,71.7,2,2,1,1,16300000,227336,RPOOMLLJMHPFFCA47DA,1,1,0,109,699495.3846153846,24.76923076923077,220.6153846153846,1,0,0,0,0,0,0,0,0,0,0,0,1,0,0,0,0,25.0625628,121.5419482,0,20,20,5,6,9,1,2,1,0
919,臺北市中山區農安街1~30號,3.31,14.0,4,12,56.629999999999995,1,1,1,1,11060000,195303,RPPNMLNJMHPFFCA67DA,1,1,0,109,600932.3076923076,10.184615384615384,174.24615384615382,1,0,0,0,0,0,0,0,0,0,0,0,0,0,1,0,0,25.0650285,121.523401,0,20,20,18,9,20,2,2,2,1
920,臺北市中山區民生東路二段127巷1~30號,11.54,7.0,4,38,61.56999999999999,2,2,1,1,12000000,194900,RPRNMLSLLHPFFCA48DA,1,1,0,109,599692.3076923076,35.5076923076923,189.4461538461538,1,0,0,0,0,0,0,0,0,0,0,0,0,0,0,1,0,25.0586988,121.5321723,1,20,20,11,9,20,1,0,1,3
921,臺北市中山區民生東路二段127巷1~30號,332.0,5.0,4,45,1446.91,12,8,4,0,264000000,182458,RPPPMLRLNHPFFCA48CA,1,11,0,109,561409.2307692308,1021.5384615384615,4452.03076923077,1,0,0,0,0,0,0,0,0,0,0,0,0,1,0,0,0,25.0586988,121.5321723,1,20,20,11,9,20,1,0,1,3
922,臺北市中山區長春路61~90號,3.67,12.0,4,41,35.09,1,1,1,1,5200000,148190,RPUSMLRJMHPFFCA98CA,1,1,0,109,455969.23076923075,11.292307692307691,107.96923076923078,1,0,0,0,0,0,0,0,0,0,0,0,0,0,1,0,0,25.0550126,121.5262836,0,20,20,9,8,20,1,0,0,0
923,臺北市中山區八德路二段61~90號,7.45,11.0,4,15,34.09,1,1,1,1,9310000,273101,RPPPMLQLLHPFFCA18CA,1,1,0,109,840310.7692307692,22.923076923076923,104.8923076923077,1,0,0,0,0,0,0,0,0,0,0,0,0,0,1,0,0,25.0452175,121.5348345,1,17,19,7,10,20,1,0,1,0
924,臺北市中山區新生北路二段61~90號,2.46,12.0,4,41,29.509999999999998,0,0,0,1,4000000,135547,RPPNMLQLLHPFFCA97CA,1,1,0,109,417067.6923076923,7.569230769230769,90.8,1,0,0,0,0,0,0,0,0,0,0,0,0,0,1,0,0,25.0562845,121.5277511,0,20,20,9,13,20,1,0,0,0
925,臺北市中山區雙城街1~30號,27.67,3.0,3,35,72.29,1,1,1,0,12000000,165998,RPSNMLSKMHPFFCA48CA,1,1,0,109,510763.0769230769,85.13846153846154,222.43076923076924,1,0,0,0,0,0,0,0,0,0,0,0,0,1,0,0,0,25.0630116,121.5244641,0,20,20,20,11,20,2,2,2,1
926,臺北市中山區復興北路451~480號,5.46,13.0,4,19,38.26,1,1,1,1,8580000,224255,RPXOMLOLMHPFFCA78CA,1,1,0,109,690015.3846153846,16.8,117.72307692307692,1,0,0,0,0,0,0,0,0,0,0,0,0,0,1,0,0,25.0639844,121.544483,0,19,19,4,2,4,1,2,1,0
927,臺北市中山區伊通街91~120號,22.93,8.0,4,32,74.94,0,0,0,1,15800000,210835,RPPOMLKKMHPFFCA47CA,1,1,0,109,648723.0769230769,70.55384615384615,230.58461538461538,1,0,0,0,0,0,0,0,0,0,0,0,0,0,0,1,0,25.0530475,121.5349572,1,20,20,9,13,20,1,3,1,0
928,臺北市中山區林森北路571~600號,20.54,13.0,4,10,264.43,2,2,2,1,42000000,158832,RPOPMLRKMHPFFCA18CA,1,1,2,109,488713.8461538461,63.199999999999996,813.6307692307693,1,0,0,0,0,0,0,0,0,0,0,0,1,0,0,0,0,25.0649087,121.5256777,0,20,20,18,13,20,2,2,1,1
929,臺北市中山區長春路181~210號,28.25,4.0,3,35,91.18,3,1,1,0,21280000,233385,RPVNMLKMLHPFFCA08CA,1,1,0,109,718107.6923076923,86.92307692307692,280.55384615384617,1,0,0,0,0,0,0,0,0,0,0,0,0,1,0,0,0,25.054863,121.537651,1,20,20,6,14,20,2,2,0,0
930,臺北市中山區林森北路631~660號,10.04,9.0,4,14,84.64,2,2,1,1,16000000,189036,RPXOMLRLLHPFFCA98CA,1,1,0,109,581649.2307692308,30.89230769230769,260.4307692307692,1,0,0,0,0,0,0,0,0,0,0,0,0,0,0,1,0,25.0671654,121.5259185,0,12,20,15,17,18,2,1,0,1
931,臺北市中山區長安東路一段56巷7弄1~30號,14.16,5.0,4,5,70.99,1,1,1,1,16000000,225384,RPUOMLRLLHPFFCA68CA,1,1,1,109,693489.2307692308,43.56923076923077,218.43076923076922,1,0,0,0,0,0,0,0,0,0,0,0,0,0,1,0,0,25.0475524,121.5290038,1,16,20,9,8,20,1,1,0,0
932,臺北市中山區林森北路481~510號,5.49,14.0,4,18,103.75999999999999,0,0,0,1,12500000,120470,RPWNMLRJMHPFFCA68CA,1,1,1,109,370676.92307692306,16.892307692307693,319.2615384615384,1,0,0,0,0,0,0,0,0,0,0,0,0,0,1,0,0,25.0611307,121.5257278,0,20,20,20,10,20,2,1,1,1
933,臺北市中山區伊通街66巷1~30號,87.0,4.0,3,35,265.0,7,4,4,0,56000000,211321,RPTPMLLLNHPFFCA28CA,1,4,0,109,650218.4615384615,267.6923076923077,815.3846153846154,1,0,0,0,0,0,0,0,0,0,0,0,0,1,0,0,0,25.0526611,121.5344864,1,20,20,13,10,20,1,4,1,0
934,臺北市中山區松江路204巷31~60號,29.67,3.0,3,35,75.31,2,1,1,0,14450000,191874,RPRNMLMKMHPFFCA87DA,1,1,0,109,590381.5384615385,91.29230769230769,231.72307692307692,1,0,0,0,0,0,0,0,0,0,0,0,0,1,0,0,0,25.0575452,121.5317481,1,20,20,12,9,20,2,2,1,0
935,臺北市中山區林森北路399巷1~30號,4.48,13.0,4,37,48.0,2,1,1,1,9070000,188958,RPVTMLRJMHPFFCA56CA,3,1,0,109,581409.2307692308,13.784615384615385,147.69230769230768,1,0,0,0,0,0,0,0,0,0,0,0,1,0,0,0,0,25.059267,121.5256771,0,20,20,20,11,20,2,1,1,1
936,臺北市中山區民權東路一段31~60號,23.93,15.0,4,13,292.96,4,2,2,1,68000000,232114,RPRNMLQJMHPFFCA08CA,1,1,2,109,714196.923076923,73.63076923076923,901.4153846153845,1,0,0,0,0,0,0,0,0,0,0,0,1,0,0,0,0,25.0629946,121.5241052,0,20,20,20,11,20,2,2,2,2
937,臺北市中山區長安東路二段91~120號,11.14,13.0,4,3,125.49,3,1,2,1,28700000,267294,RPROMLQJMHPFFCA18CA,3,1,1,109,822443.0769230769,34.276923076923076,386.1230769230769,1,0,0,0,0,0,0,0,0,0,0,0,1,0,0,0,0,25.0484276,121.5347191,1,20,19,11,9,20,1,2,1,0
938,臺北市中山區林森北路145巷1~30號,21.75,4.0,3,55,73.82,2,2,2,0,12500000,169331,RPSOMLQJMHPFFCA28CA,1,1,0,109,521018.4615384615,66.92307692307692,227.1384615384615,1,0,0,0,0,0,0,0,0,0,0,0,0,1,0,0,0,25.0514592,121.5254831,0,20,20,9,9,20,1,0,0,0
939,臺北市中山區新生北路二段68巷1~30號,4.98,13.0,4,13,59.3,2,2,1,1,11800000,198988,RPPNMLLMLHPFFCA57CA,1,1,0,109,612270.7692307692,15.323076923076924,182.46153846153845,1,0,0,0,0,0,0,0,0,0,0,0,1,0,0,0,0,25.056497,121.526841,0,20,20,11,11,20,1,0,0,0
940,臺北市中山區林森北路241~270號,3.03,12.0,4,39,36.56,1,1,1,1,5000000,136761,RPQNMLKMLHPFFCA57CA,2,1,0,109,420803.07692307694,9.323076923076922,112.49230769230769,1,0,0,0,0,0,0,0,0,0,0,0,0,0,1,0,0,25.0538966,121.5254722,0,20,20,10,9,20,1,0,0,0
941,臺北市中山區民權東路三段61~90號,17.27,19.0,4,35,160.91,3,2,2,1,33600000,208812,RPWSMLKMLHPFFCA68CA,1,1,0,109,642498.4615384615,53.138461538461534,495.1076923076923,1,0,0,0,0,0,0,0,0,0,0,0,1,0,0,0,0,25.0625501,121.5432045,0,20,18,5,8,7,1,2,1,0
942,臺北市中山區中山北路二段42巷1~30號,12.79,8.0,4,2,77.74,1,1,1,0,23460000,332324,RPTPMLKMLHPFFCA08CA,1,1,1,107,1022535.3846153846,39.35384615384615,239.2,1,0,0,0,0,0,0,0,0,0,0,0,0,0,0,1,0,25.0545879,121.520821,0,20,20,13,9,20,1,2,2,1
943,臺北市中山區中山北路二段42巷1~30號,9.5,8.0,4,2,60.730000000000004,1,1,1,0,17750000,325046,SPTPMLKMLHPFFCA18CA,1,1,1,107,1000141.5384615384,29.23076923076923,186.86153846153846,1,0,0,0,0,0,0,0,0,0,0,0,0,0,0,1,0,25.0545879,121.520821,0,20,20,13,9,20,1,2,2,1
944,臺北市中山區中山北路二段42巷1~30號,7.13,8.0,4,2,36.949999999999996,1,0,1,0,11790000,319080,TPTPMLKMLHPFFCA28CA,1,1,0,107,981784.6153846154,21.93846153846154,113.69230769230768,1,0,0,0,0,0,0,0,0,0,0,0,0,0,0,1,0,25.0545879,121.520821,0,20,20,13,9,20,1,2,2,1
945,臺北市中山區錦州街421~450號,40.25,4.0,3,52,97.13,3,1,2,0,16800000,172964,RPPQMLQKMHPFFCA28CA,2,1,0,108,532196.923076923,123.84615384615384,298.86153846153843,1,0,0,0,0,0,0,0,0,0,0,0,0,1,0,0,0,25.0603739,121.5422127,0,20,20,7,7,18,1,2,1,0
946,臺北市中山區長安東路一段31~60號,40.31,13.0,4,14,228.73000000000002,3,2,2,1,45380000,228852,RPROMLMLMHPFFCA97CA,1,1,1,109,704160.0,124.03076923076924,703.7846153846154,1,0,0,0,0,0,0,0,0,0,0,0,1,0,0,0,0,25.0493889,121.5240003,0,20,20,9,11,20,0,0,0,0
947,臺北市中山區錦西街1~30號,120.0,3.0,3,35,260.56,0,0,0,0,118800000,455941,RPPRMLMLMHPFFCA08CA,1,1,0,108,1402895.3846153845,369.2307692307692,801.7230769230769,1,0,0,0,0,0,0,0,0,0,0,0,0,0,0,0,1,25.0603714,121.5225367,0,20,20,20,12,20,0,2,3,1
948,臺北市中山區長安東路二段91~120號,11.14,13.0,4,3,125.17999999999999,2,2,2,1,29800000,238057,RPUOMLLJMHPFFCA97CA,3,1,1,109,732483.0769230769,34.276923076923076,385.16923076923075,1,0,0,0,0,0,0,0,0,0,0,0,1,0,0,0,0,25.0484276,121.5347191,1,20,19,11,9,20,1,2,1,0
949,臺北市中山區林森北路416巷1~30號,3.62,11.0,4,45,67.78999999999999,2,1,1,1,8500000,125387,RPSSMLRJMHPFFCA78CA,1,1,0,109,385806.1538461538,11.138461538461538,208.58461538461535,1,0,0,0,0,0,0,0,0,0,0,0,1,0,0,0,0,25.059956,121.5248924,0,20,20,20,11,20,2,1,2,1
950,臺北市中山區明水路391~420號,50.48,9.0,4,4,235.22,0,0,0,1,75000000,318850,RPUNMLTKNHPFFCA88CA,1,1,1,109,981076.923076923,155.3230769230769,723.7538461538461,1,0,0,0,0,0,0,0,0,0,0,0,0,0,0,1,0,25.0774329,121.5471708,0,0,5,2,6,5,2,1,1,0
951,臺北市中山區明水路391~420號,50.48,9.0,4,4,235.22,3,2,2,1,73000000,310348,RPWNMLTKNHPFFCA09CA,1,1,1,109,954916.923076923,155.3230769230769,723.7538461538461,1,0,0,0,0,0,0,0,0,0,0,0,0,0,0,1,0,25.0774329,121.5471708,0,0,5,2,6,5,2,1,1,0
952,臺北市中山區中山北路一段83巷1~30號,5.96,5.0,4,34,36.09,0,0,0,1,5950000,164866,RPQPMLLJMHPFFCA77DA,1,1,0,109,507280.0,18.338461538461537,111.04615384615386,1,0,0,0,0,0,0,0,0,0,0,0,0,0,1,0,0,25.0504647,121.5225109,0,20,20,7,9,20,0,2,1,0
953,臺北市中山區長春路361~390號,14.83,16.0,4,25,137.39,3,2,2,1,29760000,216610,RPTOMLQJMHPFFCA48DA,2,1,0,109,666492.3076923076,45.63076923076923,422.7384615384615,1,0,0,0,0,0,0,0,0,0,0,0,1,0,0,0,0,25.0545188,121.5461106,0,20,20,20,15,20,0,1,1,0
954,臺北市中山區龍江路415巷1~30號,32.25,4.0,4,44,92.29,3,2,2,0,13000000,140860,RPUNMLRJMHPFFCA58DA,2,1,0,109,433415.3846153846,99.23076923076923,283.96923076923076,1,0,0,0,0,0,0,0,0,0,0,0,0,1,0,0,0,25.0664486,121.5413256,0,9,12,1,3,8,1,1,0,0
955,臺北市中山區建國北路二段31~60號,19.4,14.0,4,38,105.96000000000001,3,2,2,0,20800000,196300,RPXTMLSJMHPFFCA86CA,1,1,0,109,604000.0,59.692307692307686,326.03076923076924,1,0,0,0,0,0,0,0,0,0,0,0,1,0,0,0,0,25.0547495,121.5370927,1,20,20,6,11,20,1,2,0,0
956,臺北市中山區五常街11巷1~30號,15.54,17.0,4,2,105.36999999999999,2,2,1,1,26970000,255955,RPQNMLTJMHPFFCA28CA,2,1,0,109,787553.8461538461,47.81538461538461,324.21538461538455,1,0,0,0,0,0,0,0,0,0,0,0,1,0,0,0,0,25.0645708,121.5377789,0,7,19,2,4,18,1,0,0,20
957,臺北市中山區雙城街13巷1~30號,30.8,5.0,4,45,129.21,3,2,1,0,12400000,95968,RPPNMLPJMHPFFCA77CA,1,1,0,109,295286.1538461538,94.76923076923077,397.5692307692308,1,0,0,0,0,0,0,0,0,0,0,0,0,1,0,0,0,25.06417,121.5245646,0,20,20,19,11,20,2,2,1,1
958,臺北市中山區民權東路一段61~90號,32.76,16.0,4,5,415.47,4,2,3,1,106390000,308958,RPRQMLLMLHPFFCA08CA,1,1,3,109,950640.0,100.8,1278.3692307692309,1,0,0,0,0,0,0,0,0,0,0,0,1,0,0,0,0,25.0629119,121.525043,0,20,20,20,13,20,2,2,1,1
959,臺北市中山區建國北路三段61~90號,19.04,11.0,4,33,135.79,3,1,2,1,23500000,173061,RPWRMLLMLHPFFCA68CA,1,1,0,108,532495.3846153846,58.58461538461538,417.8153846153846,1,0,0,0,0,0,0,0,0,0,0,0,1,0,0,0,0,25.0647501,121.537375,0,6,18,2,4,18,1,0,0,20
960,臺北市中山區新生北路二段137巷1~30號,13.86,7.0,4,15,52.58,1,1,1,1,11680000,222138,RPQNMLLJMHPFFCA47CA,2,1,0,109,683501.5384615384,42.646153846153844,161.78461538461536,1,0,0,0,0,0,0,0,0,0,0,0,0,0,0,1,0,25.0613376,121.5279855,0,17,20,19,10,20,2,1,1,0
961,臺北市中山區新生北路三段56巷1~30號,4.51,7.0,4,40,36.33,1,1,1,0,5000000,137627,RPRNMLNKMHPFFCA87CA,1,1,0,109,423467.6923076923,13.876923076923076,111.78461538461538,1,0,0,0,0,0,0,0,0,0,0,0,0,0,1,0,0,25.0654685,121.5273556,0,15,20,16,12,20,2,1,1,1
962,臺北市中山區新生北路三段1~30號,3.51,12.0,4,36,34.56,1,1,1,1,5600000,162037,RPSNMLRKMHPFFCA38CA,2,1,0,109,498575.3846153846,10.799999999999999,106.33846153846154,1,0,0,0,0,0,0,0,0,0,0,0,0,0,1,0,0,25.0628897,121.5281771,0,11,20,16,10,20,2,1,1,0
963,臺北市中山區南京東路三段194巷1~30號,15.75,5.0,4,31,67.59,1,1,1,1,13000000,192308,RPRPMLQJMHPFFCA28CA,1,1,1,109,591716.923076923,48.46153846153846,207.96923076923076,1,0,0,0,0,0,0,0,0,0,0,0,0,0,1,0,0,25.0514287,121.5429303,0,20,20,12,14,20,1,1,1,0
964,臺北市中山區長春路61~90號,4.1,12.0,4,41,36.04,1,1,1,1,4200000,116537,RPWSMLRJMHPFFCA56CA,1,1,0,109,358575.3846153846,12.615384615384613,110.89230769230768,1,0,0,0,0,0,0,0,0,0,0,0,0,0,1,0,0,25.0550126,121.5262836,0,20,20,9,8,20,1,0,0,0
965,臺北市中山區北安路458巷31~60號,26.71,7.0,4,38,164.47,4,2,2,0,26600000,161732,RPWPMLSJMHPFFCA98CA,1,1,0,109,497636.92307692306,82.18461538461538,506.0615384615384,1,0,0,0,0,0,0,0,0,0,0,0,0,0,0,1,0,25.0788493,121.544672,0,0,7,1,5,5,2,2,1,0
966,臺北市中山區新生北路一段91~120號,3.19,12.0,4,43,25.4,1,0,1,1,4500000,177165,RPPNMLOJMHPFFCA77DA,6,1,0,109,545123.0769230769,9.815384615384614,78.15384615384615,1,0,0,0,0,0,0,0,0,0,0,0,0,0,1,0,0,25.0463313,121.5323976,1,17,18,8,10,20,2,1,0,0
967,臺北市中山區松江路511~540號,14.07,12.0,4,37,122.17999999999999,3,2,2,1,22950000,187838,RPSUMLRJMHPFFCA09DA,1,1,0,109,577963.0769230769,43.292307692307695,375.9384615384615,1,0,0,0,0,0,0,0,0,0,0,0,1,0,0,0,0,25.069435,121.533849,0,1,4,0,8,7,1,0,0,2
968,臺北市中山區長安東路一段65巷1~30號,22.92,7.0,4,7,98.88,3,2,2,1,21800000,220469,RPOOMLNKMHPFFCA77DA,1,1,0,109,678366.1538461539,70.52307692307693,304.24615384615385,1,0,0,0,0,0,0,0,0,0,0,0,0,0,0,1,0,25.0488455,121.5276297,1,18,20,7,9,20,1,2,0,0
969,臺北市中山區松江路421~450號,27.55,17.0,4,6,321.66999999999996,5,2,3,1,85450000,303857,RPSNMLMKMHPFFCA97DA,2,1,2,109,934944.6153846154,84.76923076923077,989.753846153846,1,0,0,0,0,0,0,0,0,0,0,0,1,0,0,0,0,25.065377,121.533547,0,4,20,4,7,19,0,0,0,20
970,臺北市中山區林森北路107巷31~60號,19.44,7.0,4,36,107.38000000000001,3,2,2,0,13800000,128516,RPURMLSJMHPFFCA98CA,1,1,0,108,395433.8461538461,59.815384615384616,330.40000000000003,1,0,0,0,0,0,0,0,0,0,0,0,0,0,0,1,0,25.0502007,121.526122,0,20,20,7,10,20,1,0,0,0
971,臺北市中山區林森北路241~270號,2.68,12.0,4,39,33.14,0,0,0,1,5100000,153939,RPVRMLQJMHPFFCA88CA,2,1,0,109,473658.4615384615,8.246153846153847,101.96923076923076,1,0,0,0,0,0,0,0,0,0,0,0,1,0,0,0,0,25.0538966,121.5254722,0,20,20,10,9,20,1,0,0,0
972,臺北市中山區長安東路二段1~30號,10.74,8.0,4,14,51.010000000000005,1,1,1,1,9200000,180357,RPOSMLQJMHPFFCA28CA,1,1,0,109,554944.6153846154,33.04615384615384,156.95384615384617,1,0,0,0,0,0,0,0,0,0,0,0,0,0,1,0,0,25.0486369,121.5302099,1,20,20,12,9,20,1,2,1,0
973,臺北市中山區北安路630巷25弄1~30號,34.34,9.0,4,28,213.21,3,2,2,1,40500000,189954,RPQNMLRJMHPFFCA08CA,1,1,2,109,584473.8461538461,105.66153846153847,656.0307692307692,1,0,0,0,0,0,0,0,0,0,0,0,0,0,0,1,0,25.0828201,121.5504699,0,16,12,1,7,17,2,0,1,0
974,臺北市中山區敬業三路162巷61~90號,43.31,12.0,4,21,142.87,2,2,1,1,23500000,164485,RPRNMLRJMHPFFCA18CA,1,1,0,109,506107.6923076923,133.26153846153846,439.6,1,0,0,0,0,0,0,0,0,0,0,0,1,0,0,0,0,25.0783319,121.5589955,0,3,7,2,10,10,2,1,0,0
975,臺北市中山區民生東路二段1~30號,21.13,14.0,4,8,180.55,3,2,2,1,40580000,224758,RPSQMLRLMHPFFCA78CA,2,1,1,109,691563.0769230769,65.0153846153846,555.5384615384615,1,0,0,0,0,0,0,0,0,0,0,0,1,0,0,0,0,25.0581515,121.5278737,0,17,20,12,11,20,1,1,0,0
976,臺北市中山區新生北路三段84巷1~30號,26.2,6.0,4,39,241.03,5,2,4,0,26880000,111521,RPQNMLNKMHPFFCA77CA,1,1,0,109,343141.53846153844,80.61538461538461,741.6307692307693,1,0,0,0,0,0,0,0,0,0,0,0,0,0,0,1,0,25.0673935,121.5260242,0,12,20,14,15,17,2,1,0,1
977,臺北市中山區通北街132巷1~30號,37.79,9.0,4,22,171.42,3,2,2,1,26000000,151674,RPWSMLOKMHPFFCA98CA,1,1,1,109,466689.23076923075,116.27692307692307,527.4461538461538,1,0,0,0,0,0,0,0,0,0,0,0,0,0,0,1,0,25.0845685,121.5375632,0,1,1,0,3,0,0,0,0,0
978,臺北市中山區通北街118巷1~30號,37.5,9.0,4,22,179.3,3,2,2,1,25000000,139431,RPXTMLOKMHPFFCA56CA,1,1,1,109,429018.4615384615,115.38461538461539,551.6923076923077,1,0,0,0,0,0,0,0,0,0,0,0,0,0,0,1,0,25.0839201,121.5376473,0,1,1,0,3,0,0,0,0,0
979,臺北市中山區長安東路二段181~210號,9.09,12.0,4,38,83.13,1,2,1,1,15650000,188259,RPVNMLRLMHPFFCA78CA,1,1,0,109,579258.4615384615,27.96923076923077,255.78461538461536,1,0,0,0,0,0,0,0,0,0,0,0,1,0,0,0,0,25.0484442,121.5425594,0,20,20,10,8,20,3,3,1,0
980,臺北市中山區民權東路一段58巷1~30號,17.19,7.0,4,6,117.57,2,1,2,0,19500000,184049,RPWQMLTJMHPFFCA56CA,1,1,1,109,566304.6153846154,52.892307692307696,361.7538461538461,1,0,0,0,0,0,0,0,0,0,0,0,0,0,0,1,0,25.0623768,121.524698,0,20,20,20,11,20,2,1,1,2
981,臺北市中山區明水路397巷18弄1~30號,51.43,15.0,4,14,274.0,3,2,2,1,89000000,324818,RPRNMLSJMHPFFCA28CA,1,1,2,109,999440.0,158.24615384615385,843.0769230769231,1,0,0,0,0,0,0,0,0,0,0,0,1,0,0,0,0,25.0787954,121.5476849,0,4,11,2,9,3,2,1,1,0
982,臺北市中山區興安街61~90號,21.32,15.0,4,35,105.03999999999999,3,2,1,1,22030000,209730,RPVNMLMKMHPFFCA28DA,1,1,0,109,645323.0769230769,65.6,323.2,1,0,0,0,0,0,0,0,0,0,0,0,1,0,0,0,0,25.0562445,121.5425052,0,20,20,9,14,20,0,0,0,0
983,臺北市中山區中山北路二段128巷1~30號,33.62,8.0,4,17,167.25,4,2,2,1,31800000,190135,RPVOMLRKMHPFFCA88DA,1,1,1,109,585030.7692307692,103.44615384615383,514.6153846153846,1,0,0,0,0,0,0,0,0,0,0,0,0,0,0,1,0,25.0618431,121.5220979,0,20,20,20,13,20,2,3,3,1
984,臺北市中山區堤頂大道二段241~270號,64.13,12.0,4,14,303.89,0,1,0,1,66660000,240006,RPTOMLQKMHPFFCA58DA,1,1,2,109,738480.0,197.3230769230769,935.0461538461537,1,0,0,0,0,0,0,0,0,0,0,0,1,0,0,0,0,25.078419,121.5668719,0,20,15,1,11,20,0,0,1,0
985,臺北市中山區松江路31~60號,9.54,13.0,4,24,98.94,5,2,2,1,23450000,237012,RPTNMLMKMHPFFCA08DA,1,1,0,109,729267.6923076923,29.35384615384615,304.4307692307692,1,0,0,0,0,0,0,0,0,0,0,0,1,0,0,0,0,25.0474392,121.5331738,1,19,20,10,9,20,1,1,0,0
986,臺北市中山區中山北路二段27巷1~30號,7.12,8.0,4,44,55.14,2,1,1,1,10800000,195865,RPOSMLMLMHPFFCA18DA,1,1,0,109,602661.5384615385,21.907692307692308,169.66153846153847,1,0,0,0,0,0,0,0,0,0,0,0,0,0,0,1,0,25.0532749,121.5232266,0,20,20,5,10,20,0,2,1,0
987,臺北市中山區新生北路一段31~60號,10.81,14.0,4,33,106.13,3,2,2,1,19450000,183266,RPRNMLTJMHPFFCA38CA,1,1,0,109,563895.3846153846,33.261538461538464,326.5538461538461,1,0,0,0,0,0,0,0,0,0,0,0,1,0,0,0,0,25.0472733,121.5310045,1,14,20,11,11,20,2,1,0,0
988,臺北市中山區長安東路二段91~120號,17.11,13.0,4,3,172.81,3,1,2,1,40200000,260852,RPXQMLOKMHPFFCA88CA,3,1,1,109,802621.5384615384,52.646153846153844,531.7230769230769,1,0,0,0,0,0,0,0,0,0,0,0,1,0,0,0,0,25.0484276,121.5347191,1,20,19,11,9,20,1,2,1,0
989,臺北市中山區民生東路二段115巷25弄1~30號,34.67,4.0,3,55,82.6,1,1,1,0,14500000,175545,RPUNMLKKMHPFFCA87CA,1,1,0,109,540138.4615384615,106.67692307692307,254.15384615384613,1,0,0,0,0,0,0,0,0,0,0,0,0,1,0,0,0,25.0594718,121.5317982,1,20,20,12,12,20,1,0,1,8
990,臺北市中山區新生北路三段31~60號,11.13,11.0,4,43,86.95,2,1,1,1,12700000,146061,RPSPMLNKMHPFFCA18CA,2,1,0,109,449418.4615384615,34.246153846153845,267.53846153846155,1,0,0,0,0,0,0,0,0,0,0,0,1,0,0,0,0,25.0646869,121.5280576,0,13,20,16,15,20,2,1,1,1
991,臺北市中山區撫順街1~30號,10.54,15.0,4,10,123.36,2,1,1,1,29850000,241994,RPTPMLNKMHPFFCA28CA,1,1,1,109,744596.923076923,32.43076923076923,379.5692307692307,1,0,0,0,0,0,0,0,0,0,0,0,1,0,0,0,0,25.0638973,121.5219221,0,20,20,20,10,20,2,4,2,1
992,臺北市中山區龍江路120巷1~30號,0.0,11.0,4,22,40.870000000000005,1,1,1,1,4700000,114999,RPVNMLKKMHPFFCA97CA,0,1,0,109,353843.07692307694,0.0,125.75384615384617,1,0,0,0,0,0,0,0,0,0,0,0,0,0,1,0,0,25.053706,121.540307,0,20,20,7,15,20,1,0,1,0
993,臺北市中山區中山北路一段83巷1~30號,9.29,5.0,4,34,47.62,1,1,1,1,8780000,184376,RPOPMLKKMHPFFCA47CA,1,1,0,109,567310.7692307692,28.584615384615383,146.5230769230769,1,0,0,0,0,0,0,0,0,0,0,0,0,0,1,0,0,25.0504647,121.5225109,0,20,20,7,9,20,0,2,1,0
994,臺北市中山區農安街181~210號,32.22,5.0,4,41,102.63,3,2,2,0,17300000,168567,RPOQMLKKMHPFFCA57CA,1,1,0,109,518667.6923076923,99.13846153846153,315.78461538461534,1,0,0,0,0,0,0,0,0,0,0,0,0,1,0,0,0,25.0649654,121.531836,0,8,20,6,7,18,0,0,0,15
995,臺北市中山區錦州街31~60號,2.83,13.0,4,37,31.01,0,0,0,1,3700000,119316,RPQNMLKKMHPFFCA47CA,3,1,0,109,367126.1538461538,8.707692307692307,95.41538461538461,1,0,0,0,0,0,0,0,0,0,0,0,0,0,1,0,0,25.0604245,121.5264838,0,20,20,20,9,20,2,1,1,1
996,臺北市中山區雙城街31~60號,26.5,4.0,4,51,80.47,3,2,1,0,13500000,167764,RPRNMLKKMHPFFCA57CA,1,1,0,109,516196.92307692306,81.53846153846153,247.6,1,0,0,0,0,0,0,0,0,0,0,0,0,1,0,0,0,25.0664503,121.5243593,0,15,20,16,10,20,2,1,1,1
997,臺北市中山區敬業三路162巷61~90號,47.09,12.0,4,21,155.72,3,2,2,1,24380000,156563,RPSNMLKKMHPFFCA67CA,1,1,0,109,481732.3076923077,144.8923076923077,479.1384615384615,1,0,0,0,0,0,0,0,0,0,0,0,1,0,0,0,0,25.0783319,121.5589955,0,3,7,2,10,10,2,1,0,0
998,臺北市中山區中原街1~30號,5.69,7.0,4,44,34.12,1,1,1,1,5800000,169988,RPQRMLOKMHPFFCA28CA,1,1,0,109,523040.0,17.50769230769231,104.98461538461537,1,0,0,0,0,0,0,0,0,0,0,0,0,0,1,0,0,25.0551651,121.5289176,0,20,20,6,9,20,1,1,0,0
999,臺北市中山區林森北路511~540號,4.69,14.0,4,16,50.92,2,1,1,1,13080000,256874,RPUUMLOKMHPFFCA98CA,1,1,0,109,790381.5384615384,14.430769230769231,156.6769230769231,1,0,0,0,0,0,0,0,0,0,0,0,1,0,0,0,0,25.0619755,121.5257781,0,20,20,20,12,20,2,1,1,2
1000,臺北市中山區德惠街31~60號,2.22,11.0,4,42,20.5,0,0,0,1,3200000,156098,RPUNMLPKMHPFFCA38CA,1,1,0,109,480301.53846153844,6.830769230769231,63.07692307692307,1,0,0,0,0,0,0,0,0,0,0,0,1,0,0,0,0,25.0667707,121.5265786,0,11,20,15,15,20,2,0,1,1
1001,臺北市中山區錦州街30巷1~30號,3.28,10.0,4,42,31.75,1,1,1,1,4750000,149606,RPXQMLPJNHPFFCA98CA,1,1,0,109,460326.1538461538,10.092307692307692,97.6923076923077,1,0,0,0,0,0,0,0,0,0,0,0,0,0,0,1,0,25.0601539,121.5249221,0,20,20,20,11,20,2,1,1,1
1002,臺北市中山區農安街31~60號,3.41,10.0,4,42,30.26,1,1,1,1,4850000,160278,RPQRMLQKMHPFFCA58DA,1,1,0,109,493163.0769230769,10.492307692307692,93.1076923076923,1,0,0,0,0,0,0,0,0,0,0,0,0,0,1,0,0,25.0650091,121.5250094,0,20,20,19,11,20,2,2,1,1
1003,臺北市中山區長春路137巷1~30號,89.13,7.0,4,42,424.37,7,3,4,1,62000000,163652,RPXNMLSKMHPFFCA09DA,1,1,2,109,503544.6153846154,274.24615384615385,1305.753846153846,1,0,0,0,0,0,0,0,0,0,0,0,0,0,0,1,0,25.055362,121.5316745,1,20,20,5,9,20,2,3,1,0
1004,臺北市中山區農安街1~30號,3.6,14.0,4,12,58.43,1,1,1,1,11300000,193394,RPTRMLKLMHPFFCA38DA,1,1,0,109,595058.4615384615,11.076923076923077,179.78461538461536,1,0,0,0,0,0,0,0,0,0,0,0,0,0,1,0,0,25.0650285,121.523401,0,20,20,18,9,20,2,2,2,1
1005,臺北市中山區新生北路二段76巷1~30號,108.0,3.0,3,35,240.21,7,4,3,0,32670000,136006,RPUSMLTJMHPFFCA66DA,1,1,0,108,418480.0,332.3076923076923,739.1076923076923,1,0,0,0,0,0,0,0,0,0,0,0,0,0,0,0,1,25.0575702,121.5272477,0,15,20,12,8,20,1,0,0,0
1006,臺北市中山區北安路588巷30弄1~30號,41.56,10.0,4,26,185.18,4,2,2,1,39880000,215358,RPQRMLPKMHPFFCA48DA,1,1,1,109,662640.0,127.87692307692308,569.7846153846153,1,0,0,0,0,0,0,0,0,0,0,0,0,0,0,1,0,25.0809434,121.5503148,0,16,13,3,8,15,2,0,1,0
1007,臺北市中山區天祥路61~90號,4.03,14.0,4,17,43.58,1,1,1,1,11500000,263883,RPUNMLNKMHPFFCA18CA,1,1,0,109,811947.6923076923,12.4,134.09230769230768,1,0,0,0,0,0,0,0,0,0,0,0,0,0,1,0,0,25.0634043,121.5208559,0,20,20,19,12,20,2,3,1,1
1008,臺北市中山區北安路551巷1~30號,18.25,4.0,4,46,48.61,2,1,2,0,6000000,123431,RPUOMLNKMHPFFCA28CA,1,1,0,109,379787.6923076923,56.15384615384615,149.56923076923076,1,0,0,0,0,0,0,0,0,0,0,0,0,1,0,0,0,25.0801637,121.5472496,0,10,13,2,9,5,2,1,1,0
1009,臺北市中山區民生東路三段88巷1~30號,22.82,14.0,4,35,111.76,3,2,2,1,22500000,201324,RPRPMLNKMHPFFCA08CA,1,1,0,109,619458.4615384615,70.21538461538461,343.8769230769231,1,0,0,0,0,0,0,0,0,0,0,0,1,0,0,0,0,25.0572556,121.5432725,0,20,20,9,15,20,0,1,1,0
1010,臺北市中山區中山北路ㄧ段105巷1~30號,15.59,10.0,4,4,157.31,2,2,1,1,37000000,301972,RPXPMLRKMHPFFCA09CA,1,1,1,109,929144.6153846154,47.96923076923077,484.03076923076924,1,0,0,0,0,0,0,0,0,0,0,0,0,0,0,1,0,25.050986,121.522477,0,20,20,7,9,20,0,2,1,0
1011,臺北市中山區中山北路ㄧ段105巷1~30號,10.73,10.0,4,4,80.47,1,1,1,1,23700000,294520,RPSPMLRKMHPFFCA58CA,1,1,0,109,906215.3846153846,33.01538461538462,247.6,1,0,0,0,0,0,0,0,0,0,0,0,0,0,0,1,0,25.050986,121.522477,0,20,20,7,9,20,0,2,1,0
1012,臺北市中山區中山北路ㄧ段105巷1~30號,8.3,10.0,4,4,62.31,1,1,1,1,18600000,298507,RPUPMLRKMHPFFCA78CA,1,1,0,109,918483.0769230769,25.53846153846154,191.72307692307692,1,0,0,0,0,0,0,0,0,0,0,0,0,0,0,1,0,25.050986,121.522477,0,20,20,7,9,20,0,2,1,0
1013,臺北市中山區中山北路ㄧ段105巷1~30號,10.89,10.0,4,4,82.0,1,1,1,1,24100000,293902,RPWPMLRKMHPFFCA98CA,1,1,0,109,904313.8461538461,33.50769230769231,252.3076923076923,1,0,0,0,0,0,0,0,0,0,0,0,0,0,0,1,0,25.050986,121.522477,0,20,20,7,9,20,0,2,1,0
1014,臺北市中山區中山北路ㄧ段105巷1~30號,15.26,10.0,4,4,114.58,2,2,1,1,33900000,295863,RPVPMLKLMHPFFCA28CA,1,1,0,109,910347.6923076923,46.95384615384615,352.5538461538461,1,0,0,0,0,0,0,0,0,0,0,0,0,0,0,1,0,25.050986,121.522477,0,20,20,7,9,20,0,2,1,0
1015,臺北市中山區長安東路一段52巷1~30號,80.33,1.0,1,35,40.59,0,0,0,0,41650000,1026115,RPQOMLQKMHPFFCA18CA,4,1,0,109,3157276.923076923,247.16923076923075,124.8923076923077,1,0,0,0,0,0,0,0,0,0,0,0,0,0,0,0,1,25.0481279,121.5282562,1,20,20,7,7,20,1,2,0,0
1016,臺北市中山區龍江路120巷1~30號,0.0,11.0,4,22,35.230000000000004,1,1,1,1,3900000,110701,RPOQMLPKMHPFFCA08CA,0,1,0,108,340618.4615384615,0.0,108.4,1,0,0,0,0,0,0,0,0,0,0,0,0,0,1,0,0,25.053706,121.540307,0,20,20,7,15,20,1,0,1,0
1017,臺北市中山區長安東路一段52巷1~30號,80.33,1.0,1,35,40.59,0,0,0,0,41650000,1026115,RPQRMLMLMHPFFCA18CA,4,1,0,109,3157276.923076923,247.16923076923075,124.8923076923077,1,0,0,0,0,0,0,0,0,0,0,0,0,0,0,0,1,25.0481279,121.5282562,1,20,20,7,7,20,1,2,0,0
1018,臺北市中山區建國北路一段31~60號,22.5,2.0,3,35,32.14,3,2,2,0,23820000,741133,RPOSMLNLMHPFFCA18CA,1,1,0,109,2280409.2307692305,69.23076923076923,98.8923076923077,1,0,0,0,0,0,0,0,0,0,0,0,0,0,0,0,1,25.047585,121.5370531,0,20,15,11,8,20,1,1,0,0
1019,臺北市中山區建國北路一段31~60號,22.5,2.0,3,35,32.14,3,2,2,0,23820000,741133,RPPSMLNLMHPFFCA28CA,1,1,0,109,2280409.2307692305,69.23076923076923,98.8923076923077,1,0,0,0,0,0,0,0,0,0,0,0,0,0,0,0,1,25.047585,121.5370531,0,20,15,11,8,20,1,1,0,0
1020,臺北市中山區建國北路一段31~60號,45.0,2.0,3,35,64.28,3,2,2,0,47640000,741133,RPQSMLNLMHPFFCA38CA,1,1,0,109,2280409.2307692305,138.46153846153845,197.7846153846154,1,0,0,0,0,0,0,0,0,0,0,0,0,0,0,0,1,25.047585,121.5370531,0,20,15,11,8,20,1,1,0,0
1021,臺北市中山區建國北路一段31~60號,24.0,2.0,3,35,32.32,3,2,2,0,25410000,786200,RPRSMLNLMHPFFCA48CA,1,2,0,109,2419076.923076923,73.84615384615384,99.44615384615385,1,0,0,0,0,0,0,0,0,0,0,0,0,0,0,0,1,25.047585,121.5370531,0,20,15,11,8,20,1,1,0,0
1022,臺北市中山區中山北路二段85巷1~30號,10.04,7.0,4,2,53.61,1,1,1,1,14930000,278493,RPWOMLNJOHPFFCA58CA,1,1,0,109,856901.5384615384,30.89230769230769,164.95384615384614,1,0,0,0,0,0,0,0,0,0,0,0,0,0,0,1,0,25.0588815,121.5235197,0,20,20,19,10,20,0,1,1,1
1023,臺北市中山區德惠街31~60號,6.19,10.0,4,44,49.66,2,2,1,1,8880000,178816,RPRPMLRKMHPFFCA58DA,1,1,0,109,550203.0769230769,19.046153846153846,152.79999999999998,1,0,0,0,0,0,0,0,0,0,0,0,0,0,0,1,0,25.0667707,121.5265786,0,11,20,15,15,20,2,0,1,1
1024,臺北市中山區中山北路一段33巷1~30號,8.96,6.0,4,44,49.34,0,0,0,1,4100000,83097,RPUOMLRKMHPFFCA78DA,2,1,0,109,255683.0769230769,27.56923076923077,151.81538461538463,1,0,0,0,0,0,0,0,0,0,0,0,0,0,0,1,0,25.048886,121.5215563,0,20,20,11,5,20,0,3,3,0
1025,臺北市中山區松江路1~30號,9.68,12.0,4,35,107.59,3,2,2,1,16880000,156892,RPTPMLLLMHPFFCA28DA,1,1,0,109,482744.6153846154,29.784615384615382,331.04615384615386,1,0,0,0,0,0,0,0,0,0,0,0,1,0,0,0,0,25.045864,121.5331196,1,15,18,6,8,20,1,1,1,0
1026,臺北市中山區民生東路二段147巷12弄1~30號,38.07,9.0,4,22,200.85,4,2,2,1,37990000,189146,RPSSMLKMMHPFFCA38CA,1,1,1,109,581987.6923076923,117.13846153846154,618.0,1,0,0,0,0,0,0,0,0,0,0,0,0,0,0,1,0,25.0598817,121.534549,1,20,20,10,7,20,1,0,1,18
1027,臺北市中山區建國北路二段1~30號,10.2,14.0,4,15,127.84,1,2,1,1,20300000,158792,RPWOMLNLMHPFFCA58CA,2,1,1,109,488590.7692307692,31.38461538461538,393.3538461538462,1,0,0,0,0,0,0,0,0,0,0,0,1,0,0,0,0,25.0523809,121.5371887,1,20,20,8,10,20,2,3,1,0
1028,臺北市中山區林森北路481~510號,4.83,14.0,4,18,64.72,1,1,1,1,9080000,140297,RPPOMLPKMHPFFCA97CA,1,1,1,109,431683.07692307694,14.861538461538462,199.13846153846154,1,0,0,0,0,0,0,0,0,0,0,0,1,0,0,0,0,25.0611307,121.5257278,0,20,20,20,10,20,2,1,1,1
1029,臺北市中山區安東街1~30號,6.33,7.0,4,40,31.07,1,1,1,1,4300000,138397,RPRPMLPKMHPFFCA28CA,1,1,0,109,425836.92307692306,19.476923076923075,95.6,1,0,0,0,0,0,0,0,0,0,0,0,0,0,1,0,0,25.0466603,121.5417663,0,20,20,6,13,20,1,1,0,0
1030,臺北市中山區林森北路391~420號,8.03,12.0,4,39,93.38,3,0,3,1,11500000,123153,RPSQMLKLMHPFFCA08CA,1,1,0,109,378932.3076923077,24.707692307692305,287.3230769230769,1,0,0,0,0,0,0,0,0,0,0,0,1,0,0,0,0,25.0587529,121.5256823,0,20,20,16,10,20,0,1,1,1
1031,臺北市中山區民權東路二段135巷31~60號,11.69,7.0,4,38,50.56,3,2,2,0,4000000,79114,RPPQMLLLMHPFFCA87CA,1,1,0,109,243427.6923076923,35.96923076923077,155.56923076923078,1,0,0,0,0,0,0,0,0,0,0,0,0,0,0,1,0,25.0642927,121.5350979,0,10,20,5,7,20,0,0,0,20
1032,臺北市中山區新生北路一段31~60號,3.67,14.0,4,33,36.78,1,1,1,1,6780000,184289,RPUNMLQKMHPFFCA48CA,1,1,0,109,567043.0769230769,11.292307692307691,113.16923076923077,1,0,0,0,0,0,0,0,0,0,0,0,0,0,1,0,0,25.0472733,121.5310045,1,14,20,11,11,20,2,1,0,0
1033,臺北市中山區農安街1~30號,4.74,9.0,4,37,34.95,0,0,0,1,5350000,153076,RPPNMLQKMHPFFCA97CA,1,1,0,109,471003.0769230769,14.584615384615384,107.53846153846155,1,0,0,0,0,0,0,0,0,0,0,0,0,0,1,0,0,25.0650285,121.523401,0,20,20,18,9,20,2,2,2,1
1034,臺北市中山區中山北路二段39巷1~30號,9.15,10.0,4,23,47.09,1,1,1,1,10000000,212359,RPUOMLQKMHPFFCA58CA,1,1,0,109,653412.3076923076,28.153846153846153,144.8923076923077,1,0,0,0,0,0,0,0,0,0,0,0,0,0,1,0,0,25.0538445,121.5243827,0,20,20,11,9,20,1,0,1,0
1035,臺北市中山區復興北路61~90號,14.27,12.0,4,40,132.98000000000002,3,0,2,1,25700000,193262,RPORMLLLMHPFFCA87CA,1,1,0,109,594652.3076923076,43.90769230769231,409.1692307692308,1,0,0,0,0,0,0,0,0,0,0,0,1,0,0,0,0,25.050488,121.544397,0,20,20,13,11,20,2,2,1,0
1036,臺北市中山區復興北路271~300號,13.59,14.0,4,38,104.11,3,2,2,1,25600000,245894,RPWTMLKMMHPFFCA98DA,1,1,0,109,756596.923076923,41.815384615384616,320.3384615384615,1,0,0,0,0,0,0,0,0,0,0,0,1,0,0,0,0,25.0574501,121.5444133,0,20,20,7,13,20,0,1,1,0
1037,臺北市中山區北安路621巷1~30號,28.62,5.0,4,36,123.74,3,2,2,0,21580000,174398,RPORMLPKMHPFFCA28DA,1,1,0,109,536609.2307692308,88.06153846153846,380.73846153846154,1,0,0,0,0,0,0,0,0,0,0,0,0,1,0,0,0,25.0830075,121.5488228,0,16,12,1,9,13,2,0,1,0
1038,臺北市中山區長安東路一段31~60號,24.5,7.0,4,40,133.87,4,2,2,0,22880000,170912,RPUNMLQLMHPFFCA68DA,3,1,0,109,525883.0769230769,75.38461538461539,411.9076923076923,1,0,0,0,0,0,0,0,0,0,0,0,0,0,0,1,0,25.0493889,121.5240003,0,20,20,9,11,20,0,0,0,0
1039,臺北市中山區新生北路三段61~90號,11.01,9.0,4,2,93.78999999999999,2,2,1,1,18000000,188995,RPSPMLQJNHPFFCA48CA,1,1,1,109,581523.0769230769,33.87692307692308,288.58461538461535,1,0,0,0,0,0,0,0,0,0,0,0,0,0,0,1,0,25.0659966,121.5280981,0,12,20,14,14,20,2,1,1,1
1040,臺北市中山區新生北路三段1~30號,3.68,14.0,4,40,36.75,1,1,1,1,6040000,164354,RPQNMLTLMHPFFCA48CA,1,1,0,109,505704.6153846154,11.323076923076924,113.07692307692307,1,0,0,0,0,0,0,0,0,0,0,0,0,0,1,0,0,25.0628897,121.5281771,0,11,20,16,10,20,2,1,1,0
1041,臺北市中山區新生北路二段91~120號,2.26,14.0,4,42,31.96,0,0,0,1,3600000,112641,RPUPMLSLMHPFFCA98CA,1,1,0,109,346587.6923076923,6.953846153846153,98.33846153846154,1,0,0,0,0,0,0,0,0,0,0,0,0,0,1,0,0,25.0573288,121.5278946,0,15,20,9,10,20,1,0,0,0
1042,臺北市中山區新生北路二段91~120號,2.35,14.0,4,42,34.660000000000004,0,0,0,1,3650000,105309,RPVPMLSLMHPFFCA09CA,1,1,0,109,324027.6923076923,7.230769230769231,106.64615384615385,1,0,0,0,0,0,0,0,0,0,0,0,0,0,1,0,0,25.0573288,121.5278946,0,15,20,9,10,20,1,0,0,0
1043,臺北市中山區建國北路二段1~30號,10.46,14.0,4,15,130.43,2,1,1,1,19000000,145672,RPQNMLOLMHPFFCA97CA,2,1,1,109,448221.53846153844,32.184615384615384,401.32307692307694,1,0,0,0,0,0,0,0,0,0,0,0,1,0,0,0,0,25.0523809,121.5371887,1,20,20,8,10,20,2,3,1,0
1044,臺北市中山區新生北路二段31~60號,4.46,7.0,4,45,32.21,1,1,1,1,4200000,130394,RPTOMLNLMHPFFCA28CA,1,1,0,109,401212.3076923077,13.723076923076922,99.1076923076923,1,0,0,0,0,0,0,0,0,0,0,0,0,0,1,0,0,25.0542013,121.5278274,0,20,20,9,11,20,1,1,0,0
1045,臺北市中山區新生北路二段28巷1~30號,18.35,15.0,4,32,162.64000000000001,3,2,2,1,36000000,221348,RPQPMLRKMHPFFCA38CA,1,1,0,109,681070.7692307692,56.46153846153847,500.4307692307693,1,0,0,0,0,0,0,0,0,0,0,0,1,0,0,0,0,25.0540468,121.5271134,0,20,20,9,10,20,1,1,0,0
1046,臺北市中山區天祥路61~90號,4.44,14.0,4,17,49.82000000000001,1,1,1,1,11800000,236853,RPVNMLRKMHPFFCA68CA,1,1,0,109,728778.4615384615,13.661538461538463,153.2923076923077,1,0,0,0,0,0,0,0,0,0,0,0,0,0,1,0,0,25.0634043,121.5208559,0,20,20,19,12,20,2,3,1,1
1047,臺北市中山區復興北路430巷31~60號,25.62,7.0,4,40,127.64,3,2,2,0,28180000,220777,RPSPMLLLMHPFFCA08CA,2,1,0,109,679313.8461538461,78.83076923076923,392.73846153846154,1,0,0,0,0,0,0,0,0,0,0,0,0,0,0,1,0,25.0634803,121.543251,0,20,18,5,5,5,1,2,1,0
1048,臺北市中山區大直街31~60號,46.25,4.0,4,44,137.44,4,2,2,0,26580000,193393,RPVNMLLLMHPFFCA18CA,1,1,0,109,595055.3846153846,142.3076923076923,422.89230769230767,1,0,0,0,0,0,0,0,0,0,0,0,0,1,0,0,0,25.0820208,121.5465291,0,9,12,1,9,3,2,1,1,0
1049,臺北市中山區新生北路三段1~30號,2.93,12.0,4,36,28.82,1,1,1,1,5000000,173491,RPWPMLKLMHPFFCA38CA,2,1,0,109,533818.4615384615,9.015384615384615,88.67692307692307,1,0,0,0,0,0,0,0,0,0,0,0,0,0,1,0,0,25.0628897,121.5281771,0,11,20,16,10,20,2,1,1,0
1050,臺北市中山區長安東路二段151~180號,6.17,14.0,4,20,79.3,2,1,1,1,18600000,234552,RPQPMLKLMHPFFCA77CA,1,1,1,109,721698.4615384615,18.984615384615385,243.99999999999997,1,0,0,0,0,0,0,0,0,0,0,0,1,0,0,0,0,25.0489552,121.5387279,0,20,19,12,9,20,1,1,0,0
1051,臺北市中山區長安東路一段91~120號,131.0,2.0,3,35,178.08,1,1,0,0,91700000,514937,RPTQMLRKMHPFFCA78CA,1,1,0,108,1584421.5384615385,403.07692307692304,547.9384615384615,1,0,0,0,0,0,0,0,0,0,0,0,0,0,0,0,1,25.0483146,121.5288141,1,20,20,7,7,20,1,2,0,0
1052,臺北市中山區長安東路一段91~120號,135.0,2.0,3,35,177.75,5,1,6,0,94500000,531646,RPVQMLRKMHPFFCA98CA,1,1,0,108,1635833.846153846,415.38461538461536,546.9230769230769,1,0,0,0,0,0,0,0,0,0,0,0,0,0,0,0,1,25.0483146,121.5288141,1,20,20,7,7,20,1,2,0,0
1053,臺北市中山區合江街31~60號,28.01,11.0,4,3,200.74,1,1,1,1,46000000,229152,RPQNMLSKMHPFFCA28CA,1,2,1,109,705083.0769230769,86.18461538461538,617.6615384615385,1,0,0,0,0,0,0,0,0,0,0,0,1,0,0,0,0,25.0555097,121.5392062,1,20,20,4,14,20,0,2,0,0
1054,臺北市中山區林森北路391~420號,8.53,12.0,4,39,103.17,3,1,2,1,14000000,135698,RPOQMLOLMHPFFCA08CA,1,1,0,109,417532.3076923077,26.24615384615384,317.44615384615383,1,0,0,0,0,0,0,0,0,0,0,0,1,0,0,0,0,25.0587529,121.5256823,0,20,20,16,10,20,0,1,1,1
1055,臺北市中山區復興北路488巷1~30號,31.0,5.0,4,43,109.81,3,2,2,0,14000000,127493,RPURMLRJNHPFFCA98CA,2,1,0,109,392286.1538461538,95.38461538461539,337.87692307692305,1,0,0,0,0,0,0,0,0,0,0,0,0,1,0,0,0,25.0652415,121.5441061,0,12,14,1,1,3,1,1,1,0
1056,臺北市中山區林森北路107巷61~90號,7.53,7.0,4,35,40.6,1,1,1,1,6390000,157389,RPPVMLSLMHPFFCA56DA,1,1,0,109,484273.8461538461,23.16923076923077,124.92307692307692,1,0,0,0,0,0,0,0,0,0,0,0,0,0,1,0,0,25.0499592,121.5271009,1,20,20,8,9,20,1,2,0,0
1057,臺北市中山區敬業三路162巷61~90號,47.09,10.0,4,21,155.72,3,1,2,1,24800000,159260,RPUNMLSLMHPFFCA78CA,1,1,1,109,490030.7692307692,144.8923076923077,479.1384615384615,1,0,0,0,0,0,0,0,0,0,0,0,0,0,0,1,0,25.0783319,121.5589955,0,3,7,2,10,10,2,1,0,0
1058,臺北市中山區遼寧街105巷31~60號,23.35,6.0,4,41,93.79,2,2,1,0,21080000,224757,RPSRMLLLMHPFFCA28CA,1,1,0,109,691560.0,71.84615384615385,288.5846153846154,1,0,0,0,0,0,0,0,0,0,0,0,0,0,0,1,0,25.0510972,121.5429871,0,20,20,12,12,20,2,2,1,0
1059,臺北市中山區民生東路二段115巷28弄1~30號,26.5,4.0,3,52,79.85,3,1,2,0,12700000,159048,RPVQMLLLMHPFFCA48CA,2,1,0,109,489378.4615384615,81.53846153846153,245.69230769230768,1,0,0,0,0,0,0,0,0,0,0,0,0,1,0,0,0,25.0594255,121.5315167,1,20,20,12,13,20,0,0,1,4
1060,臺北市中山區新生北路三段88巷31~60號,20.0,5.0,4,44,76.02,2,2,1,0,11680000,153644,RPVOMLKLMHPFFCA18CA,1,1,0,109,472750.7692307692,61.53846153846153,233.9076923076923,1,0,0,0,0,0,0,0,0,0,0,0,0,1,0,0,0,25.0679882,121.5265624,0,11,18,12,14,16,2,0,0,1
1061,臺北市中山區新生北路三段1~30號,3.43,12.0,4,40,31.76,1,1,1,1,1400000,44081,RPRQMLLLMHPFFCA08CA,1,1,0,109,135633.84615384616,10.553846153846154,97.72307692307693,1,0,0,0,0,0,0,0,0,0,0,0,1,0,0,0,0,25.0628897,121.5281771,0,11,20,16,10,20,2,1,1,0
1062,臺北市中山區德惠街31~60號,6.17,11.0,4,42,58.98,2,2,1,1,10300000,174635,RPOPMLLLMHPFFCA67CA,1,1,0,109,537338.4615384615,18.984615384615385,181.47692307692307,1,0,0,0,0,0,0,0,0,0,0,0,1,0,0,0,0,25.0667707,121.5265786,0,11,20,15,15,20,2,0,1,1
1063,臺北市中山區新生北路三段1~30號,6.86,12.0,4,40,61.71,1,1,1,1,2800000,45374,RPTQMLLLMHPFFCA28CA,1,1,0,109,139612.3076923077,21.107692307692307,189.87692307692308,1,0,0,0,0,0,0,0,0,0,0,0,1,0,0,0,0,25.0628897,121.5281771,0,11,20,16,10,20,2,1,1,0
1064,臺北市中山區新生北路二段61~90號,3.44,7.0,4,42,15.93,1,0,1,1,2000000,125549,RPVNMLNLMHPFFCA38CA,1,1,0,109,386304.6153846154,10.584615384615384,49.01538461538461,1,0,0,0,0,0,0,0,0,0,0,0,0,0,0,1,0,25.0562845,121.5277511,0,20,20,9,13,20,1,0,0,0
1065,臺北市中山區雙城街7巷1~30號,30.0,6.0,4,48,144.49,3,2,2,0,24000000,166101,RPXQMLMLMHPFFCA78CA,1,1,0,109,511080.0,92.3076923076923,444.5846153846154,1,0,0,0,0,0,0,0,0,0,0,0,0,0,0,1,0,25.0636442,121.5251301,0,20,20,19,13,20,2,2,1,1
1066,臺北市中山區農安街1~30號,10.27,11.0,4,17,76.5,3,2,2,1,20600000,269281,RPVQMLMLMHPFFCA58CA,1,1,0,109,828556.923076923,31.599999999999998,235.3846153846154,1,0,0,0,0,0,0,0,0,0,0,0,1,0,0,0,0,25.0650285,121.523401,0,20,20,18,9,20,2,2,2,1
1067,臺北市中山區明水路397巷1~30號,70.85,15.0,4,14,406.73,4,2,3,1,127075000,312431,RPTPMLNLMHPFFCA38CA,1,1,3,109,961326.1538461538,217.99999999999997,1251.4769230769232,1,0,0,0,0,0,0,0,0,0,0,0,1,0,0,0,0,25.078211,121.547828,0,2,8,2,8,3,2,1,1,0
1068,臺北市中山區民權東路三段1~30號,8.86,7.0,4,43,36.96,1,1,1,1,7300000,197511,RPPNMLSLMHPFFCA28CA,1,1,0,109,607726.1538461539,27.26153846153846,113.72307692307692,1,0,0,0,0,0,0,0,0,0,0,0,0,0,1,0,0,25.0625217,121.5388592,0,14,20,5,7,18,1,1,0,19
1069,臺北市中山區建國北路三段61~90號,12.31,14.0,4,6,123.47,0,0,0,1,27400000,252629,RPQNMLKMMHPFFCA67CA,2,1,1,109,777320.0,37.87692307692308,379.9076923076923,1,0,0,0,0,0,0,0,0,0,0,0,1,0,0,0,0,25.0647501,121.537375,0,6,18,2,4,18,1,0,0,20
1070,臺北市中山區建國北路三段61~90號,8.93,14.0,4,6,89.59,0,0,0,1,21500000,243572,RPSNMLKMMHPFFCA87CA,2,1,1,109,749452.3076923076,27.476923076923075,275.66153846153844,1,0,0,0,0,0,0,0,0,0,0,0,1,0,0,0,0,25.0647501,121.537375,0,6,18,2,4,18,1,0,0,20
1071,臺北市中山區五常街11巷1~30號,15.02,17.0,4,2,133.66000000000003,3,2,1,1,26880000,253922,RPOOMLLKNHPFFCA57CA,2,1,1,109,781298.4615384615,46.215384615384615,411.2615384615385,1,0,0,0,0,0,0,0,0,0,0,0,1,0,0,0,0,25.0645708,121.5377789,0,7,19,2,4,18,1,0,0,20
1072,臺北市中山區民生東路三段88巷1~30號,30.67,15.0,4,35,148.79,4,2,2,1,29580000,198804,RPSNMLQLMHPFFCA48DA,1,1,0,109,611704.6153846154,94.36923076923077,457.8153846153846,1,0,0,0,0,0,0,0,0,0,0,0,1,0,0,0,0,25.0572556,121.5432725,0,20,20,9,15,20,0,1,1,0
1073,臺北市中山區民生東路二段61~90號,8.6,7.0,4,41,46.599999999999994,1,1,1,1,6950000,149142,RPQNMLQLMHPFFCA28DA,1,1,0,109,458898.4615384615,26.46153846153846,143.38461538461536,1,0,0,0,0,0,0,0,0,0,0,0,0,0,1,0,0,25.058163,121.5297391,0,20,20,13,9,20,1,0,1,0
1074,臺北市中山區長安東路二段91~120號,5.1,13.0,4,13,40.94,1,1,1,0,8700000,212506,RPSOMLLJNHPFFCA97DA,2,1,0,109,653864.6153846154,15.69230769230769,125.96923076923076,1,0,0,0,0,0,0,0,0,0,0,0,0,0,1,0,0,25.0484276,121.5347191,1,20,19,11,9,20,1,2,1,0
1075,臺北市中山區中山北路一段61~90號,7.7,12.0,4,35,99.67,3,2,2,1,19000000,190629,RPTPMLSKNHPFFCA98DA,1,1,0,109,586550.7692307692,23.692307692307693,306.67692307692306,1,0,0,0,0,0,0,0,0,0,0,0,1,0,0,0,0,25.0499695,121.5219583,0,20,20,8,8,20,0,2,1,0
1076,臺北市中山區八德路二段210巷1~30號,54.0,6.0,4,30,179.05,4,2,3,0,35600000,198827,RPROMLLJNHPFFCA87DA,1,1,1,109,611775.3846153846,166.15384615384616,550.9230769230769,1,0,0,0,0,0,0,0,0,0,0,0,0,0,0,1,0,25.0459343,121.5391638,0,16,15,5,10,20,1,1,0,0
1077,臺北市中山區建國北路三段61~90號,15.06,12.0,4,35,102.38,2,2,2,0,17000000,166048,RPSNMLPLMHPFFCA38DA,2,1,0,109,510916.92307692306,46.33846153846154,315.0153846153846,1,0,0,0,0,0,0,0,0,0,0,0,1,0,0,0,0,25.0647501,121.537375,0,6,18,2,4,18,1,0,0,20
1078,臺北市中山區龍江路121~150號,9.61,7.0,4,39,69.50999999999999,2,1,1,0,13879800,199681,RPRNMLOLMHPFFCA08CA,1,1,0,109,614403.0769230769,29.569230769230767,213.87692307692305,1,0,0,0,0,0,0,0,0,0,0,0,0,0,0,1,0,25.0528351,121.54049,0,20,20,11,15,20,1,1,1,0
1079,臺北市中山區復興北路421~450號,7.14,12.0,4,13,40.86,1,1,1,1,8800000,215370,RPTRMLNLMHPFFCA58CA,2,1,0,109,662676.923076923,21.969230769230766,125.72307692307692,1,0,0,0,0,0,0,0,0,0,0,0,1,0,0,0,0,25.0632342,121.5444647,0,20,19,5,4,6,1,2,1,0
1080,臺北市中山區中山北路一段83巷1~30號,7.74,7.0,4,25,48.519999999999996,0,0,0,1,8100000,166941,RPWRMLNLMHPFFCA88CA,1,1,0,109,513664.6153846154,23.815384615384616,149.29230769230767,1,0,0,0,0,0,0,0,0,0,0,0,0,0,1,0,0,25.0504647,121.5225109,0,20,20,7,9,20,0,2,1,0
1081,臺北市中山區松江路25巷1~30號,5.8,11.0,4,13,30.700000000000003,1,1,1,1,7850000,255700,RPTQMLNLMHPFFCA48CA,1,1,0,109,786769.2307692308,17.846153846153847,94.46153846153847,1,0,0,0,0,0,0,0,0,0,0,0,0,0,1,0,0,25.0472178,121.5333921,1,19,20,8,10,20,2,1,0,0
1082,臺北市中山區復興北路421~450號,8.25,12.0,4,13,47.43,1,1,1,1,11450000,241408,RPPOMLOLMHPFFCA97CA,2,1,0,109,742793.8461538461,25.384615384615383,145.93846153846152,1,0,0,0,0,0,0,0,0,0,0,0,0,0,1,0,0,25.0632342,121.5444647,0,20,19,5,4,6,1,2,1,0
1083,臺北市中山區中山區農安街31~60號,4.19,10.0,4,42,36.87,1,1,1,1,5150000,139680,RPXOMLRLMHPFFCA09CA,1,1,0,109,429784.6153846154,12.892307692307693,113.44615384615383,1,0,0,0,0,0,0,0,0,0,0,0,0,0,1,0,0,25.0650091,121.5250094,0,20,20,19,11,20,2,2,1,1
1084,臺北市中山區新生北路二段31~60號,3.05,17.0,4,25,35.370000000000005,1,0,1,1,6560000,185468,RPQPMLSLMHPFFCA58CA,1,1,0,109,570670.7692307692,9.384615384615383,108.83076923076923,1,0,0,0,0,0,0,0,0,0,0,0,1,0,0,0,0,25.0542013,121.5278274,0,20,20,9,11,20,1,1,0,0
1085,臺北市中山區龍江路223巷1~30號,21.78,5.0,4,31,75.29,2,2,1,1,13400000,177978,RPORMLTLMHPFFCA68CA,1,1,0,109,547624.6153846154,67.01538461538462,231.66153846153847,1,0,0,0,0,0,0,0,0,0,0,0,0,1,0,0,0,25.056949,121.5407253,0,20,20,7,14,20,0,0,0,0
1086,臺北市中山區中山北路二段59巷1~30號,4.94,14.0,4,22,36.269999999999996,1,1,1,1,8250000,227461,RPPNMLOJNHPFFCA77CA,1,1,0,109,699880.0,15.200000000000001,111.59999999999998,1,0,0,0,0,0,0,0,0,0,0,0,0,0,1,0,0,25.0559648,121.5232067,0,20,20,18,11,20,0,0,2,1
1087,臺北市中山區五常街11巷1~30號,15.96,17.0,4,2,142.74,2,1,1,1,28000000,246418,RPPOMLLKNHPFFCA67CA,2,1,1,109,758209.2307692308,49.10769230769231,439.2,1,0,0,0,0,0,0,0,0,0,0,0,1,0,0,0,0,25.0645708,121.5377789,0,7,19,2,4,18,1,0,0,20
1088,臺北市中山區雙城街3巷1~30號,5.75,15.0,4,26,38.24,1,1,1,1,7000000,183054,RPOPMLKLNHPFFCA67CA,1,1,0,109,563243.0769230769,17.692307692307693,117.66153846153847,1,0,0,0,0,0,0,0,0,0,0,0,0,0,1,0,0,25.0633663,121.5244776,0,20,20,20,11,20,2,2,2,1
1089,臺北市中山區松江路235巷31~60號,25.74,7.0,4,41,143.35,4,2,2,1,28000000,195340,RPWPMLNLMHPFFCA78DA,1,2,0,109,601046.1538461539,79.19999999999999,441.07692307692304,1,0,0,0,0,0,0,0,0,0,0,0,0,0,0,1,0,25.0589429,121.5347639,1,20,20,11,8,20,1,2,1,16
1090,臺北市中山區新生北路三段61~90號,10.99,9.0,4,2,83.6,2,1,1,1,14800000,177033,RPUOMLPJNHPFFCA58DA,1,1,0,109,544716.923076923,33.815384615384616,257.2307692307692,1,0,0,0,0,0,0,0,0,0,0,0,0,0,0,1,0,25.0659966,121.5280981,0,12,20,14,14,20,2,1,1,1
1091,臺北市中山區基湖路157巷1~30號,99.43,13.0,4,20,345.24,4,2,4,1,131500000,493498,RPVPMLOJNHPFFCA68DA,1,1,2,109,1518455.3846153845,305.9384615384615,1062.2769230769231,1,0,0,0,0,0,0,0,0,0,0,0,1,0,0,0,0,25.076773,121.563503,0,5,6,0,14,16,2,1,0,0
1092,臺北市中山區吉林路451~480號,36.5,4.0,4,48,122.72,5,2,1,0,16700000,136082,RPWPMLSLMHPFFCA66DA,1,1,0,109,418713.8461538461,112.3076923076923,377.59999999999997,1,0,0,0,0,0,0,0,0,0,0,0,0,1,0,0,0,25.0674571,121.530552,0,3,14,2,14,8,0,0,0,1
1093,臺北市中山區天祥路86巷1~30號,17.33,4.0,3,52,41.17,2,1,1,0,4500000,109303,RPPNMLQJNHPFFCA97CA,2,1,0,109,336316.92307692306,53.32307692307692,126.67692307692307,1,0,0,0,0,0,0,0,0,0,0,0,0,1,0,0,0,25.0645,121.5203177,0,20,20,14,10,20,2,3,1,1
1094,臺北市中山區林森北路421~450號,11.8,9.0,4,25,113.81,2,2,1,0,16800000,147614,RPPPMLPJNHPFFCA08CA,1,1,0,109,454196.92307692306,36.30769230769231,350.18461538461537,1,0,0,0,0,0,0,0,0,0,0,0,0,0,0,1,0,25.0604296,121.5257577,0,20,20,20,10,20,2,1,1,1
1095,臺北市中山區中山北路一段53巷1~30號,4.54,7.0,4,39,33.33,1,1,1,1,1800000,54005,RPWOMLRLMHPFFCA98CA,1,1,0,109,166169.23076923075,13.96923076923077,102.55384615384615,1,0,0,0,0,0,0,0,0,0,0,0,0,0,0,1,0,25.049378,121.5219264,0,20,20,9,5,20,0,3,1,0
1096,臺北市中山區北安路621巷6弄1~30號,26.12,4.0,4,45,104.8,3,1,1,0,17000000,162214,RPSNMLRLMHPFFCA48CA,1,1,0,109,499120.0,80.36923076923077,322.46153846153845,1,0,0,0,0,0,0,0,0,0,0,0,0,1,0,0,0,25.082622,121.5483053,0,15,14,1,10,10,2,0,1,0
1097,臺北市中山區明水路511~540號,36.95,15.0,4,28,193.26999999999998,5,1,2,1,38200000,197661,RPPQMLRLMHPFFCA48CA,1,1,1,109,608187.6923076923,113.6923076923077,594.676923076923,1,0,0,0,0,0,0,0,0,0,0,0,1,0,0,0,0,25.078494,121.551945,0,7,5,1,8,11,1,0,0,0
1098,臺北市中山區林森北路391~420號,3.06,12.0,4,39,34.81,0,0,0,1,3750000,107728,RPXNMLSLMHPFFCA09CA,1,1,0,109,331470.7692307692,9.415384615384616,107.10769230769232,1,0,0,0,0,0,0,0,0,0,0,0,0,0,1,0,0,25.0587529,121.5256823,0,20,20,16,10,20,0,1,1,1
1099,臺北市中山區新生北路一段31~60號,54.0,2.0,3,35,73.96,0,0,0,0,62280000,842077,RPWNMLRLMHPFFCA88CA,1,1,0,109,2591006.153846154,166.15384615384616,227.56923076923073,1,0,0,0,0,0,0,0,0,0,0,0,0,0,0,0,1,25.0472733,121.5310045,1,14,20,11,11,20,2,1,0,0
1100,臺北市中山區新生北路一段31~60號,54.0,2.0,3,35,75.68,3,1,2,0,62280000,822939,RPPOMLRLMHPFFCA28CA,1,1,0,109,2532120.0,166.15384615384616,232.8615384615385,1,0,0,0,0,0,0,0,0,0,0,0,0,0,0,0,1,25.0472733,121.5310045,1,14,20,11,11,20,2,1,0,0
1101,臺北市中山區中山北路一段61~90號,3.01,13.0,4,12,33.97,1,1,1,1,7900000,232558,RPSOMLRLMHPFFCA58CA,1,1,0,109,715563.0769230769,9.26153846153846,104.52307692307691,1,0,0,0,0,0,0,0,0,0,0,0,0,0,1,0,0,25.0499695,121.5219583,0,20,20,8,8,20,0,2,1,0
1102,臺北市中山區大直街61~90號,37.0,4.0,4,43,107.23,3,2,2,0,20000000,186515,RPRPMLOLMHPFFCA28CA,1,1,0,109,573892.3076923076,113.84615384615384,329.9384615384615,1,0,0,0,0,0,0,0,0,0,0,0,0,1,0,0,0,25.083459,121.546436,0,9,10,0,8,3,1,0,1,0
1103,臺北市中山區長安東路一段56巷7弄1~30號,35.18,5.0,4,2,173.26999999999998,3,2,2,1,34430000,198707,RPSNMLSLMHPFFCA58CA,1,1,1,109,611406.1538461539,108.24615384615385,533.1384615384615,1,0,0,0,0,0,0,0,0,0,0,0,0,0,0,1,0,25.0475524,121.5290038,1,16,20,9,8,20,1,1,0,0
1104,臺北市中山區松江路140巷1~30號,23.97,5.0,4,32,88.03,1,2,1,0,18800000,213564,RPVPMLRLMHPFFCA98CA,1,1,0,109,657120.0,73.75384615384615,270.86153846153843,1,0,0,0,0,0,0,0,0,0,0,0,0,0,0,1,0,25.0533944,121.5320579,1,20,20,8,12,20,3,4,1,0
1105,臺北市中山區農安街125巷31~60號,17.27,7.0,4,3,66.92,1,1,1,1,14200000,212194,RPWNMLTLMHPFFCA09CA,1,1,0,109,652904.6153846154,53.138461538461534,205.90769230769232,1,0,0,0,0,0,0,0,0,0,0,0,0,0,0,1,0,25.065936,121.5299649,0,10,20,7,11,14,2,0,0,1
1106,臺北市中山區新生北路三段1~30號,6.46,12.0,4,15,62.79,1,1,1,1,13500000,215002,RPSPMLTLMHPFFCA88CA,3,2,1,109,661544.6153846154,19.876923076923077,193.2,1,0,0,0,0,0,0,0,0,0,0,0,0,0,1,0,0,25.0628897,121.5281771,0,11,20,16,10,20,2,1,1,0
1107,臺北市中山區松江路511~540號,27.9,7.0,4,37,137.47,3,2,2,0,23800000,173129,RPQQMLOJNHPFFCA18CA,1,1,0,109,532704.6153846154,85.84615384615384,422.9846153846154,1,0,0,0,0,0,0,0,0,0,0,0,0,0,0,1,0,25.069435,121.533849,0,1,4,0,8,7,1,0,0,2
1108,臺北市中山區新生北路二段137巷31~60號,101.0,4.0,3,35,251.79,6,4,3,0,67215500,266951,RPOQMLPJNHPFFCA08CA,2,4,0,109,821387.6923076923,310.7692307692308,774.7384615384615,1,0,0,0,0,0,0,0,0,0,0,0,0,1,0,0,0,25.0613883,121.5287358,0,16,20,18,9,20,2,1,2,0
1109,臺北市中山區新生北路二段137巷31~60號,100.0,2.0,3,35,155.24,2,3,1,0,66550000,428691,RPQQMLPJNHPFFCA28CA,1,1,0,109,1319049.2307692308,307.6923076923077,477.6615384615385,1,0,0,0,0,0,0,0,0,0,0,0,0,0,0,0,1,25.0613883,121.5287358,0,16,20,18,9,20,2,1,2,0
1110,臺北市中山區新生北路二段137巷1~30號,100.0,2.0,3,35,162.56,4,4,2,0,54450000,334953,RPWNMLQJNHPFFCA68CA,1,1,0,109,1030624.6153846154,307.6923076923077,500.18461538461537,1,0,0,0,0,0,0,0,0,0,0,0,0,0,0,0,1,25.0613376,121.5279855,0,17,20,19,10,20,2,1,1,0
1111,臺北市中山區松江路156巷1~30號,94.0,2.0,3,35,119.9,4,2,2,0,54000000,450375,RPUPMLSKNHPFFCA98CA,1,1,0,109,1385769.2307692308,289.2307692307692,368.9230769230769,1,0,0,0,0,0,0,0,0,0,0,0,0,0,0,0,1,25.0544611,121.5327196,1,20,20,8,11,20,2,3,1,0
1112,臺北市中山區明水路511~540號,34.94,15.0,4,28,184.44,3,2,2,1,39300000,213089,RPRNMLTJNHPFFCA48CA,1,1,1,109,655658.4615384615,107.5076923076923,567.5076923076923,1,0,0,0,0,0,0,0,0,0,0,0,1,0,0,0,0,25.078494,121.551945,0,7,5,1,8,11,1,0,0,0
1113,臺北市中山區新生北路三段61~90號,8.52,11.0,4,39,82.46,2,2,1,1,12500000,151589,RPOPMLMKNHPFFCA87DA,1,1,0,109,466427.6923076923,26.215384615384615,253.7230769230769,1,0,0,0,0,0,0,0,0,0,0,0,1,0,0,0,0,25.0659966,121.5280981,0,12,20,14,14,20,2,1,1,1
1114,臺北市中山區雙城街43巷1~30號,4.6,7.0,4,42,31.05,1,1,1,1,4980000,160386,RPUOMLKLNHPFFCA18CA,2,1,0,109,493495.3846153846,14.153846153846152,95.53846153846153,1,0,0,0,0,0,0,0,0,0,0,0,0,0,1,0,0,25.0675634,121.5247386,0,11,18,15,16,17,2,1,0,1
1115,臺北市中山區明水路571~600號,32.66,14.0,4,23,179.86,3,2,2,0,41700000,231847,RPPQMLQJNHPFFCA28CA,1,1,1,109,713375.3846153846,100.49230769230768,553.4153846153846,1,0,0,0,0,0,0,0,0,0,0,0,1,0,0,0,0,25.0798567,121.5515087,0,14,7,2,9,13,1,0,1,0
1116,臺北市中山區長安東路一段53巷1~30號,5.9,7.0,4,43,34.25,1,1,1,1,3800000,110949,RPXRMLTLMHPFFCA96CA,1,1,0,109,341381.53846153844,18.153846153846153,105.38461538461539,1,0,0,0,0,0,0,0,0,0,0,0,0,0,1,0,0,25.049001,121.526489,1,19,20,7,9,20,1,1,0,0
1117,臺北市中山區北安路595巷2弄1~30號,35.33,5.0,4,34,128.32,1,2,2,0,22800000,177681,RPWTMLSLMHPFFCA96CA,2,1,0,109,546710.7692307692,108.7076923076923,394.8307692307692,1,0,0,0,0,0,0,0,0,0,0,0,0,1,0,0,0,25.0818906,121.5481451,0,15,15,1,9,8,2,0,1,0
1118,臺北市中山區中山北路二段72巷1~30號,6.48,10.0,4,13,38.71,1,1,1,1,8500000,219582,RPTUMLSLMHPFFCA76CA,1,1,0,109,675636.923076923,19.93846153846154,119.1076923076923,1,0,0,0,0,0,0,0,0,0,0,0,0,0,1,0,0,25.0572664,121.5224366,0,20,20,16,9,20,0,0,1,1
1119,臺北市中山區敬業三路162巷31~60號,47.09,12.0,4,21,155.72,3,2,2,1,28000000,179810,RPUUMLSLMHPFFCA86CA,1,1,1,109,553261.5384615385,144.8923076923077,479.1384615384615,1,0,0,0,0,0,0,0,0,0,0,0,1,0,0,0,0,25.079056,121.557962,0,3,6,2,9,12,2,1,0,0
1120,臺北市中山區北安路578巷8弄1~30號,23.9,5.0,4,39,98.08,3,2,2,0,17500000,178426,RPOVMLSLMHPFFCA98CA,1,1,0,109,549003.0769230769,73.53846153846153,301.7846153846154,1,0,0,0,0,0,0,0,0,0,0,0,0,1,0,0,0,25.080687,121.548885,0,15,15,2,9,9,2,0,1,0
1121,臺北市中山區伊通街121~150號,7.02,11.0,4,19,57.95,0,1,1,1,10180000,175669,RPTVMLKMMHPFFCA78CA,1,1,1,109,540520.0,21.599999999999998,178.30769230769232,1,0,0,0,0,0,0,0,0,0,0,0,0,0,1,0,0,25.0538705,121.534892,1,20,20,9,13,20,1,3,1,0
1122,臺北市中山區五常街11巷1~30號,13.53,17.0,4,2,122.11,0,0,0,1,22650000,244439,RPQOMLLKNHPFFCA77CA,2,1,1,109,752120.0,41.630769230769225,375.7230769230769,1,0,0,0,0,0,0,0,0,0,0,0,1,0,0,0,0,25.0645708,121.5377789,0,7,19,2,4,18,1,0,0,20
1123,臺北市中山區大直街20巷31~60號,31.6,5.0,4,40,111.35,3,2,2,0,21000000,188595,RPWOMLTLMHPFFCA66DA,1,1,0,108,580292.3076923076,97.23076923076923,342.6153846153846,1,0,0,0,0,0,0,0,0,0,0,0,0,1,0,0,0,25.0812281,121.5448719,0,2,9,1,6,2,1,1,1,0
1124,臺北市中山區松江路26巷1~30號,15.62,7.0,4,32,84.53,4,2,2,1,11000000,130131,RPWNMLLLNHPFFCA48DA,1,1,0,109,400403.07692307694,48.061538461538454,260.0923076923077,1,0,0,0,0,0,0,0,0,0,0,0,0,0,0,1,0,25.0472217,121.5324623,1,17,20,10,8,20,2,1,0,0
1125,臺北市中山區明水路571~600號,27.38,12.0,4,28,157.11,3,2,2,1,34100000,217045,RPPNMLKKNHPFFCA57DA,1,1,1,109,667830.7692307692,84.24615384615385,483.41538461538465,1,0,0,0,0,0,0,0,0,0,0,0,1,0,0,0,0,25.0798567,121.5515087,0,14,7,2,9,13,1,0,1,0
1126,臺北市中山區錦州街31~60號,3.38,13.0,4,37,37.86,1,1,1,1,4650000,122821,RPRQMLRJNHPFFCA68DA,3,1,0,109,377910.7692307692,10.399999999999999,116.49230769230769,1,0,0,0,0,0,0,0,0,0,0,0,0,0,1,0,0,25.0604245,121.5264838,0,20,20,20,9,20,2,1,1,1
1127,臺北市中山區德惠街1~30號,3.8,10.0,4,39,40.28,1,1,1,1,6800000,168818,RPTOMLMKNHPFFCA18CA,1,1,0,109,519440.0,11.692307692307692,123.93846153846154,1,0,0,0,0,0,0,0,0,0,0,0,0,0,1,0,0,25.0668904,121.5229555,0,17,20,15,12,20,1,1,0,1
1128,臺北市中山區民生東路一段31~60號,2.69,12.0,4,42,32.06,1,1,1,1,3300000,102932,RPWOMLLLNHPFFCA48CA,1,1,0,109,316713.8461538461,8.276923076923076,98.64615384615385,1,0,0,0,0,0,0,0,0,0,0,0,0,0,1,0,0,25.0582147,121.5252053,0,20,20,16,12,20,0,1,1,1
1129,臺北市中山區中山北路二段59巷31~60號,5.01,16.0,4,22,44.03,1,1,1,1,7200000,163525,RPXQMLMKNHPFFCA78CA,1,1,0,109,503153.8461538461,15.415384615384614,135.47692307692307,1,0,0,0,0,0,0,0,0,0,0,0,0,0,1,0,0,25.0559502,121.5242173,0,20,20,18,10,20,0,0,1,1
1130,臺北市中山區松江路1~30號,2.58,12.0,4,44,29.65,1,1,1,1,5100000,172007,RPQNMLMJNHPFFCA67CA,1,1,0,109,529252.3076923076,7.938461538461539,91.23076923076923,1,0,0,0,0,0,0,0,0,0,0,0,0,0,1,0,0,25.045864,121.5331196,1,15,18,6,8,20,1,1,1,0
1131,臺北市中山區松江路26巷1~30號,12.4,7.0,4,10,68.75,1,1,1,0,18000000,261818,RPSNMLMJNHPFFCA87CA,2,1,0,109,805593.8461538461,38.15384615384615,211.53846153846152,1,0,0,0,0,0,0,0,0,0,0,0,0,0,0,1,0,25.0472217,121.5324623,1,17,20,10,8,20,2,1,0,0
1132,臺北市中山區中山北路一段61~90號,3.73,13.0,4,12,41.93,1,1,1,1,8300000,197949,RPRNMLOJNHPFFCA97CA,1,1,0,109,609073.8461538461,11.476923076923077,129.01538461538462,1,0,0,0,0,0,0,0,0,0,0,0,1,0,0,0,0,25.0499695,121.5219583,0,20,20,8,8,20,0,2,1,0
1133,臺北市中山區復興北路380巷1~30號,13.94,5.0,4,37,54.62,2,2,1,0,8400000,153818,RPRRMLRJNHPFFCA68CA,1,1,0,109,473286.1538461538,42.89230769230769,168.06153846153845,1,0,0,0,0,0,0,0,0,0,0,0,0,1,0,0,0,25.0611459,121.543248,0,20,20,6,8,13,1,2,1,0
1134,臺北市中山區松江路181~210號,15.39,14.0,4,44,129.97,3,0,0,1,23800000,183133,RPSNMLRJNHPFFCA38CA,1,2,0,109,563486.1538461539,47.353846153846156,399.9076923076923,1,0,0,0,0,0,0,0,0,0,0,0,1,0,0,0,0,25.0563782,121.5333347,1,20,20,9,12,20,2,2,2,0
1135,臺北市中山區長春路181~210號,4.92,10.0,4,24,43.08,1,1,1,1,7500000,174095,RPVPMLRKOHPFFCA09CA,3,1,0,109,535676.923076923,15.138461538461538,132.55384615384614,1,0,0,0,0,0,0,0,0,0,0,0,0,0,1,0,0,25.054863,121.537651,1,20,20,6,14,20,2,2,0,0
1136,臺北市中山區南京東路一段132巷1~30號,7.42,8.0,4,19,40.269999999999996,1,1,1,1,6000000,148994,RPRQMLOJNHPFFCA28CA,1,1,0,109,458443.07692307694,22.83076923076923,123.90769230769229,1,0,0,0,0,0,0,0,0,0,0,0,0,0,1,0,0,25.0515054,121.5272951,0,20,20,11,9,20,2,2,0,0
1137,臺北市中山區民權東路二段135巷1~30號,6.91,7.0,4,38,45.150000000000006,3,2,1,0,2135265,47293,RPVPMLNKNHPFFCA58CA,1,1,0,109,145516.92307692306,21.26153846153846,138.92307692307693,1,0,0,0,0,0,0,0,0,0,0,0,0,0,0,1,0,25.0633207,121.5350758,0,12,20,9,9,20,0,0,1,20
1138,臺北市中山區中山北路二段59巷31~60號,30.59,16.0,4,22,329.85,7,1,3,1,63800000,220878,RPUNMLLKNHPFFCA08CA,1,2,4,109,679624.6153846154,94.12307692307692,1014.9230769230769,1,0,0,0,0,0,0,0,0,0,0,0,1,0,0,0,0,25.0559502,121.5242173,0,20,20,18,10,20,0,0,1,1
1139,臺北市中山區長春路61~90號,3.25,12.0,4,43,29.11,1,1,1,1,5680000,195122,RPSQMLRJNHPFFCA78DA,1,1,0,109,600375.3846153846,10.0,89.56923076923077,1,0,0,0,0,0,0,0,0,0,0,0,0,0,1,0,0,25.0550126,121.5262836,0,20,20,9,8,20,1,0,0,0
1140,臺北市中山區明水路571~600號,43.2,16.0,4,26,248.76,2,2,2,1,60500000,243206,RPQRMLOJNHPFFCA38DA,1,2,1,109,748326.1538461539,132.92307692307693,765.4153846153846,1,0,0,0,0,0,0,0,0,0,0,0,1,0,0,0,0,25.0798567,121.5515087,0,14,7,2,9,13,1,0,1,0
1141,臺北市中山區農安街77巷1~30號,43.36,5.0,4,37,184.1,4,2,2,0,21500000,116784,RPVNMLKLNHPFFCA18CA,1,1,0,109,359335.3846153846,133.4153846153846,566.4615384615385,1,0,0,0,0,0,0,0,0,0,0,0,0,1,0,0,0,25.0653641,121.5285004,0,13,20,14,12,20,2,1,1,1
1142,臺北市中山區長安東路一段61~90號,16.69,7.0,4,39,96.84,4,2,4,0,16180000,167080,RPROMLOKNHPFFCA18CA,1,1,0,109,514092.3076923077,51.353846153846156,297.96923076923076,1,0,0,0,0,0,0,0,0,0,0,0,0,0,0,1,0,25.0487171,121.5271069,1,19,20,5,9,20,1,1,0,0
1143,臺北市中山區松江路362巷31~60號,9.2,7.0,4,40,43.94,1,1,1,1,9170000,208694,RPVPMLPJNHPFFCA68CA,1,1,0,109,642135.3846153846,28.307692307692303,135.2,1,0,0,0,0,0,0,0,0,0,0,0,0,0,1,0,0,25.0620297,121.5320177,0,18,20,12,10,20,0,0,1,18
1144,臺北市中山區五常街1~30號,34.0,5.0,4,42,112.86,3,2,2,0,18500000,163920,RPVQMLOJNHPFFCA68CA,1,1,0,109,504369.23076923075,104.61538461538461,347.26153846153846,1,0,0,0,0,0,0,0,0,0,0,0,0,1,0,0,0,25.0644586,121.5375165,0,9,19,2,5,19,1,0,0,20
1145,臺北市中山區農安街1~30號,5.75,14.0,4,12,102.46000000000001,2,1,1,1,20600000,201054,RPUNMLPJNHPFFCA38CA,1,1,1,109,618627.6923076923,17.692307692307693,315.26153846153846,1,0,0,0,0,0,0,0,0,0,0,0,1,0,0,0,0,25.0650285,121.523401,0,20,20,18,9,20,2,2,2,1
1146,臺北市中山區中原街31~60號,3.54,7.0,4,44,23.07,2,1,1,1,1200000,52038,RPSNMLQJNHPFFCA28CA,1,1,0,109,160116.92307692306,10.892307692307693,70.98461538461538,1,0,0,0,0,0,0,0,0,0,0,0,0,0,0,1,0,25.0566244,121.5289663,0,20,20,8,11,20,1,0,0,0
1147,臺北市中山區中山北路二段27巷1~30號,7.12,8.0,4,44,55.72,1,1,1,1,11250000,201902,RPOSMLRJNHPFFCA48CA,1,1,0,109,621236.923076923,21.907692307692308,171.44615384615383,1,0,0,0,0,0,0,0,0,0,0,0,0,0,1,0,0,25.0532749,121.5232266,0,20,20,5,10,20,0,2,1,0
1148,臺北市中山區建國北路二段1~30號,7.9,14.0,4,15,111.93,2,2,1,1,15200000,211667,RPUNMLPKNHPFFCA58DA,2,1,1,109,651283.0769230769,24.307692307692307,344.40000000000003,1,0,0,0,0,0,0,0,0,0,0,0,1,0,0,0,0,25.0523809,121.5371887,1,20,20,8,10,20,2,3,1,0
1149,臺北市中山區錦州街157巷1~30號,37.0,4.0,4,49,87.72,2,2,2,0,14400000,164159,RPORMLSJNHPFFCA58DA,1,1,0,109,505104.6153846154,113.84615384615384,269.9076923076923,1,0,0,0,0,0,0,0,0,0,0,0,0,1,0,0,0,25.0605781,121.5297974,0,20,20,13,8,20,2,1,2,1
1150,臺北市中山區中山北路二段59巷1~30號,6.05,14.0,4,22,41.6,1,1,1,1,10450000,251202,RPWPMLNKNHPFFCA68CA,1,1,0,109,772929.2307692308,18.615384615384613,128.0,1,0,0,0,0,0,0,0,0,0,0,0,1,0,0,0,0,25.0559648,121.5232067,0,20,20,18,11,20,0,0,2,1
1151,臺北市中山區天祥路61~90號,7.2,14.0,4,17,105.53,2,1,1,1,4500000,42642,RPQQMLRJNHPFFCA48CA,1,1,1,109,131206.15384615384,22.153846153846153,324.7076923076923,1,0,0,0,0,0,0,0,0,0,0,0,1,0,0,0,0,25.0634043,121.5208559,0,20,20,19,12,20,2,3,1,1
1152,臺北市中山區大直街94巷1~30號,15.2,5.0,4,37,54.38,3,2,2,0,9000000,165502,RPPOMLRLNHPFFCA38CA,2,1,0,109,509236.92307692306,46.76923076923077,167.3230769230769,1,0,0,0,0,0,0,0,0,0,0,0,0,1,0,0,0,25.0842618,121.5476585,0,10,10,0,7,6,1,0,1,0
1153,臺北市中山區中山北路二段91~120號,8.21,14.0,4,2,80.4,1,1,1,1,13380000,166418,RPXPMLRJNHPFFCA09CA,2,1,0,109,512055.3846153846,25.261538461538464,247.3846153846154,1,0,0,0,0,0,0,0,0,0,0,0,0,0,1,0,0,25.059308,121.523262,0,20,20,19,10,20,0,1,2,1
1154,臺北市中山區遼寧街105巷31~60號,20.78,6.0,4,41,83.37,2,2,1,0,18860000,226220,RPSPMLSJNHPFFCA68CA,1,1,0,109,696061.5384615384,63.93846153846154,256.5230769230769,1,0,0,0,0,0,0,0,0,0,0,0,0,0,0,1,0,25.0510972,121.5429871,0,20,20,12,12,20,2,2,1,0
1155,臺北市中山區新生北路一段47巷1~30號,32.0,4.0,4,47,82.03,3,2,1,0,17000000,207241,RPUPMLLKNHPFFCA28CA,2,1,0,109,637664.6153846154,98.46153846153845,252.4,1,0,0,0,0,0,0,0,0,0,0,0,0,1,0,0,0,25.0480788,121.5304079,1,20,20,12,9,20,1,2,0,0
1156,臺北市中山區伊通街106巷1~30號,29.25,6.0,4,38,138.57999999999998,4,2,2,0,24600000,177515,RPTNMLSJNHPFFCA68DA,1,1,0,109,546200.0,90.0,426.3999999999999,1,0,0,0,0,0,0,0,0,0,0,0,0,0,0,1,0,25.0540742,121.534671,1,20,20,9,12,20,1,3,1,0
1157,臺北市中山區長安東路一段56巷7弄1~30號,14.65,5.0,4,5,73.47999999999999,2,1,1,1,15850000,226248,RPPNMLKLNHPFFCA67DA,1,1,1,109,696147.6923076923,45.07692307692307,226.09230769230766,1,0,0,0,0,0,0,0,0,0,0,0,0,0,0,1,0,25.0475524,121.5290038,1,16,20,9,8,20,1,1,0,0
1158,臺北市中山區敬業三路162巷1~30號,47.09,12.0,4,21,155.72,3,2,2,1,25380000,162985,RPVNMLLKNHPFFCA18CA,1,1,0,109,501492.3076923077,144.8923076923077,479.1384615384615,1,0,0,0,0,0,0,0,0,0,0,0,1,0,0,0,0,25.0791581,121.5572576,0,3,6,2,8,12,2,1,0,0
1159,臺北市中山區林森北路91~120號,4.84,12.0,4,39,50.45,1,1,1,1,9000000,178394,RPORMLLKNHPFFCA87CA,2,1,0,109,548904.6153846154,14.892307692307691,155.23076923076923,1,0,0,0,0,0,0,0,0,0,0,0,0,0,1,0,0,25.0500055,121.5249729,0,20,20,9,11,20,0,0,0,0
1160,臺北市中山區中山北路一段83巷1~30號,8.07,7.0,4,25,42.82,1,1,1,1,6520000,152265,RPUNMLKLNHPFFCA08CA,1,1,0,109,468507.6923076923,24.83076923076923,131.75384615384615,1,0,0,0,0,0,0,0,0,0,0,0,0,0,1,0,0,25.0504647,121.5225109,0,20,20,7,9,20,0,2,1,0
1161,臺北市中山區新生北路三段61~90號,11.18,9.0,4,2,94.99000000000001,2,1,1,1,16180000,170334,RPUQMLMKNHPFFCA48CA,1,1,1,109,524104.6153846154,34.4,292.2769230769231,1,0,0,0,0,0,0,0,0,0,0,0,0,0,0,1,0,25.0659966,121.5280981,0,12,20,14,14,20,2,1,1,1
1162,臺北市中山區德惠街31~60號,3.03,11.0,4,42,29.09,1,1,1,1,4380000,150567,RPOPMLTLNHPFFCA58CA,1,1,0,109,463283.0769230769,9.323076923076922,89.50769230769231,1,0,0,0,0,0,0,0,0,0,0,0,0,0,1,0,0,25.0667707,121.5265786,0,11,20,15,15,20,2,0,1,1
1163,臺北市中山區中山北路二段91~120號,7.21,14.0,4,2,87.50999999999999,2,1,1,1,24200000,311919,RPTQMLTLNHPFFCA56CA,2,1,1,109,959750.7692307692,22.184615384615384,269.2615384615384,1,0,0,0,0,0,0,0,0,0,0,0,1,0,0,0,0,25.059308,121.523262,0,20,20,19,10,20,0,1,2,1
1164,臺北市中山區北安路608巷1~30號,59.64,9.0,4,31,213.97,3,2,2,1,40000000,186942,RPPOMLMLNHPFFCA87CA,1,1,1,109,575206.1538461539,183.5076923076923,658.3692307692307,1,0,0,0,0,0,0,0,0,0,0,0,0,0,0,1,0,25.0820257,121.5496972,0,16,14,2,7,16,2,0,1,0
1165,臺北市中山區建國北路三段61~90號,9.82,14.0,4,6,98.49000000000001,0,0,0,1,21550000,242769,RPPNMLRLNHPFFCA28CA,2,1,1,109,746981.5384615384,30.215384615384615,303.04615384615386,1,0,0,0,0,0,0,0,0,0,0,0,1,0,0,0,0,25.0647501,121.537375,0,6,18,2,4,18,1,0,0,20
1166,臺北市中山區北安路608巷5弄1~30號,58.94,8.0,4,28,194.82999999999998,4,2,2,1,44010000,225889,RPTOMLMJOHPFFCA18CA,1,1,1,109,695043.0769230769,181.35384615384615,599.476923076923,1,0,0,0,0,0,0,0,0,0,0,0,0,0,0,1,0,25.0821357,121.5493273,0,16,14,2,8,15,2,0,1,0
1167,臺北市中山區林森北路481~510號,4.7,14.0,4,18,44.94,1,1,1,1,10000000,222519,RPWPMLLKNHPFFCA48CA,1,1,0,109,684673.8461538461,14.461538461538462,138.27692307692305,1,0,0,0,0,0,0,0,0,0,0,0,0,0,1,0,0,25.0611307,121.5257278,0,20,20,20,10,20,2,1,1,1
1168,臺北市中山區林森北路511~540號,3.56,14.0,4,16,38.57,1,1,1,1,10000000,259269,RPTQMLLKNHPFFCA28CA,1,1,0,109,797750.7692307692,10.953846153846154,118.67692307692307,1,0,0,0,0,0,0,0,0,0,0,0,0,0,1,0,0,25.0619755,121.5257781,0,20,20,20,12,20,2,1,1,2
1169,臺北市中山區林森北路511~540號,4.14,14.0,4,16,45.010000000000005,2,1,1,1,10500000,233281,RPWQMLLKNHPFFCA58CA,1,1,0,109,717787.6923076923,12.738461538461538,138.4923076923077,1,0,0,0,0,0,0,0,0,0,0,0,1,0,0,0,0,25.0619755,121.5257781,0,20,20,20,12,20,2,1,1,2
1170,臺北市中山區長春路181~210號,6.53,10.0,4,24,57.18,1,1,1,1,16500000,288562,RPQPMLMKNHPFFCA97CA,3,1,0,109,887883.0769230769,20.092307692307692,175.93846153846152,1,0,0,0,0,0,0,0,0,0,0,0,0,0,0,1,0,25.054863,121.537651,1,20,20,6,14,20,2,2,0,0
1171,臺北市中山區松江路38巷1~30號,14.39,12.0,4,36,147.43,2,2,2,1,22900000,155328,RPVPMLMKNHPFFCA48CA,1,1,1,109,477932.3076923077,44.276923076923076,453.63076923076926,1,0,0,0,0,0,0,0,0,0,0,0,1,0,0,0,0,25.0476359,121.5325294,1,20,19,10,9,20,1,1,1,0
1172,臺北市中山區新生北路二段91~120號,2.86,12.0,4,39,32.36,1,1,1,1,4500000,139061,RPROMLTKNHPFFCA68CA,3,1,0,109,427880.0,8.799999999999999,99.56923076923077,1,0,0,0,0,0,0,0,0,0,0,0,0,0,1,0,0,25.0573288,121.5278946,0,15,20,9,10,20,1,0,0,0
1173,臺北市中山區林森北路571~600號,13.0,13.0,4,10,160.97,2,2,1,1,31000000,192582,RPSOMLSLNHPFFCA78CA,1,1,1,109,592560.0,40.0,495.29230769230765,1,0,0,0,0,0,0,0,0,0,0,0,1,0,0,0,0,25.0649087,121.5256777,0,20,20,18,13,20,2,2,1,1
1174,臺北市中山區新生北路三段84巷1~30號,17.12,6.0,4,43,95.66,4,2,1,0,15530000,162346,RPUOMLQLNHPFFCA88DA,2,1,0,109,499526.1538461538,52.67692307692308,294.3384615384615,1,0,0,0,0,0,0,0,0,0,0,0,0,0,0,1,0,25.0673935,121.5260242,0,12,20,14,15,17,2,1,0,1
1175,臺北市中山區錦州街151~180號,7.53,12.0,4,41,80.03,3,2,1,1,14600000,182432,RPSOMLNKNHPFFCA28DA,1,1,0,109,561329.2307692308,23.16923076923077,246.24615384615385,1,0,0,0,0,0,0,0,0,0,0,0,1,0,0,0,0,25.0603365,121.5296735,0,20,20,12,10,20,2,1,2,0
1176,臺北市中山區長春路181~210號,20.2,14.0,4,11,240.55,4,2,2,1,60000000,264589,RPXPMLSLNHPFFCA86DA,2,1,2,109,814120.0,62.153846153846146,740.1538461538462,1,0,0,0,0,0,0,0,0,0,0,0,1,0,0,0,0,25.054863,121.537651,1,20,20,6,14,20,2,2,0,0
1177,臺北市中山區吉林路407巷1~30號,24.5,7.0,4,37,129.04999999999998,3,2,2,1,25000000,193723,RPVOMLTKNHPFFCA09CA,1,1,0,109,596070.7692307692,75.38461538461539,397.07692307692304,1,0,0,0,0,0,0,0,0,0,0,0,0,0,0,1,0,25.066167,121.5306192,0,8,20,4,11,12,0,0,0,1
1178,臺北市中山區農安街125巷31~60號,27.0,4.0,3,52,66.31,2,2,1,0,10900000,164379,RPQQMLOKNHPFFCA28CA,1,1,0,109,505781.53846153844,83.07692307692308,204.03076923076924,1,0,0,0,0,0,0,0,0,0,0,0,0,1,0,0,0,25.065936,121.5299649,0,10,20,7,11,14,2,0,0,1
1179,臺北市中山區農安街241~270號,26.29,7.0,4,37,127.44,3,2,2,0,16000000,125549,RPQNMLOKNHPFFCA97CA,1,1,0,109,386304.6153846154,80.89230769230768,392.1230769230769,1,0,0,0,0,0,0,0,0,0,0,0,0,0,0,1,0,25.0648178,121.5345709,0,5,20,4,7,20,0,0,0,20
1180,臺北市中山區南京東路一段132巷1~30號,14.59,9.0,4,9,94.47999999999999,2,2,2,1,17580000,186051,RPPOMLOKNHPFFCA97CA,1,1,1,109,572464.6153846154,44.89230769230769,290.70769230769224,1,0,0,0,0,0,0,0,0,0,0,0,0,0,0,1,0,25.0515054,121.5272951,0,20,20,11,9,20,2,2,0,0
1181,臺北市中山區長春路361~390號,14.83,16.0,4,25,137.39,3,2,1,1,26400000,192154,RPWPMLMKNHPFFCA58CA,2,1,0,109,591243.0769230769,45.63076923076923,422.7384615384615,1,0,0,0,0,0,0,0,0,0,0,0,1,0,0,0,0,25.0545188,121.5461106,0,20,20,20,15,20,0,1,1,0
1182,臺北市中山區林森北路481~510號,5.22,14.0,4,18,48.12,1,1,1,1,9000000,187032,RPWRMLNKNHPFFCA88CA,1,1,0,109,575483.0769230769,16.06153846153846,148.06153846153845,1,0,0,0,0,0,0,0,0,0,0,0,0,0,1,0,0,25.0611307,121.5257278,0,20,20,20,10,20,2,1,1,1
1183,臺北市中山區新生北路三段56巷1~30號,4.01,12.0,4,40,43.06,1,1,1,1,6800000,157919,RPSSMLNKNHPFFCA58CA,1,1,0,109,485904.6153846154,12.338461538461537,132.4923076923077,1,0,0,0,0,0,0,0,0,0,0,0,0,0,1,0,0,25.0654685,121.5273556,0,15,20,16,12,20,2,1,1,1
1184,臺北市中山區松江路25巷1~30號,7.91,11.0,4,13,41.75,1,1,1,1,9700000,232335,RPUNMLOKNHPFFCA38CA,1,1,0,109,714876.923076923,24.338461538461537,128.46153846153845,1,0,0,0,0,0,0,0,0,0,0,0,0,0,1,0,0,25.0472178,121.5333921,1,19,20,8,10,20,2,1,0,0
1185,臺北市中山區雙城街3巷1~30號,7.92,15.0,4,26,62.239999999999995,1,1,1,1,11070000,177860,RPVNMLOKNHPFFCA48CA,1,1,0,109,547261.5384615385,24.369230769230768,191.50769230769228,1,0,0,0,0,0,0,0,0,0,0,0,1,0,0,0,0,25.0633663,121.5244776,0,20,20,20,11,20,2,2,2,1
1186,臺北市中山區中山北路一段121巷31~60號,7.3,14.0,4,10,68.78999999999999,1,1,1,1,16500000,239860,RPURMLOKNHPFFCA78CA,1,1,0,109,738030.7692307692,22.46153846153846,211.66153846153844,1,0,0,0,0,0,0,0,0,0,0,0,0,0,1,0,0,25.0509211,121.5245641,0,20,20,10,10,20,0,0,1,0
1187,臺北市中山區新生北路二段58巷31~60號,22.86,6.0,4,17,111.3,2,2,2,1,15500000,139263,RPWOMLKLNHPFFCA38CA,1,1,3,109,428501.53846153844,70.33846153846153,342.46153846153845,1,0,0,0,0,0,0,0,0,0,0,0,0,0,0,1,0,25.0554073,121.5264466,0,20,20,9,8,20,1,0,0,0
1188,臺北市中山區民族東路511~540號,32.66,5.0,4,40,111.38,3,2,2,1,14450000,129736,RPXOMLKLNHPFFCA48CA,9,1,0,108,399187.6923076923,100.49230769230768,342.7076923076923,1,0,0,0,0,0,0,0,0,0,0,0,0,1,0,0,0,25.0642602,121.5474546,1,11,11,1,3,9,0,2,2,0
1189,臺北市中山區林森北路271~300號,4.84,12.0,4,44,62.160000000000004,2,1,1,1,8500000,136744,RPORMLKLNHPFFCA87CA,2,1,0,109,420750.7692307692,14.892307692307691,191.26153846153846,1,0,0,0,0,0,0,0,0,0,0,0,1,0,0,0,0,25.0551668,121.5256069,0,20,20,12,9,20,1,0,0,0
1190,臺北市中山區四平街121~150號,19.86,14.0,4,38,109.34,3,2,2,1,26200000,239620,RPPTMLKLNHPFFCA18CA,1,1,0,109,737292.3076923076,61.107692307692304,336.4307692307692,1,0,0,0,0,0,0,0,0,0,0,0,1,0,0,0,0,25.053531,121.5305574,1,20,20,9,11,20,3,2,1,0
1191,臺北市中山區伊通街19巷1~30號,0.0,6.0,4,13,31.17,1,1,1,1,2000000,64164,RPWPMLMKOHPFFCA68CA,0,1,0,109,197427.6923076923,0.0,95.90769230769232,1,0,0,0,0,0,0,0,0,0,0,0,0,0,0,1,0,25.0491167,121.534936,0,20,19,11,10,20,2,2,1,0
1192,臺北市中山區伊通街19巷1~30號,0.0,6.0,4,13,31.17,1,1,1,1,2000000,64164,SPWPMLMKOHPFFCA78CA,0,1,0,109,197427.6923076923,0.0,95.90769230769232,1,0,0,0,0,0,0,0,0,0,0,0,0,0,0,1,0,25.0491167,121.534936,0,20,19,11,10,20,2,2,1,0
1193,臺北市中山區伊通街19巷1~30號,0.0,6.0,4,13,31.83,1,1,1,1,2000000,62834,TPWPMLMKOHPFFCA88CA,0,1,0,109,193335.3846153846,0.0,97.93846153846152,1,0,0,0,0,0,0,0,0,0,0,0,0,0,0,1,0,25.0491167,121.534936,0,20,19,11,10,20,2,2,1,0
1194,臺北市中山區南京東路一段132巷1~30號,12.58,9.0,4,9,81.46000000000001,2,1,2,1,14200000,188904,RPORMLQLNHPFFCA58DA,1,1,1,109,581243.0769230769,38.707692307692305,250.64615384615385,1,0,0,0,0,0,0,0,0,0,0,0,0,0,0,1,0,25.0515054,121.5272951,0,20,20,11,9,20,2,2,0,0
1195,臺北市中山區中山北路二段91~120號,7.21,14.0,4,2,87.50999999999999,2,1,1,1,23380000,300186,RPQPMLQLNHPFFCA48CA,2,1,1,109,923649.2307692308,22.184615384615384,269.2615384615384,1,0,0,0,0,0,0,0,0,0,0,0,1,0,0,0,0,25.059308,121.523262,0,20,20,19,10,20,0,1,2,1
1196,臺北市中山區長安東路二段31~60號,18.04,7.0,4,37,111.19,0,0,0,1,24300000,218545,RPTOMLLLNHPFFCA18CA,1,1,0,109,672446.1538461539,55.5076923076923,342.1230769230769,1,0,0,0,0,0,0,0,0,0,0,0,0,0,0,1,0,25.048623,121.5311785,1,20,20,11,8,20,1,2,1,0
1197,臺北市中山區雙城街19巷1~30號,3.54,14.0,4,13,34.0,1,1,1,1,7320000,215294,RPQSMLOKNHPFFCA48CA,2,1,0,109,662443.0769230769,10.892307692307693,104.61538461538461,1,0,0,0,0,0,0,0,0,0,0,0,0,0,1,0,0,25.0654834,121.5248079,0,20,20,17,9,20,2,2,1,1
1198,臺北市中山區農安街1~30號,3.69,11.0,4,41,32.39,1,1,1,1,5000000,154369,RPRSMLOKNHPFFCA58CA,1,1,0,109,474981.53846153844,11.353846153846153,99.66153846153846,1,0,0,0,0,0,0,0,0,0,0,0,0,0,1,0,0,25.0650285,121.523401,0,20,20,18,9,20,2,2,2,1
1199,臺北市中山區民生西路1~30號,1.58,12.0,4,41,59.07,4,0,4,1,10500000,177755,RPSSMLOKNHPFFCA68CA,3,1,0,109,546938.4615384615,4.861538461538462,181.75384615384615,1,0,0,0,0,0,0,0,0,0,0,0,1,0,0,0,0,25.0575097,121.5210039,0,20,20,16,12,20,0,0,1,1
1200,臺北市中山區德惠街105巷1~30號,21.24,7.0,4,35,111.56,3,1,1,0,20500000,183758,RPPNMLPKNHPFFCA97CA,1,1,0,109,565409.2307692308,65.35384615384615,343.26153846153846,1,0,0,0,0,0,0,0,0,0,0,0,0,0,0,1,0,25.0668618,121.529425,0,7,18,7,13,13,2,0,0,2
1201,臺北市中山區松江路25巷1~30號,5.8,11.0,4,13,30.700000000000003,0,1,1,1,8600000,280130,RPPOMLPKNHPFFCA08CA,1,1,0,109,861938.4615384615,17.846153846153847,94.46153846153847,1,0,0,0,0,0,0,0,0,0,0,0,0,0,1,0,0,25.0472178,121.5333921,1,19,20,8,10,20,2,1,0,0
1202,臺北市中山區敬業三路162巷61~90號,47.09,10.0,4,21,155.43,3,2,2,1,25000000,160844,RPOOMLSKNHPFFCA28CA,1,1,1,109,494904.6153846154,144.8923076923077,478.24615384615385,1,0,0,0,0,0,0,0,0,0,0,0,0,0,0,1,0,25.0783319,121.5589955,0,3,7,2,10,10,2,1,0,0
1203,臺北市中山區大直街61~90號,32.4,5.0,4,36,115.23,6,0,5,0,20910000,181463,RPTNMLSKNHPFFCA68CA,4,1,0,109,558347.6923076923,99.69230769230768,354.55384615384617,1,0,0,0,0,0,0,0,0,0,0,0,0,1,0,0,0,25.083459,121.546436,0,9,10,0,8,3,1,0,1,0
1204,臺北市中山區雙城街19巷1~30號,27.25,4.0,3,52,89.74,0,0,0,0,22680000,252730,RPPOMLTKNHPFFCA48CA,1,1,0,109,777630.7692307692,83.84615384615384,276.1230769230769,1,0,0,0,0,0,0,0,0,0,0,0,0,1,0,0,0,25.0654834,121.5248079,0,20,20,17,9,20,2,2,1,1
1205,臺北市中山區吉林路22巷1~30號,94.0,2.0,3,35,135.6,1,2,2,0,63000000,464602,RPTOMLPKNHPFFCA48CA,1,1,0,109,1429544.6153846153,289.2307692307692,417.2307692307692,1,0,0,0,0,0,0,0,0,0,0,0,0,0,0,0,1,25.0509589,121.529247,1,20,20,11,11,20,2,2,1,0
1206,臺北市中山區復興北路421~450號,25.41,7.0,4,44,144.1,4,2,2,1,26900000,186676,RPQPMLKLNHPFFCA87CA,2,1,0,109,574387.6923076923,78.18461538461538,443.38461538461536,1,0,0,0,0,0,0,0,0,0,0,0,0,0,0,1,0,25.0632342,121.5444647,0,20,19,5,4,6,1,2,1,0
1207,臺北市中山區中山北路二段77巷31~60號,4.4,12.0,4,42,53.050000000000004,0,0,0,1,5500000,103676,RPRPMLKLNHPFFCA97CA,1,2,0,109,319003.07692307694,13.538461538461538,163.23076923076923,1,0,0,0,0,0,0,0,0,0,0,0,0,0,1,0,0,25.0575632,121.5244755,0,20,20,16,11,20,0,0,1,1
1208,臺北市中山區長安東路二段181~210號,7.62,12.0,4,38,73.89,2,1,1,0,15000000,203004,RPXNMLLLNHPFFCA48CA,1,1,0,109,624627.6923076923,23.446153846153845,227.35384615384615,1,0,0,0,0,0,0,0,0,0,0,0,1,0,0,0,0,25.0484442,121.5425594,0,20,20,10,8,20,3,3,1,0
1209,臺北市中山區中山北路二段62巷1~30號,20.44,7.0,4,14,116.94,2,1,2,1,22720000,194288,RPQRMLSLNHPFFCA88CA,2,3,1,109,597809.2307692308,62.892307692307696,359.8153846153846,1,0,0,0,0,0,0,0,0,0,0,0,0,0,0,1,0,25.0567609,121.522381,0,20,20,16,9,20,0,0,2,1
1210,臺北市中山區吉林路121~150號,9.15,3.0,3,35,21.87,6,3,3,0,4200000,192044,RPQOMLRLNHPFFCA48CA,1,1,0,109,590904.6153846154,28.153846153846153,67.29230769230769,1,0,0,0,0,0,0,0,0,0,0,0,0,0,0,0,1,25.0570157,121.5303219,1,20,20,10,11,20,2,0,1,0
1211,臺北市中山區新生北路二段45巷31~60號,13.1,5.0,4,30,53.379999999999995,1,1,1,0,9550000,178906,RPSPMLMKOHPFFCA28CA,1,1,0,109,550480.0,40.30769230769231,164.24615384615382,1,0,0,0,0,0,0,0,0,0,0,0,0,0,1,0,0,25.0557505,121.5293312,1,20,20,5,7,20,2,1,0,0
1212,臺北市中山區林森北路451~480號,5.47,10.0,4,25,68.96,1,1,1,0,7920000,114849,RPXSMLOLPHPFFCA86CA,1,1,1,109,353381.53846153844,16.830769230769228,212.18461538461537,1,0,0,0,0,0,0,0,0,0,0,0,0,0,1,0,0,25.0605292,121.5257599,0,20,20,20,11,20,2,1,1,1
1213,臺北市中山區八德路二段312巷31~60號,33.75,4.0,4,49,102.62,3,2,1,0,21880000,213214,RPPRMLQLNHPFFCA68DA,1,1,0,109,656043.0769230769,103.84615384615384,315.75384615384615,1,0,0,0,0,0,0,0,0,0,0,0,0,1,0,0,0,25.0460212,121.5432287,0,20,20,11,13,20,2,1,1,0
1214,臺北市中山區農安街1~30號,4.32,11.0,4,17,37.04,1,2,1,1,10300000,278078,RPTPMLRLNHPFFCA98DA,1,1,0,109,855624.6153846154,13.292307692307693,113.96923076923076,1,0,0,0,0,0,0,0,0,0,0,0,1,0,0,0,0,25.0650285,121.523401,0,20,20,18,9,20,2,2,2,1
1215,臺北市中山區松江路31~60號,4.23,13.0,4,24,38.85,1,1,1,1,7700000,198198,RPVRMLKLNHPFFCA68DA,1,1,0,109,609840.0,13.015384615384617,119.53846153846153,1,0,0,0,0,0,0,0,0,0,0,0,0,0,1,0,0,25.0474392,121.5331738,1,19,20,10,9,20,1,1,0,0
1216,臺北市中山區龍江路342巷1~30號,34.2,5.0,4,43,112.98,3,2,2,0,21000000,185874,RPPNMLSLNHPFFCA48DA,1,1,0,109,571920.0,105.23076923076924,347.6307692307692,1,0,0,0,0,0,0,0,0,0,0,0,0,1,0,0,0,25.0656458,121.5406876,0,10,15,2,3,10,1,1,0,1
1217,臺北市中山區北安路608巷5弄1~30號,70.48,8.0,4,28,208.04,4,2,2,1,37500000,180254,RPTQMLSKNHPFFCA09DA,1,1,1,108,554627.6923076923,216.86153846153846,640.1230769230768,1,0,0,0,0,0,0,0,0,0,0,0,0,0,0,1,0,25.0821357,121.5493273,0,16,14,2,8,15,2,0,1,0
1218,臺北市中山區長安東路二段151~180號,6.3,12.0,4,38,74.8,2,2,1,1,15950000,213235,RPQRMLTKNHPFFCA88CA,1,1,0,109,656107.6923076923,19.384615384615383,230.15384615384613,1,0,0,0,0,0,0,0,0,0,0,0,1,0,0,0,0,25.0489552,121.5387279,0,20,19,12,9,20,1,1,0,0
1219,臺北市中山區北安路621巷1~30號,32.0,4.0,4,45,90.52,4,0,4,0,16800000,185594,RPWNMLKLNHPFFCA28CA,1,1,0,109,571058.4615384615,98.46153846153845,278.5230769230769,1,0,0,0,0,0,0,0,0,0,0,0,0,1,0,0,0,25.0830075,121.5488228,0,16,12,1,9,13,2,0,1,0
1220,臺北市中山區新生北路一段31~60號,3.67,14.0,4,33,36.78,1,1,1,1,7100000,192987,RPORMLTKNHPFFCA68CA,1,1,0,109,593806.1538461539,11.292307692307691,113.16923076923077,1,0,0,0,0,0,0,0,0,0,0,0,0,0,1,0,0,25.0472733,121.5310045,1,14,20,11,11,20,2,1,0,0
1221,臺北市中山區北安路573巷8弄1~30號,38.44,4.0,4,46,101.58,3,2,2,1,16000000,157511,RPSQMLSKNHPFFCA88CA,2,1,0,109,484649.23076923075,118.27692307692307,312.55384615384617,1,0,0,0,0,0,0,0,0,0,0,0,0,1,0,0,0,25.0813409,121.5477333,0,14,14,1,8,7,2,0,1,0
1222,臺北市中山區合江街91~120號,27.0,4.0,4,51,82.59,3,2,1,0,14000000,169512,RPPQMLTKNHPFFCA68CA,1,1,0,109,521575.3846153846,83.07692307692308,254.12307692307692,1,0,0,0,0,0,0,0,0,0,0,0,0,1,0,0,0,25.059432,121.539345,0,19,20,7,13,20,0,0,0,8
1223,臺北市中山區龍江路181~210號,37.04,7.0,4,27,113.72,3,2,2,1,23300000,204889,RPWQMLTKNHPFFCA76CA,1,1,0,109,630427.6923076923,113.96923076923076,349.9076923076923,1,0,0,0,0,0,0,0,0,0,0,0,0,0,0,1,0,25.0552099,121.54074,0,20,20,5,17,20,0,0,1,0
1224,臺北市中山區林森北路107巷1~30號,58.5,4.0,3,35,191.42,4,2,2,0,28400000,148365,RPSNMLKLNHPFFCA87CA,1,2,0,109,456507.6923076923,180.0,588.9846153846154,1,0,0,0,0,0,0,0,0,0,0,0,0,1,0,0,0,25.0503743,121.5252543,0,20,20,9,10,20,0,0,0,0
1225,臺北市中山區松江路204巷1~30號,8.7,6.0,4,6,37.93,1,1,1,0,9380000,247298,RPSQMLKLNHPFFCA18CA,1,1,0,109,760916.923076923,26.769230769230766,116.7076923076923,1,0,0,0,0,0,0,0,0,0,0,0,0,0,1,0,0,25.0573726,121.5325231,1,20,20,12,11,20,2,2,1,0
1226,臺北市中山區民生東路二段127巷1~30號,7.9,7.0,4,45,57.7,1,1,1,1,3520000,61005,RPOOMLMLNHPFFCA77CA,1,1,0,109,187707.6923076923,24.307692307692307,177.53846153846155,1,0,0,0,0,0,0,0,0,0,0,0,0,0,0,1,0,25.0586988,121.5321723,1,20,20,11,9,20,1,0,1,3
1227,臺北市中山區建國北路二段121~150號,18.85,15.0,4,35,162.2,0,0,0,1,31000000,191122,RPTOMLPLNHPFFCA58CA,1,1,0,109,588067.6923076923,58.0,499.07692307692304,1,0,0,0,0,0,0,0,0,0,0,0,1,0,0,0,0,25.059672,121.537462,0,20,18,9,10,20,0,0,1,16
1228,臺北市中山區林森北路91~120號,3.63,12.0,4,39,34.53,1,1,1,1,5500000,159282,RPPRMLRLNHPFFCA68CA,2,1,0,109,490098.4615384615,11.169230769230769,106.24615384615385,1,0,0,0,0,0,0,0,0,0,0,0,0,0,1,0,0,25.0500055,121.5249729,0,20,20,9,11,20,0,0,0,0
1229,臺北市中山區中山北路二段77巷1~30號,7.89,12.0,4,12,78.1,2,1,1,1,18000000,230474,RPUOMLLJOHPFFCA18CA,1,1,0,109,709150.7692307692,24.276923076923076,240.3076923076923,1,0,0,0,0,0,0,0,0,0,0,0,1,0,0,0,0,25.0576596,121.5230491,0,20,20,17,10,20,0,0,1,1
1230,臺北市中山區民生東路三段88巷31~60號,21.02,13.0,4,35,103.16999999999999,3,2,1,1,17800000,172514,RPSOMLSJOHPFFCA68CA,1,1,0,109,530812.3076923076,64.67692307692307,317.4461538461538,1,0,0,0,0,0,0,0,0,0,0,0,1,0,0,0,0,25.0573426,121.5433348,0,20,20,9,14,20,0,1,1,0
1231,臺北市中山區民生西路45巷5弄1~30號,26.5,4.0,4,51,69.82,0,0,0,0,17800000,254941,RPPNMLQKOHPFFCA18CA,1,1,0,109,784433.8461538461,81.53846153846153,214.8307692307692,1,0,0,0,0,0,0,0,0,0,0,0,0,1,0,0,0,25.0584986,121.5209415,0,20,20,17,9,20,0,1,1,1
1232,臺北市中山區中山北路一段53巷1~30號,5.07,12.0,4,13,34.19,2,1,1,1,8500000,248611,RPQRMLPLNHPFFCA68DA,1,1,0,109,764956.923076923,15.6,105.19999999999999,1,0,0,0,0,0,0,0,0,0,0,0,1,0,0,0,0,25.049378,121.5219264,0,20,20,9,5,20,0,3,1,0
1233,臺北市中山區遼寧街105巷1~30號,17.25,4.0,4,47,41.98,4,2,2,0,9000000,214388,RPWQMLQKOHPFFCA66DA,1,1,0,109,659655.3846153846,53.07692307692307,129.16923076923075,1,0,0,0,0,0,0,0,0,0,0,0,0,1,0,0,0,25.0508043,121.542301,0,20,20,11,10,20,1,2,1,0
1234,臺北市中山區長安東路二段91~120號,17.11,13.0,4,3,172.81,0,1,0,0,40980000,237139,RPVTMLPLNHPFFCA76DA,3,1,1,109,729658.4615384615,52.646153846153844,531.7230769230769,1,0,0,0,0,0,0,0,0,0,0,0,1,0,0,0,0,25.0484276,121.5347191,1,20,19,11,9,20,1,2,1,0
1235,臺北市中山區復興北路31~60號,3.54,12.0,4,39,45.08,1,1,1,1,9500000,210736,RPRNMLKLNHPFFCA87DA,1,1,0,109,648418.4615384615,10.892307692307693,138.7076923076923,1,0,0,0,0,0,0,0,0,0,0,0,0,0,1,0,0,25.049515,121.544416,0,20,20,12,9,20,2,2,1,0
1236,臺北市中山區復興北路421~450號,7.39,12.0,4,13,42.83,1,1,1,1,10080000,235349,RPWQMLQLNHPFFCA66DA,2,1,0,109,724150.7692307692,22.738461538461536,131.78461538461536,1,0,0,0,0,0,0,0,0,0,0,0,0,0,1,0,0,25.0632342,121.5444647,0,20,19,5,4,6,1,2,1,0
1237,臺北市中山區中山北路二段20巷1~30號,26.43,5.0,4,45,117.38,3,2,2,0,25000000,212983,RPSOMLPLNHPFFCA48CA,1,1,0,109,655332.3076923076,81.32307692307693,361.16923076923075,1,0,0,0,0,0,0,0,0,0,0,0,0,1,0,0,0,25.0535937,121.5220811,0,20,20,6,10,20,0,2,2,0
1238,臺北市中山區松江路64巷1~30號,39.25,4.0,4,49,97.84,3,2,2,0,15000000,153312,RPXSMLPLNHPFFCA76CA,1,1,0,108,471729.23076923075,120.76923076923076,301.04615384615386,1,0,0,0,0,0,0,0,0,0,0,0,0,1,0,0,0,25.0490852,121.532266,1,20,20,13,9,20,1,2,1,0
1239,臺北市中山區民族東路252巷31~60號,22.33,7.0,4,32,115.33,3,2,2,0,17600000,152606,RPPNMLQLNHPFFCA18CA,1,1,0,109,469556.92307692306,68.7076923076923,354.86153846153843,1,0,0,0,0,0,0,0,0,0,0,0,0,0,0,1,0,25.0673703,121.5354675,0,2,13,1,3,17,0,0,0,6
1240,臺北市中山區新生北路二段60巷1~30號,5.12,12.0,4,40,57.849999999999994,1,1,1,1,8080000,139672,RPQQMLMLNHPFFCA18CA,1,1,0,109,429760.0,15.753846153846153,177.99999999999997,1,0,0,0,0,0,0,0,0,0,0,0,0,0,1,0,0,25.0557499,121.5271722,0,20,20,9,11,20,1,0,0,0
1241,臺北市中山區建國北路二段61~90號,23.07,7.0,4,25,72.63,2,2,2,1,12880000,177337,RPQRMLLLNHPFFCA18CA,3,1,0,109,545652.3076923076,70.98461538461538,223.47692307692304,1,0,0,0,0,0,0,0,0,0,0,0,0,0,0,1,0,25.055757,121.537466,1,20,20,3,13,20,1,2,0,0
1242,臺北市中山區長春路61~90號,3.06,12.0,4,41,25.7,0,0,0,1,4300000,167315,RPSQMLMLNHPFFCA38CA,1,1,0,109,514815.3846153846,9.415384615384616,79.07692307692307,1,0,0,0,0,0,0,0,0,0,0,0,1,0,0,0,0,25.0550126,121.5262836,0,20,20,9,8,20,1,0,0,0
1243,臺北市中山區長安東路一段91~120號,5.0,9.0,4,28,32.96,1,1,1,1,5900000,179005,RPSOMLMLNHPFFCA18CA,1,1,0,109,550784.6153846154,15.384615384615383,101.41538461538461,1,0,0,0,0,0,0,0,0,0,0,0,0,0,1,0,0,25.0483146,121.5288141,1,20,20,7,7,20,1,2,0,0
1244,臺北市中山區建國北路三段61~90號,8.41,14.0,4,6,84.39,0,0,0,1,21200000,251215,RPQPMLMLNHPFFCA08CA,2,1,0,109,772969.2307692308,25.876923076923077,259.66153846153844,1,0,0,0,0,0,0,0,0,0,0,0,1,0,0,0,0,25.0647501,121.537375,0,6,18,2,4,18,1,0,0,20
1245,臺北市中山區復興北路514巷31~60號,32.29,5.0,4,40,114.34,3,2,2,0,15500000,135561,RPUPMLMLNHPFFCA48CA,1,1,0,109,417110.7692307692,99.35384615384615,351.81538461538463,1,0,0,0,0,0,0,0,0,0,0,0,0,1,0,0,0,25.0660734,121.5428334,0,8,14,1,3,5,1,1,0,0
1246,臺北市中山區長安東路二段91~120號,32.26,15.0,4,10,483.45000000000005,0,0,0,1,103990000,222725,RPWPMLMLNHPFFCA68CA,2,1,4,109,685307.6923076923,99.26153846153845,1487.5384615384617,1,0,0,0,0,0,0,0,0,0,0,0,1,0,0,0,0,25.0484276,121.5347191,1,20,19,11,9,20,1,2,1,0
1247,臺北市中山區民權東路三段31~60號,14.7,15.0,4,37,133.0,3,2,2,1,27000000,203008,RPTNMLOJOHPFFCA28CA,1,1,0,109,624640.0,45.230769230769226,409.2307692307692,1,0,0,0,0,0,0,0,0,0,0,0,1,0,0,0,0,25.0625628,121.5419482,0,20,20,5,6,9,1,2,1,0
1248,臺北市中山區農安街1~30號,6.46,14.0,4,18,62.739999999999995,0,0,0,1,13300000,211986,RPRTMLOJOHPFFCA68CA,1,1,0,109,652264.6153846154,19.876923076923077,193.04615384615383,1,0,0,0,0,0,0,0,0,0,0,0,0,0,1,0,0,25.0650285,121.523401,0,20,20,18,9,20,2,2,2,1
1249,臺北市中山區南京東路一段61~90號,6.06,11.0,4,21,47.269999999999996,1,1,1,1,10750000,227417,RPUQMLQLNHPFFCA09DA,1,1,0,109,699744.6153846154,18.646153846153844,145.44615384615383,1,0,0,0,0,0,0,0,0,0,0,0,0,0,1,0,0,25.051986,121.5230243,0,20,20,8,9,20,0,2,1,0
1250,臺北市中山區長安東路一段56巷1弄31~60號,38.26,7.0,4,12,215.10000000000002,3,2,2,1,37100000,224800,RPTRMLMJOHPFFCA58DA,1,1,1,109,691692.3076923076,117.72307692307692,661.8461538461539,1,0,0,0,0,0,0,0,0,0,0,0,0,0,0,1,0,25.0471549,121.5298445,1,15,20,11,11,20,2,1,0,0
1251,臺北市中山區合江街127巷1~30號,27.53,5.0,4,42,106.69,3,2,2,0,18680000,175087,RPPOMLPJOHPFFCA18DA,2,1,0,109,538729.2307692308,84.70769230769231,328.2769230769231,1,0,0,0,0,0,0,0,0,0,0,0,0,1,0,0,0,25.0608033,121.5395009,0,20,20,7,8,20,1,1,1,14
1252,臺北市中山區新生北路二段91~120號,4.21,12.0,4,39,32.29,1,1,1,1,4950000,153298,RPSNMLOJOHPFFCA18CA,2,1,0,109,471686.1538461538,12.953846153846154,99.35384615384615,1,0,0,0,0,0,0,0,0,0,0,0,0,0,1,0,0,25.0573288,121.5278946,0,15,20,9,10,20,1,0,0,0
1253,臺北市中山區新生北路三段1~30號,7.06,12.0,4,36,73.84,3,0,3,1,12060000,163326,RPSQMLTLNHPFFCA09CA,2,1,0,109,502541.53846153844,21.72307692307692,227.2,1,0,0,0,0,0,0,0,0,0,0,0,1,0,0,0,0,25.0628897,121.5281771,0,11,20,16,10,20,2,1,1,0
1254,臺北市中山區新生北路二段91~120號,3.44,12.0,4,39,35.03,1,1,1,1,5300000,151299,RPUNMLMJOHPFFCA18CA,3,1,0,109,465535.3846153846,10.584615384615384,107.78461538461538,1,0,0,0,0,0,0,0,0,0,0,0,0,0,1,0,0,25.0573288,121.5278946,0,15,20,9,10,20,1,0,0,0
1255,臺北市中山區新生北路三段82巷1~30號,16.5,5.0,4,39,87.93,2,2,2,0,14900000,169453,RPTNMLQLNHPFFCA58CA,1,1,0,109,521393.8461538461,50.76923076923077,270.55384615384617,1,0,0,0,0,0,0,0,0,0,0,0,0,1,0,0,0,25.0671118,121.5273123,0,11,20,13,16,20,2,0,1,1
1256,臺北市中山區中山北路二段91~120號,7.83,14.0,4,2,93.64,2,1,1,1,23430000,276638,RPSPMLQLNHPFFCA68CA,2,1,1,109,851193.8461538461,24.092307692307692,288.1230769230769,1,0,0,0,0,0,0,0,0,0,0,0,1,0,0,0,0,25.059308,121.523262,0,20,20,19,10,20,0,1,2,1
1257,臺北市中山區龍江路356巷61~90號,18.5,7.0,4,38,112.78,3,2,2,0,17000000,150736,RPSNMLMLNHPFFCA08CA,1,1,0,109,463803.0769230769,56.92307692307692,347.0153846153846,1,0,0,0,0,0,0,0,0,0,0,0,0,0,0,1,0,25.0660071,121.5383187,0,4,14,2,3,15,1,0,0,13
1258,臺北市中山區新生北路二段61~90號,4.9,12.0,4,49,37.98,1,1,1,1,5900000,155345,RPUQMLMLNHPFFCA58CA,1,1,0,109,477984.6153846154,15.076923076923077,116.86153846153844,1,0,0,0,0,0,0,0,0,0,0,0,0,0,1,0,0,25.0562845,121.5277511,0,20,20,9,13,20,1,0,0,0
1259,臺北市中山區德惠街31~60號,2.33,11.0,4,42,21.150000000000002,1,0,1,1,2850000,134752,RPSNMLPLNHPFFCA38CA,1,1,0,109,414621.53846153844,7.1692307692307695,65.07692307692308,1,0,0,0,0,0,0,0,0,0,0,0,0,0,1,0,0,25.0667707,121.5265786,0,11,20,15,15,20,2,0,1,1
1260,臺北市中山區民生東路一段1~30號,3.84,12.0,4,41,40.74,0,0,0,1,5450000,133775,RPWPMLPLNHPFFCA98CA,1,1,0,109,411615.3846153846,11.815384615384614,125.35384615384615,1,0,0,0,0,0,0,0,0,0,0,0,1,0,0,0,0,25.0579831,121.5250958,0,20,20,16,12,20,0,1,1,1
1261,臺北市中山區民生東路一段70巷1~30號,8.81,7.0,4,14,50.62,2,1,1,1,10410000,205650,RPQNMLQLNHPFFCA28CA,1,1,0,109,632769.2307692308,27.107692307692307,155.75384615384615,1,0,0,0,0,0,0,0,0,0,0,0,0,0,0,1,0,25.0576197,121.5264837,0,20,20,17,7,20,1,1,0,1
1262,臺北市中山區松江路170巷1~30號,30.0,4.0,3,54,91.77,2,2,1,0,18730000,204097,RPRNMLQLNHPFFCA38CA,2,1,0,109,627990.7692307692,92.3076923076923,282.36923076923074,1,0,0,0,0,0,0,0,0,0,0,0,0,1,0,0,0,25.0561997,121.5331293,1,20,20,9,12,20,2,2,2,0
1263,臺北市中山區德惠街31~60號,2.93,11.0,4,42,27.44,1,0,1,1,2900000,105685,RPTTMLPLNHPFFCA09CA,1,1,0,109,325184.6153846154,9.015384615384615,84.43076923076923,1,0,0,0,0,0,0,0,0,0,0,0,0,0,1,0,0,25.0667707,121.5265786,0,11,20,15,15,20,2,0,1,1
1264,臺北市中山區民族東路541~570號,31.53,5.0,4,40,109.7,3,2,2,1,15000000,136737,RPPQMLRLNHPFFCA58CA,9,1,0,109,420729.23076923075,97.01538461538462,337.53846153846155,1,0,0,0,0,0,0,0,0,0,0,0,0,1,0,0,0,25.0642602,121.5474546,1,11,11,1,3,9,0,2,2,0
1265,臺北市中山區長春路61~90號,2.6,12.0,4,41,22.5,1,1,1,1,3800000,168889,RPPQMLLKOHPFFCA97CA,1,1,0,109,519658.4615384615,8.0,69.23076923076923,1,0,0,0,0,0,0,0,0,0,0,0,1,0,0,0,0,25.0550126,121.5262836,0,20,20,9,8,20,1,0,0,0
1266,臺北市中山區新生北路三段61~90號,5.81,9.0,4,45,40.45,1,1,1,1,5500000,135970,RPRNMLTJOHPFFCA58CA,4,1,0,109,418369.23076923075,17.876923076923074,124.46153846153847,1,0,0,0,0,0,0,0,0,0,0,0,0,0,1,0,0,25.0659966,121.5280981,0,12,20,14,14,20,2,1,1,1
1267,臺北市中山區南京東路三段48巷31~60號,36.48,14.0,4,17,261.43,5,2,3,1,79000000,328375,RPPRMLTLNHPFFCA98DA,1,1,1,109,1010384.6153846154,112.24615384615383,804.4,1,0,0,0,0,0,0,0,0,0,0,0,1,0,0,0,0,25.0507374,121.5384518,0,20,20,13,13,20,1,1,0,0
1268,臺北市中山區民權西路9巷1~30號,8.86,14.0,4,9,80.21000000000001,1,2,1,1,19200000,239372,RPWPMLLJOHPFFCA58DA,1,1,0,109,736529.2307692308,27.26153846153846,246.8,1,0,0,0,0,0,0,0,0,0,0,0,1,0,0,0,0,25.0631117,121.521998,0,20,20,20,12,20,2,4,2,2
1269,臺北市中山區雙城街43巷1~30號,4.54,7.0,4,42,30.58,1,1,1,1,4800000,156965,RPOOMLKKOHPFFCA57CA,2,1,0,109,482969.23076923075,13.96923076923077,94.09230769230768,1,0,0,0,0,0,0,0,0,0,0,0,0,0,1,0,0,25.0675634,121.5247386,0,11,18,15,16,17,2,1,0,1
1270,臺北市中山區雙城街19巷1~30號,3.57,14.0,4,13,34.620000000000005,0,1,1,1,7300000,210861,RPSQMLRLNHPFFCA88CA,2,1,0,109,648803.0769230769,10.984615384615383,106.52307692307693,1,0,0,0,0,0,0,0,0,0,0,0,1,0,0,0,0,25.0654834,121.5248079,0,20,20,17,9,20,2,2,1,1
1271,臺北市中山區農安街31~60號,9.55,10.0,4,42,87.91999999999999,3,1,2,1,14560000,165605,RPSNMLRLNHPFFCA58CA,1,1,0,109,509553.8461538461,29.384615384615387,270.52307692307687,1,0,0,0,0,0,0,0,0,0,0,0,0,0,0,1,0,25.0650091,121.5250094,0,20,20,19,11,20,2,2,1,1
1272,臺北市中山區基湖路157巷1~30號,126.96,13.0,4,20,423.82,3,2,4,1,188880000,445661,RPVPMLSLNHPFFCA56CA,1,1,2,109,1371264.6153846153,390.6461538461538,1304.0615384615385,1,0,0,0,0,0,0,0,0,0,0,0,1,0,0,0,0,25.076773,121.563503,0,5,6,0,14,16,2,1,0,0
1273,臺北市中山區新生北路三段61~90號,8.52,11.0,4,39,82.46,2,2,1,1,13920000,168809,RPVNMLSLNHPFFCA98CA,1,1,0,109,519412.3076923077,26.215384615384615,253.7230769230769,1,0,0,0,0,0,0,0,0,0,0,0,1,0,0,0,0,25.0659966,121.5280981,0,12,20,14,14,20,2,1,1,1
1274,臺北市中山區龍江路356巷31~60號,24.4,5.0,4,43,85.04,3,1,1,0,14450000,169920,RPTNMLSLNHPFFCA78CA,1,1,0,109,522830.7692307692,75.07692307692307,261.6615384615385,1,0,0,0,0,0,0,0,0,0,0,0,0,1,0,0,0,25.066121,121.539522,0,6,11,1,3,12,1,1,0,2
1275,臺北市中山區錦州街31~60號,2.83,13.0,4,37,31.01,1,1,1,1,3850000,124153,RPPPMLRKOHPFFCA48CA,3,1,0,109,382009.23076923075,8.707692307692307,95.41538461538461,1,0,0,0,0,0,0,0,0,0,0,0,1,0,0,0,0,25.0604245,121.5264838,0,20,20,20,9,20,2,1,1,1
1276,臺北市中山區長春路151~180號,29.26,14.0,4,14,284.15,2,2,2,1,56000000,257351,RPUQMLMJOHPFFCA58DA,2,1,2,109,791849.2307692308,90.03076923076924,874.3076923076923,1,0,0,0,0,0,0,0,0,0,0,0,1,0,0,0,0,25.055014,121.5333787,1,20,20,5,12,20,2,3,1,0
1277,臺北市中山區龍江路223巷1~30號,25.0,5.0,4,27,75.18,0,1,1,0,10500000,139665,RPURMLMJOHPFFCA68DA,1,1,0,109,429738.4615384615,76.92307692307692,231.32307692307694,1,0,0,0,0,0,0,0,0,0,0,0,0,1,0,0,0,25.056949,121.5407253,0,20,20,7,14,20,0,0,0,0
1278,臺北市中山區松江路221巷1~30號,32.83,7.0,4,37,158.94,3,2,2,1,31500000,198188,RPTQMLTKOHPFFCA56CA,1,1,0,109,609809.2307692308,101.0153846153846,489.0461538461538,1,0,0,0,0,0,0,0,0,0,0,0,0,0,0,1,0,25.0585114,121.5334499,1,20,20,10,8,20,1,2,1,12
1279,臺北市中山區長安東路一段56巷7弄1~30號,14.12,5.0,4,5,59.61,1,1,1,1,14000000,234860,RPRQMLSLNHPFFCA88CA,1,1,0,109,722646.1538461539,43.44615384615384,183.4153846153846,1,0,0,0,0,0,0,0,0,0,0,0,0,0,1,0,0,25.0475524,121.5290038,1,16,20,9,8,20,1,1,0,0
1280,臺北市中山區林森北路511~540號,3.47,14.0,4,16,37.68,1,1,1,1,8300000,220276,RPVOMLTLNHPFFCA56CA,1,1,0,109,677772.3076923076,10.676923076923076,115.93846153846154,1,0,0,0,0,0,0,0,0,0,0,0,0,0,1,0,0,25.0619755,121.5257781,0,20,20,20,12,20,2,1,1,2
1281,臺北市中山區民生東路一段31~60號,2.69,12.0,4,42,31.580000000000002,1,1,1,1,4000000,126662,RPWNMLLJOHPFFCA28CA,1,1,0,109,389729.23076923075,8.276923076923076,97.16923076923077,1,0,0,0,0,0,0,0,0,0,0,0,0,0,1,0,0,25.0582147,121.5252053,0,20,20,16,12,20,0,1,1,1
1282,臺北市中山區農安街1~30號,3.16,14.0,4,12,52.64,1,1,1,1,10880000,206687,RPUNMLLJOHPFFCA08CA,1,1,0,109,635960.0,9.723076923076924,161.96923076923076,1,0,0,0,0,0,0,0,0,0,0,0,0,0,1,0,0,25.0650285,121.523401,0,20,20,18,9,20,2,2,2,1
1283,臺北市中山區四平街91~120號,9.55,10.0,4,20,41.91,1,1,1,1,10380000,247674,RPUNMLTLOHPFFCA09CA,1,1,0,109,762073.8461538461,29.384615384615387,128.95384615384614,1,0,0,0,0,0,0,0,0,0,0,0,0,0,1,0,0,25.0537355,121.5351853,1,20,20,9,14,20,1,3,1,0
1284,臺北市中山區明水路601~630號,38.58,8.0,4,29,186.91,3,2,2,1,41600000,265373,RPRRMLMJOHPFFCA38DA,1,2,1,109,816532.3076923076,118.7076923076923,575.1076923076923,1,0,0,0,0,0,0,0,0,0,0,0,0,0,0,1,0,25.0808551,121.551534,0,16,8,2,9,15,1,0,1,0
1285,臺北市中山區錦州街31~60號,3.38,13.0,4,37,37.86,1,1,1,1,4760000,125726,RPQSMLLJOHPFFCA28DA,3,1,0,109,386849.23076923075,10.399999999999999,116.49230769230769,1,0,0,0,0,0,0,0,0,0,0,0,0,0,1,0,0,25.0604245,121.5264838,0,20,20,20,9,20,2,1,1,1
1286,臺北市中山區長安東路二段151~180號,4.51,12.0,4,38,58.88,3,3,2,1,15000000,254755,RPXSMLOLOHPFFCA76CA,1,1,0,109,783861.5384615384,13.876923076923076,181.16923076923078,1,0,0,0,0,0,0,0,0,0,0,0,1,0,0,0,0,25.0489552,121.5387279,0,20,19,12,9,20,1,1,0,0
1287,臺北市中山區林森北路451~480號,8.32,14.0,4,12,86.01,2,1,1,1,16700000,194163,RPWNMLSKOHPFFCA09CA,1,1,0,109,597424.6153846154,25.6,264.6461538461539,1,0,0,0,0,0,0,0,0,0,0,0,1,0,0,0,0,25.0605292,121.5257599,0,20,20,20,11,20,2,1,1,1
1288,臺北市中山區新生北路一段31~60號,2.88,14.0,4,33,28.87,1,0,1,1,5558888,192549,RPPSMLLJOHPFFCA08CA,1,1,0,109,592458.4615384615,8.86153846153846,88.83076923076923,1,0,0,0,0,0,0,0,0,0,0,0,0,0,1,0,0,25.0472733,121.5310045,1,14,20,11,11,20,2,1,0,0
1289,臺北市中山區北安路458巷1~30號,20.5,4.0,4,44,71.68,1,1,1,0,12000000,167411,RPROMLNJOHPFFCA08CA,1,1,0,109,515110.7692307692,63.07692307692307,220.55384615384617,1,0,0,0,0,0,0,0,0,0,0,0,0,1,0,0,0,25.0793816,121.5447297,0,1,8,1,6,5,2,2,1,0
1290,臺北市中山區松江路91~120號,4.68,12.0,4,39,58.650000000000006,2,1,1,1,12880000,219608,RPUOMLNJOHPFFCA38CA,1,1,0,109,675716.923076923,14.399999999999999,180.46153846153848,1,0,0,0,0,0,0,0,0,0,0,0,1,0,0,0,0,25.0496362,121.533209,1,20,20,12,10,20,1,3,1,0
1291,臺北市中山區中山北路一段83巷31~60號,17.6,15.0,4,13,183.04000000000002,3,2,2,1,36300000,198317,RPOPMLMJOHPFFCA77CA,2,1,1,109,610206.1538461539,54.15384615384615,563.2,1,0,0,0,0,0,0,0,0,0,0,0,1,0,0,0,0,25.0500512,121.5243787,0,20,20,9,11,20,0,0,1,0
1292,臺北市中山區雙城街46巷1~30號,12.04,6.0,4,40,69.91,3,1,2,0,12500000,178801,RPRPMLMJOHPFFCA08CA,1,1,0,109,550156.923076923,37.04615384615384,215.1076923076923,1,0,0,0,0,0,0,0,0,0,0,0,0,0,0,1,0,25.0676057,121.5241331,0,11,17,15,15,18,1,1,0,1
1293,臺北市中山區新生北路二段61~90號,2.05,12.0,4,41,25.02,0,0,0,1,4150000,165867,RPRNMLNJOHPFFCA97CA,1,1,0,109,510360.0,6.307692307692307,76.98461538461538,1,0,0,0,0,0,0,0,0,0,0,0,0,0,1,0,0,25.0562845,121.5277511,0,20,20,9,13,20,1,0,0,0
1294,臺北市中山區市民大道三段151~180號,14.79,11.0,4,13,77.84,3,2,2,1,12560000,161357,RPVOMLTJOHPFFCA09CA,1,1,0,109,496483.0769230769,45.5076923076923,239.5076923076923,1,0,0,0,0,0,0,0,0,0,0,0,1,0,0,0,0,25.0448694,121.5396463,0,19,20,7,12,20,1,0,0,0
1295,臺北市中山區建國北路二段1~30號,8.03,14.0,4,15,113.3,1,1,1,1,18250000,161077,RPSPMLNJOHPFFCA28CA,2,1,1,109,495621.53846153844,24.707692307692305,348.6153846153846,1,0,0,0,0,0,0,0,0,0,0,0,1,0,0,0,0,25.0523809,121.5371887,1,20,20,8,10,20,2,3,1,0
1296,臺北市中山區吉林路361~390號,6.84,7.0,4,42,45.02,1,1,1,1,7000000,155486,RPPQMLPJOHPFFCA28CA,1,1,0,109,478418.4615384615,21.046153846153846,138.52307692307693,1,0,0,0,0,0,0,0,0,0,0,0,0,0,1,0,0,25.0649122,121.5304923,0,11,20,8,7,19,2,0,1,5
1297,臺北市中山區林森北路383巷1~30號,32.25,4.0,4,51,100.13,3,2,3,0,16000000,159792,RPOQMLSJOHPFFCA48CA,1,1,0,109,491667.6923076923,99.23076923076923,308.09230769230766,1,0,0,0,0,0,0,0,0,0,0,0,0,1,0,0,0,25.0586272,121.5259842,0,20,20,17,8,20,0,1,1,1
1298,臺北市中山區民族東路512巷13弄1~30號,29.37,5.0,4,37,116.74,3,2,2,0,17450000,149477,RPVNMLNJOHPFFCA38CA,1,1,0,109,459929.23076923075,90.36923076923077,359.2,1,0,0,0,0,0,0,0,0,0,0,0,0,1,0,0,0,25.067392,121.542358,0,4,9,1,1,4,1,1,0,0
1299,臺北市中山區德惠街1~30號,19.92,13.0,4,6,223.88,3,2,2,1,49200000,219751,RPOOMLNJOHPFFCA77CA,1,1,1,109,676156.923076923,61.292307692307695,688.8615384615384,1,0,0,0,0,0,0,0,0,0,0,0,1,0,0,0,0,25.0668904,121.5229555,0,17,20,15,12,20,1,1,0,1
1300,臺北市中山區五常街53巷1~30號,26.28,5.0,4,40,95.54,3,2,1,0,7950000,83211,RPTQMLPKOHPFFCA78CA,1,1,0,109,256033.84615384616,80.86153846153846,293.96923076923076,1,0,0,0,0,0,0,0,0,0,0,0,0,1,0,0,0,25.064474,121.539681,0,12,18,4,4,16,1,1,0,15
1301,臺北市中山區德惠街91~120號,33.0,4.0,4,49,92.91,3,2,2,0,16630000,178990,RPQPMLMKOHPFFCA08CA,1,1,0,109,550738.4615384615,101.53846153846153,285.87692307692305,1,0,0,0,0,0,0,0,0,0,0,0,0,1,0,0,0,25.0667363,121.528834,0,10,19,12,14,15,2,0,0,1
1302,臺北市中山區民生東路二段1~30號,26.48,14.0,4,8,193.04000000000002,3,2,2,1,12000000,62163,RPSOMLMJPHPFFCA18CA,2,1,0,109,191270.76923076922,81.47692307692307,593.9692307692308,1,0,0,0,0,0,0,0,0,0,0,0,1,0,0,0,0,25.0581515,121.5278737,0,17,20,12,11,20,1,1,0,0
1303,臺北市中山區農安街31~60號,5.41,10.0,4,42,50.34,2,1,1,1,8300000,164879,RPVRMLNJOHPFFCA88DA,1,1,0,109,507320.0,16.646153846153847,154.8923076923077,1,0,0,0,0,0,0,0,0,0,0,0,0,0,0,1,0,25.0650091,121.5250094,0,20,20,19,11,20,2,2,1,1
1304,臺北市中山區德惠街3巷1~30號,6.04,7.0,4,15,30.86,1,1,1,1,6120000,198315,RPSQMLSJOHPFFCA98DA,1,1,0,109,610200.0,18.584615384615383,94.95384615384614,1,0,0,0,0,0,0,0,0,0,0,0,0,0,1,0,0,25.067018,121.5231105,0,16,20,15,12,20,0,1,0,1
1305,臺北市中山區林森北路107巷61~90號,0.72,7.0,4,45,3.61,3,1,1,1,570000,157895,RPXRMLKMOHPFFCA98CA,1,1,0,109,485830.7692307692,2.215384615384615,11.107692307692307,1,0,0,0,0,0,0,0,0,0,0,0,0,0,0,1,0,25.0499592,121.5271009,1,20,20,8,9,20,1,2,0,0
1306,臺北市中山區中山北路二段93巷1~30號,7.75,12.0,4,16,56.98,2,1,1,1,16000000,280800,RPOPMLPKOHPFFCA18CA,1,1,0,109,864000.0,23.846153846153847,175.3230769230769,1,0,0,0,0,0,0,0,0,0,0,0,1,0,0,0,0,25.0594195,121.5233012,0,20,20,18,10,20,0,1,2,1
1307,臺北市中山區長安東路二段151~180號,7.13,12.0,4,33,82.27000000000001,2,1,1,1,15000000,182326,RPURMLKKOHPFFCA48CA,1,1,0,109,561003.0769230769,21.93846153846154,253.13846153846157,1,0,0,0,0,0,0,0,0,0,0,0,1,0,0,0,0,25.0489552,121.5387279,0,20,19,12,9,20,1,1,0,0
1308,臺北市中山區復興北路514巷1~30號,33.25,4.0,4,45,96.46,3,2,1,0,14920000,154676,RPVPMLNJOHPFFCA58CA,1,1,0,109,475926.1538461538,102.3076923076923,296.79999999999995,1,0,0,0,0,0,0,0,0,0,0,0,0,1,0,0,0,25.0660723,121.5438178,0,10,13,1,1,4,1,1,0,0
1309,臺北市中山區敬業三路162巷61~90號,47.09,12.0,4,21,155.5,3,2,2,1,25600000,164630,RPPNMLOJOHPFFCA87CA,1,1,0,109,506553.8461538461,144.8923076923077,478.46153846153845,1,0,0,0,0,0,0,0,0,0,0,0,1,0,0,0,0,25.0783319,121.5589955,0,3,7,2,10,10,2,1,0,0
1310,臺北市中山區北安路601~630號,27.03,4.0,4,45,80.26,3,2,1,0,14000000,174433,RPRNMLPJOHPFFCA18CA,1,1,0,109,536716.923076923,83.16923076923077,246.95384615384617,1,0,0,0,0,0,0,0,0,0,0,0,0,1,0,0,0,25.082268,121.548685,0,16,15,2,9,12,2,0,1,0
1311,臺北市中山區建國北路三段121~150號,14.0,7.0,4,33,69.5,2,2,2,0,13500000,194245,RPUTMLOJOHPFFCA98CA,1,1,0,109,597676.923076923,43.07692307692307,213.84615384615384,1,0,0,0,0,0,0,0,0,0,0,0,0,0,0,1,0,25.0667099,121.5356347,0,2,13,2,4,17,0,0,0,10
1312,臺北市中山區錦州街1~30號,5.6,10.0,4,38,44.72,1,1,1,0,6900000,154293,RPVTMLOJOHPFFCA09CA,1,1,0,109,474747.6923076923,17.23076923076923,137.6,1,0,0,0,0,0,0,0,0,0,0,0,0,0,1,0,0,25.0604415,121.5318562,0,20,20,13,12,20,0,0,1,15
1313,臺北市中山區民生東路三段88巷1~30號,24.05,15.0,4,35,115.23,3,2,2,1,23480000,203766,RPWPMLPJOHPFFCA88CA,1,1,0,109,626972.3076923076,74.0,354.55384615384617,1,0,0,0,0,0,0,0,0,0,0,0,1,0,0,0,0,25.0572556,121.5432725,0,20,20,9,15,20,0,1,1,0
1314,臺北市中山區民生東路一段31~60號,9.8,12.0,4,36,111.28999999999999,3,2,2,0,18800000,168928,RPQQMLLKOHPFFCA08CA,1,1,0,109,519778.4615384615,30.153846153846153,342.4307692307692,1,0,0,0,0,0,0,0,0,0,0,0,1,0,0,0,0,25.0582147,121.5252053,0,20,20,16,12,20,0,1,1,1
1315,臺北市中山區新生北路二段61~90號,1.56,12.0,4,41,22.18,1,1,1,1,3620000,163210,RPURMLKKQHPFFCA68CA,1,1,0,109,502184.6153846154,4.8,68.24615384615385,1,0,0,0,0,0,0,0,0,0,0,0,0,0,1,0,0,25.0562845,121.5277511,0,20,20,9,13,20,1,0,0,0
1316,臺北市中山區農安街31~60號,4.19,10.0,4,42,36.87,1,1,1,1,5300000,143748,RPRNMLOKOHPFFCA18CA,1,1,0,109,442301.53846153844,12.892307692307693,113.44615384615383,1,0,0,0,0,0,0,0,0,0,0,0,0,0,1,0,0,25.0650091,121.5250094,0,20,20,19,11,20,2,2,1,1
1317,臺北市中山區民生東路三段73巷2弄1~30號,42.75,4.0,4,45,96.54,4,2,1,0,17700000,183344,RPVNMLMKOHPFFCA38CA,2,1,0,109,564135.3846153846,131.53846153846155,297.04615384615386,1,0,0,0,0,0,0,0,0,0,0,0,0,1,0,0,0,25.0584978,121.5433906,0,20,20,9,12,20,0,1,1,0
1318,臺北市中山區合江街36巷1~30號,19.2,5.0,4,44,70.19,3,2,1,0,17880000,254737,RPRSMLLKOHPFFCA38CA,1,1,0,109,783806.1538461539,59.07692307692307,215.96923076923076,1,0,0,0,0,0,0,0,0,0,0,0,0,1,0,0,0,25.0555782,121.538495,1,20,20,4,16,20,1,2,0,0
1319,臺北市中山區新生北路二段58巷31~60號,18.83,5.0,4,44,95.26,4,2,1,0,11000000,115473,RPUPMLLJPHPFFCA38CA,1,1,0,109,355301.53846153844,57.93846153846153,293.10769230769233,1,0,0,0,0,0,0,0,0,0,0,0,0,1,0,0,0,25.0554073,121.5264466,0,20,20,9,8,20,1,0,0,0
1320,臺北市中山區長春路258巷1~30號,0.0,10.0,4,25,34.72,1,1,1,1,4580000,131912,RPRNMLKMOHPFFCA97CA,0,1,0,109,405883.07692307694,0.0,106.83076923076922,1,0,0,0,0,0,0,0,0,0,0,0,0,0,0,1,0,25.0536589,121.53897,1,20,20,6,14,20,1,2,0,0
1321,臺北市中山區新生北路三段87巷31~60號,32.75,4.0,4,49,99.48,3,2,2,0,12650000,127161,RPVSMLOJOHPFFCA09DA,1,1,0,109,391264.6153846154,100.76923076923076,306.0923076923077,1,0,0,0,0,0,0,0,0,0,0,0,0,1,0,0,0,25.0675216,121.528994,0,5,15,5,14,10,0,0,0,1
1322,臺北市中山區復興北路421~450號,7.39,12.0,4,13,42.83,1,1,1,1,9280000,216671,RPPQMLRKOHPFFCA68DA,2,1,0,109,666680.0,22.738461538461536,131.78461538461536,1,0,0,0,0,0,0,0,0,0,0,0,0,0,1,0,0,25.0632342,121.5444647,0,20,19,5,4,6,1,2,1,0
1323,臺北市中山區德惠街1~30號,21.77,13.0,4,6,242.51999999999998,3,2,2,1,45000000,185544,RPTQMLMKOHPFFCA48CA,1,1,2,109,570904.6153846154,66.98461538461538,746.2153846153846,1,0,0,0,0,0,0,0,0,0,0,0,1,0,0,0,0,25.0668904,121.5229555,0,17,20,15,12,20,1,1,0,1
1324,臺北市中山區錦州街271~300號,92.0,4.0,4,48,224.64,6,4,4,0,35280000,157051,RPXOMLPKOHPFFCA98CA,2,2,0,109,483233.8461538461,283.0769230769231,691.1999999999999,1,0,0,0,0,0,0,0,0,0,0,0,0,1,0,0,0,25.060448,121.5353641,0,20,20,9,8,20,0,0,1,18
1325,臺北市中山區五常街11巷1~30號,10.45,17.0,4,2,103.30000000000001,1,1,1,1,17300000,232914,RPSNMLKLOHPFFCA97CA,2,1,1,109,716658.4615384615,32.15384615384615,317.84615384615387,1,0,0,0,0,0,0,0,0,0,0,0,1,0,0,0,0,25.0645708,121.5377789,0,7,19,2,4,18,1,0,0,20
1326,臺北市中山區北安路578巷8弄1~30號,42.86,6.0,4,22,174.18,3,2,2,1,39500000,226777,RPPNMLLKOHPFFCA67CA,1,1,1,109,697775.3846153846,131.87692307692308,535.9384615384615,1,0,0,0,0,0,0,0,0,0,0,0,0,0,0,1,0,25.080687,121.548885,0,15,15,2,9,9,2,0,1,0
1327,臺北市中山區松江路402巷1~30號,36.25,4.0,4,49,105.09,3,2,2,0,17100000,162718,RPSNMLTJOHPFFCA68CA,1,1,0,109,500670.7692307692,111.53846153846153,323.3538461538462,1,0,0,0,0,0,0,0,0,0,0,0,0,1,0,0,0,25.0639815,121.5322456,0,9,20,9,10,19,0,0,1,20
1328,臺北市中山區龍江路443巷1~30號,19.6,5.0,4,41,73.15,2,1,1,0,11000000,150376,RPUNMLSJOHPFFCA78CA,1,1,0,109,462695.3846153846,60.30769230769231,225.0769230769231,1,0,0,0,0,0,0,0,0,0,0,0,0,1,0,0,0,25.0673213,121.541341,0,3,10,1,3,7,1,1,0,0
1329,臺北市中山區林森北路391~420號,6.34,12.0,4,39,77.46000000000001,2,2,2,1,8100000,104570,RPXOMLTJOHPFFCA66CA,1,1,0,109,321753.8461538461,19.507692307692306,238.33846153846156,1,0,0,0,0,0,0,0,0,0,0,0,1,0,0,0,0,25.0587529,121.5256823,0,20,20,16,10,20,0,1,1,1
1330,臺北市中山區林森北路451~480號,2.74,10.0,4,25,30.78,1,1,1,1,5730000,186160,RPOPMLTJOHPFFCA48CA,1,1,0,109,572800.0,8.430769230769231,94.70769230769231,1,0,0,0,0,0,0,0,0,0,0,0,0,0,1,0,0,25.0605292,121.5257599,0,20,20,20,11,20,2,1,1,1
1331,臺北市中山區新生北路三段1~30號,6.2,12.0,4,15,60.61,1,1,1,1,13300000,219436,RPRNMLLKOHPFFCA87CA,3,1,1,109,675187.6923076923,19.076923076923077,186.4923076923077,1,0,0,0,0,0,0,0,0,0,0,0,0,0,1,0,0,25.0628897,121.5281771,0,11,20,16,10,20,2,1,1,0
1332,臺北市中山區復興北路211~240號,27.36,14.0,4,35,131.69,3,2,2,1,27000000,205027,RPPNMLPKOHPFFCA08CA,1,1,0,109,630852.3076923076,84.18461538461538,405.2,1,0,0,0,0,0,0,0,0,0,0,0,1,0,0,0,0,25.056428,121.544505,0,20,20,8,16,20,0,1,1,0
1333,臺北市中山區民權東路一段31~60號,4.21,12.0,4,14,37.28,0,0,0,1,8050000,215933,RPPQMLMKOHPFFCA08CA,1,1,0,109,664409.2307692308,12.953846153846154,114.70769230769231,1,0,0,0,0,0,0,0,0,0,0,0,1,0,0,0,0,25.0629946,121.5241052,0,20,20,20,11,20,2,2,2,2
1334,臺北市中山區新生北路三段1~30號,5.89,11.0,4,9,57.72,0,1,1,1,10550000,182779,RPPNMLNKOHPFFCA87CA,1,1,0,109,562396.923076923,18.123076923076923,177.6,1,0,0,0,0,0,0,0,0,0,0,0,1,0,0,0,0,25.0628897,121.5281771,0,11,20,16,10,20,2,1,1,0
1335,臺北市中山區林森北路85巷61~90號,8.55,7.0,4,14,33.24,1,1,1,1,6720000,202166,RPPPMLMKOHPFFCA97CA,1,1,0,109,622049.2307692308,26.30769230769231,102.27692307692308,1,0,0,0,0,0,0,0,0,0,0,0,0,0,1,0,0,25.049411,121.527082,1,19,20,8,10,20,1,2,0,0
1336,臺北市中山區中山北路二段65巷2弄1~30號,9.39,7.0,4,11,50.2,2,2,1,1,10630000,211753,RPSOMLRKOHPFFCA78DA,1,1,0,109,651547.6923076923,28.892307692307693,154.46153846153845,1,0,0,0,0,0,0,0,0,0,0,0,0,0,0,1,0,25.0567317,121.5238219,0,20,20,15,9,20,0,0,1,1
1337,臺北市中山區松江路164巷61~90號,13.73,7.0,4,6,53.8,1,1,1,1,14450000,268587,RPWQMLSKOHPFFCA86DA,2,1,0,109,826421.5384615384,42.246153846153845,165.53846153846152,1,0,0,0,0,0,0,0,0,0,0,0,0,0,1,0,0,25.055712,121.5306762,1,20,20,6,10,20,2,3,1,0
1338,臺北市中山區中山北路二段128巷1~30號,10.46,10.0,4,10,56.01,1,1,1,1,14000000,249955,RPPNMLOKOHPFFCA08DA,1,1,0,109,769092.3076923076,32.184615384615384,172.33846153846153,1,0,0,0,0,0,0,0,0,0,0,0,0,0,1,0,0,25.0618431,121.5220979,0,20,20,20,13,20,2,3,3,1
1339,臺北市中山區新生北路二段127巷1~30號,31.67,3.0,3,55,73.31,2,2,1,0,18380000,250716,RPWRMLLKOHPFFCA78CA,1,1,0,109,771433.8461538461,97.44615384615385,225.56923076923076,1,0,0,0,0,0,0,0,0,0,0,0,0,1,0,0,0,25.0599838,121.5281421,0,15,20,18,10,20,2,1,1,0
1340,臺北市中山區林森北路241~270號,4.54,12.0,4,39,54.2,1,1,1,1,7800000,143885,RPRPMLRKOHPFFCA68CA,2,1,0,109,442723.07692307694,13.96923076923077,166.76923076923077,1,0,0,0,0,0,0,0,0,0,0,0,1,0,0,0,0,25.0538966,121.5254722,0,20,20,10,9,20,1,0,0,0
1341,臺北市中山區民生東路三段73巷1~30號,40.6,5.0,4,38,137.48,4,2,2,0,23350000,169843,RPQOMLKMPHPFFCA08CA,3,1,0,109,522593.8461538461,124.92307692307692,423.01538461538456,1,0,0,0,0,0,0,0,0,0,0,0,0,1,0,0,0,25.0583705,121.5436929,0,20,20,9,13,20,0,1,1,0
1342,臺北市中山區松江路431巷1~30號,26.4,5.0,4,44,92.86,3,2,1,0,15800000,170149,RPOQMLKKOHPFFCA77CA,1,1,0,109,523535.3846153846,81.23076923076923,285.7230769230769,1,0,0,0,0,0,0,0,0,0,0,0,0,1,0,0,0,25.065472,121.5349701,0,4,19,2,5,20,0,0,0,20
1343,臺北市中山區民生東路二段61~90號,7.82,7.0,4,41,42.05,1,1,1,1,6400000,152200,RPQQMLTJOHPFFCA78CA,1,1,0,109,468307.6923076923,24.06153846153846,129.38461538461536,1,0,0,0,0,0,0,0,0,0,0,0,0,0,0,1,0,25.058163,121.5297391,0,20,20,13,9,20,1,0,1,0
1344,臺北市中山區民生東路二段61~90號,8.21,7.0,4,41,45.69,1,1,1,1,6400000,140074,RPRQMLTJOHPFFCA88CA,1,1,0,109,430996.92307692306,25.261538461538464,140.58461538461538,1,0,0,0,0,0,0,0,0,0,0,0,0,0,0,1,0,25.058163,121.5297391,0,20,20,13,9,20,1,0,1,0
1345,臺北市中山區興安街1~30號,17.7,7.0,4,38,94.34,3,2,2,0,20500000,217299,RPRNMLKKOHPFFCA77CA,1,1,0,109,668612.3076923076,54.46153846153846,290.2769230769231,1,0,0,0,0,0,0,0,0,0,0,0,0,0,0,1,0,25.0562231,121.5411478,0,20,20,5,15,20,0,0,0,0
1346,臺北市中山區合江街1~30號,19.75,4.0,4,50,59.96,3,2,1,0,10880000,181454,RPWOMLKKOHPFFCA38CA,1,1,0,109,558320.0,60.76923076923077,184.4923076923077,1,0,0,0,0,0,0,0,0,0,0,0,0,1,0,0,0,25.0548463,121.5391576,1,20,20,5,14,20,1,2,0,0
1347,臺北市中山區松江路391~420號,29.21,17.0,4,6,350.15999999999997,4,2,3,1,86860000,281674,RPPPMLKKOHPFFCA77CA,2,1,1,109,866689.2307692308,89.87692307692308,1077.4153846153845,1,0,0,0,0,0,0,0,0,0,0,0,1,0,0,0,0,25.065064,121.533545,0,7,20,4,7,20,0,0,0,20
1348,臺北市中山區林森北路399巷1~30號,6.62,13.0,4,37,84.61999999999999,2,2,1,1,12280000,145119,RPPOMLLKOHPFFCA77CA,3,1,0,109,446520.0,20.369230769230768,260.36923076923074,1,0,0,0,0,0,0,0,0,0,0,0,1,0,0,0,0,25.059267,121.5256771,0,20,20,20,11,20,2,1,1,1
1349,臺北市中山區民權東路一段31~60號,4.26,12.0,4,14,49.19,2,2,2,1,9320000,189469,RPXOMLOKQHPFFCA09CA,1,1,1,109,582981.5384615385,13.107692307692307,151.35384615384615,1,0,0,0,0,0,0,0,0,0,0,0,1,0,0,0,0,25.0629946,121.5241052,0,20,20,20,11,20,2,2,2,2
1350,臺北市中山區新生北路三段61~90號,7.99,8.0,4,34,46.88,1,1,1,1,8225000,175448,RPPRMLSKOHPFFCA78CA,2,1,0,109,539840.0,24.584615384615386,144.24615384615385,1,0,0,0,0,0,0,0,0,0,0,0,0,0,1,0,0,25.0659966,121.5280981,0,12,20,14,14,20,2,1,1,1
1351,臺北市中山區南京東路三段216巷1~30號,24.25,4.0,4,50,68.39,2,2,1,0,12800000,187162,RPQPMLSKOHPFFCA68CA,1,1,0,109,575883.0769230769,74.61538461538461,210.43076923076922,1,0,0,0,0,0,0,0,0,0,0,0,0,1,0,0,0,25.0515917,121.5435458,0,20,20,11,13,20,2,2,1,0
1352,臺北市中山區長春路241~270號,3.67,11.0,4,25,32.28,1,1,1,1,7600000,235440,RPTOMLMLOHPFFCA38CA,3,1,0,109,724430.7692307692,11.292307692307691,99.32307692307693,1,0,0,0,0,0,0,0,0,0,0,0,0,0,1,0,0,25.054837,121.5393235,1,20,20,4,14,20,1,2,0,0
1353,臺北市中山區中山北路二段93巷1~30號,2.24,14.0,4,18,34.1,1,1,1,1,7480000,219419,RPSNMLMKOHPFFCA08CA,1,1,1,109,675135.3846153846,6.892307692307693,104.92307692307692,1,0,0,0,0,0,0,0,0,0,0,0,0,0,1,0,0,25.0594195,121.5233012,0,20,20,18,10,20,0,1,2,1
1354,臺北市中山區新生北路二段61~90號,2.29,12.0,4,41,24.18,1,1,1,1,3700000,153019,RPUNMLNKOHPFFCA38CA,1,1,0,109,470827.6923076923,7.046153846153846,74.39999999999999,1,0,0,0,0,0,0,0,0,0,0,0,0,0,1,0,0,25.0562845,121.5277511,0,20,20,9,13,20,1,0,0,0
1355,臺北市中山區渭水路3巷31~60號,5.28,7.0,4,42,31.42,0,0,0,1,6300000,200509,RPQQMLMKOHPFFCA18CA,1,1,0,109,616950.7692307692,16.246153846153845,96.67692307692307,1,0,0,0,0,0,0,0,0,0,0,0,0,0,0,1,0,25.0457075,121.5334319,1,15,18,5,7,20,1,0,1,0
1356,臺北市中山區民生東路三段88巷1~30號,23.45,13.0,4,35,113.76,3,2,2,1,22280000,195851,RPRPMLMKOHPFFCA18CA,1,1,0,109,602618.4615384615,72.15384615384615,350.03076923076924,1,0,0,0,0,0,0,0,0,0,0,0,1,0,0,0,0,25.0572556,121.5432725,0,20,20,9,15,20,0,1,1,0
1357,臺北市中山區中山北路二段77巷1~30號,4.01,10.0,4,39,37.620000000000005,0,0,0,1,6080000,161616,RPQNMLOKOHPFFCA08CA,1,1,0,109,497280.0,12.338461538461537,115.75384615384617,1,0,0,0,0,0,0,0,0,0,0,0,0,0,1,0,0,25.0576596,121.5230491,0,20,20,17,10,20,0,0,1,1
1358,臺北市中山區中山北路一段140巷1~30號,17.5,4.0,4,47,63.57,2,2,1,0,14000000,220230,RPPOMLQKOHPFFCA38DA,1,1,0,109,677630.7692307692,53.84615384615385,195.6,1,0,0,0,0,0,0,0,0,0,0,0,0,1,0,0,0,25.0513663,121.522237,0,20,20,7,11,20,0,2,1,0
1359,臺北市中山區復興北路481~510號,9.7,7.0,4,38,65.6,2,2,1,1,13000000,198171,RPTNMLNKOHPFFCA38DA,1,1,0,109,609756.923076923,29.846153846153843,201.8461538461538,1,0,0,0,0,0,0,0,0,0,0,0,0,0,0,1,0,25.0649001,121.5445193,0,16,12,1,1,3,1,2,1,0
1360,臺北市中山區松江路77巷1~30號,6.02,11.0,4,17,33.5,1,1,1,1,10800000,322388,RPSTMLOLOHPFFCA09DA,2,1,0,109,991963.0769230769,18.52307692307692,103.07692307692308,1,0,0,0,0,0,0,0,0,0,0,0,0,0,1,0,0,25.0497037,121.5339815,1,20,20,12,9,20,1,3,1,0
1361,臺北市中山區中山北路二段36巷31~60號,23.0,5.0,4,45,92.95,3,0,3,0,21320000,229371,RPTRMLMLOHPFFCA78DA,1,1,0,109,705756.923076923,70.76923076923077,286.0,1,0,0,0,0,0,0,0,0,0,0,0,0,1,0,0,0,25.0543817,121.5209443,0,20,20,6,8,20,1,2,2,0
1362,臺北市中山區林森北路119巷1~30號,14.61,6.0,4,22,55.97,3,1,1,1,8500000,157633,RPPTMLNLOHPFFCA68DA,1,1,1,109,485024.6153846154,44.95384615384615,172.2153846153846,1,0,0,0,0,0,0,0,0,0,0,0,0,0,0,1,0,25.0508342,121.5252532,0,20,20,9,10,20,0,0,0,0
1363,臺北市中山區錦州街331~360號,0.0,4.0,4,44,14.15,1,1,1,0,310000,21908,RPSQMLQKOHPFFCA88DA,0,1,0,109,67409.23076923077,0.0,43.53846153846154,1,0,0,0,0,0,0,0,0,0,0,0,0,1,0,0,0,25.0603641,121.5389614,0,17,20,8,9,20,1,0,0,14
1364,臺北市中山區錦州街331~360號,0.0,4.0,4,44,14.15,3,2,1,0,344444,24342,RPQOMLPKOHPFFCA38DA,0,1,0,109,74898.46153846153,0.0,43.53846153846154,1,0,0,0,0,0,0,0,0,0,0,0,0,1,0,0,0,25.0603641,121.5389614,0,17,20,8,9,20,1,0,0,14
1365,臺北市中山區復興北路511~540號,24.21,7.0,4,38,169.1,3,2,2,1,27580000,163099,RPWQMLMLOHPFFCA88CA,9,1,1,109,501843.0769230769,74.49230769230769,520.3076923076923,1,0,0,0,0,0,0,0,0,0,0,0,0,0,0,1,0,25.0657512,121.5445004,0,9,12,1,1,3,1,1,0,0
1366,臺北市中山區松江路84巷1~30號,12.01,8.0,4,36,81.7,4,2,2,0,17300000,211750,RPURMLMLOHPFFCA78CA,1,1,0,109,651538.4615384615,36.95384615384615,251.3846153846154,1,0,0,0,0,0,0,0,0,0,0,0,0,0,0,1,0,25.0501062,121.532436,1,20,20,13,11,20,1,2,1,0
1367,臺北市中山區民權西路61~90號,19.82,15.0,4,4,312.87,0,0,0,1,90300000,329726,RPPOMLMKOHPFFCA87CA,1,1,2,109,1014541.5384615384,60.98461538461538,962.676923076923,1,0,0,0,0,0,0,0,0,0,0,0,1,0,0,0,0,25.0630441,121.5201991,0,20,20,16,13,20,3,3,1,0
1368,臺北市中山區建國北路二段211~240號,24.17,15.0,4,11,301.47,0,0,0,1,54200000,179786,RPOPMLMKOHPFFCA87CA,2,1,2,109,553187.6923076923,74.36923076923077,927.6,1,0,0,0,0,0,0,0,0,0,0,0,1,0,0,0,0,25.0609391,121.5367209,0,20,20,9,9,20,0,0,1,18
1369,臺北市中山區農安街227巷3弄31~60號,24.66,7.0,4,37,131.22,3,1,2,0,22000000,167657,RPSPMLRKOHPFFCA78CA,2,1,0,109,515867.6923076923,75.87692307692308,403.75384615384615,1,0,0,0,0,0,0,0,0,0,0,0,0,0,0,1,0,25.0651135,121.5355483,0,5,18,2,5,20,0,0,0,20
1370,臺北市中山區明水路475巷1~30號,74.61,8.0,4,24,334.4,4,2,2,1,61500000,183911,RPPTMLQKOHPFFCA78CA,1,3,2,109,565880.0,229.56923076923076,1028.923076923077,1,0,0,0,0,0,0,0,0,0,0,0,0,0,0,1,0,25.0781959,121.5513427,0,6,4,1,9,11,1,0,1,0
1371,臺北市中山區伊通街1~30號,17.79,9.0,4,3,103.87,0,1,1,1,21460000,206604,RPSOMLPKOHPFFCA48CA,2,1,1,109,635704.6153846154,54.738461538461536,319.6,1,0,0,0,0,0,0,0,0,0,0,0,0,0,1,0,0,25.0480337,121.5348428,1,20,18,10,9,20,1,2,1,0
1372,臺北市中山區堤頂大道二段331~360號,84.52,11.0,4,18,248.88,2,2,3,1,61000000,245098,RPPPMLPKOHPFFCA28CA,1,1,0,109,754147.6923076923,260.0615384615384,765.7846153846153,1,0,0,0,0,0,0,0,0,0,0,0,1,0,0,0,0,25.0788843,121.5644025,0,14,12,1,13,20,2,1,1,0
1373,臺北市中山區民生東路二段147巷12弄1~30號,27.94,9.0,4,22,161.91,2,2,2,1,12000000,74115,RPWPMLPKOHPFFCA98CA,1,2,1,109,228046.15384615384,85.96923076923078,498.18461538461537,1,0,0,0,0,0,0,0,0,0,0,0,0,0,0,1,0,25.0598817,121.534549,1,20,20,10,7,20,1,0,1,18
1374,臺北市中山區民權西路31~60號,6.25,12.0,4,41,64.48,1,1,1,1,12800000,198511,RPXPMLPKOHPFFCA09CA,1,1,0,109,610803.0769230769,19.23076923076923,198.4,1,0,0,0,0,0,0,0,0,0,0,0,1,0,0,0,0,25.0630664,121.5214422,0,20,20,20,12,20,0,3,1,2
1375,臺北市中山區錦西街1~30號,19.62,7.0,4,40,107.17999999999999,3,1,2,1,20200000,188468,RPOOMLLJPHPFFCA67CA,1,1,0,109,579901.5384615385,60.36923076923077,329.78461538461534,1,0,0,0,0,0,0,0,0,0,0,0,0,0,0,1,0,25.0603714,121.5225367,0,20,20,20,12,20,0,2,3,1
1376,臺北市中山區松江路362巷31~60號,28.34,7.0,4,38,150.56,4,2,2,0,26500000,176010,RPRTMLOLOHPFFCA98DA,1,1,0,109,541569.2307692308,87.2,463.26153846153846,1,0,0,0,0,0,0,0,0,0,0,0,0,0,0,1,0,25.0620297,121.5320177,0,18,20,12,10,20,0,0,1,18
1377,臺北市中山區民權東路二段151~180號,31.75,4.0,4,47,82.87,5,0,5,0,12100000,146012,RPVNMLRLOHPFFCA09DA,1,1,0,109,449267.6923076923,97.6923076923077,254.98461538461538,1,0,0,0,0,0,0,0,0,0,0,0,0,1,0,0,0,25.0627194,121.5358858,0,13,20,9,8,20,0,0,1,19
1378,臺北市中山區龍江路412巷1~30號,25.0,4.0,4,45,70.0,2,2,1,0,10820000,154571,RPSNMLQKOHPFFCA48CA,1,1,0,109,475603.0769230769,76.92307692307692,215.3846153846154,1,0,0,0,0,0,0,0,0,0,0,0,0,1,0,0,0,25.0676769,121.5407527,0,3,9,1,2,8,1,0,0,0
1379,臺北市中山區林森北路571~600號,9.29,13.0,4,10,128.9,2,2,1,1,21160000,164158,RPTNMLQKOHPFFCA58CA,1,1,1,109,505101.53846153844,28.584615384615383,396.61538461538464,1,0,0,0,0,0,0,0,0,0,0,0,1,0,0,0,0,25.0649087,121.5256777,0,20,20,18,13,20,2,2,1,1
1380,臺北市中山區八德路二段241~270號,4.86,12.0,4,43,41.33,1,1,1,1,8100000,195984,RPRRMLQKOHPFFCA78CA,2,1,0,109,603027.6923076923,14.953846153846154,127.16923076923077,1,0,0,0,0,0,0,0,0,0,0,0,0,0,1,0,0,25.0469703,121.5407529,0,18,18,7,10,20,2,1,0,0
1381,臺北市中山區八德路二段88巷1~30號,29.75,4.0,4,46,87.22,1,1,1,0,22800000,261408,RPOOMLQKOHPFFCA18CA,1,1,0,109,804332.3076923076,91.53846153846153,268.36923076923074,1,0,0,0,0,0,0,0,0,0,0,0,0,1,0,0,0,25.045526,121.536,0,13,15,7,10,20,0,1,0,0
1382,臺北市中山區錦州街31~60號,3.38,13.0,4,37,37.86,0,0,0,1,4600000,121500,RPTSMLQKOHPFFCA09CA,3,1,0,109,373846.1538461538,10.399999999999999,116.49230769230769,1,0,0,0,0,0,0,0,0,0,0,0,1,0,0,0,0,25.0604245,121.5264838,0,20,20,20,9,20,2,1,1,1
1383,臺北市中山區復興北路271~300號,9.0,14.0,4,38,69.86,2,2,1,1,17500000,250501,RPPUMLQKOHPFFCA88CA,1,1,0,109,770772.3076923076,27.69230769230769,214.95384615384614,1,0,0,0,0,0,0,0,0,0,0,0,1,0,0,0,0,25.0574501,121.5444133,0,20,20,7,13,20,0,1,1,0
1384,臺北市中山區北安路595巷2弄1~30號,31.5,4.0,4,44,86.06,3,2,2,0,16450000,191146,RPSUMLQKOHPFFCA56CA,1,1,0,109,588141.5384615385,96.92307692307692,264.8,1,0,0,0,0,0,0,0,0,0,0,0,0,1,0,0,0,25.0818906,121.5481451,0,15,15,1,9,8,2,0,1,0
1385,臺北市中山區松江路160巷1~30號,21.19,5.0,4,29,108.69,0,0,0,0,27500000,253013,RPXPMLKLOHPFFCA68CA,2,1,0,109,778501.5384615384,65.2,334.4307692307692,1,0,0,0,0,0,0,0,0,0,0,0,0,1,0,0,0,25.0553763,121.5308047,1,20,20,6,8,20,2,3,1,0
1386,臺北市中山區松江路421~450號,27.55,17.0,4,6,321.66999999999996,3,2,2,1,82000000,254920,RPQNMLMLOHPFFCA97CA,2,1,2,109,784369.2307692308,84.76923076923077,989.753846153846,1,0,0,0,0,0,0,0,0,0,0,0,1,0,0,0,0,25.065377,121.533547,0,4,20,4,7,19,0,0,0,20
1387,臺北市中山區民生東路一段31~60號,5.67,12.0,4,36,61.2,2,1,1,1,10880000,177778,RPWNMLRKOHPFFCA98CA,1,1,0,109,547009.2307692308,17.446153846153845,188.30769230769232,1,0,0,0,0,0,0,0,0,0,0,0,1,0,0,0,0,25.0582147,121.5252053,0,20,20,16,12,20,0,1,1,1
1388,臺北市中山區林森北路416巷1~30號,6.6,11.0,4,45,68.53999999999999,2,1,1,1,9880000,144149,RPPOMLRKOHPFFCA38CA,1,1,0,109,443535.3846153846,20.307692307692307,210.89230769230767,1,0,0,0,0,0,0,0,0,0,0,0,1,0,0,0,0,25.059956,121.5248924,0,20,20,20,11,20,2,1,2,1
1389,臺北市中山區建國北路一段121~150號,3.97,13.0,4,11,31.07,1,1,1,1,8600000,276794,RPQOMLRKOHPFFCA48CA,1,1,0,109,851673.8461538461,12.215384615384616,95.6,1,0,0,0,0,0,0,0,0,0,0,0,0,0,1,0,0,25.0515458,121.5370066,1,20,20,12,10,20,1,3,1,0
1390,臺北市中山區雙城街31~60號,23.33,11.0,4,19,228.56,3,2,2,1,39680000,173609,RPPPMLMLOHPFFCA08CA,1,1,1,109,534181.5384615385,71.78461538461538,703.2615384615384,1,0,0,0,0,0,0,0,0,0,0,0,1,0,0,0,0,25.0664503,121.5243593,0,15,20,16,10,20,2,1,1,1
1391,臺北市中山區林森北路91~120號,15.52,12.0,4,33,168.65,1,1,1,1,26500000,157130,RPXPMLTLOHPFFCA96CA,2,1,0,109,483476.92307692306,47.75384615384615,518.9230769230769,1,0,0,0,0,0,0,0,0,0,0,0,1,0,0,0,0,25.0500055,121.5249729,0,20,20,9,11,20,0,0,0,0
1392,臺北市中山區八德路二段61~90號,9.42,11.0,4,15,45.72,1,1,2,1,12500000,273403,RPWRMLKMOHPFFCA88CA,1,1,0,109,841240.0,28.984615384615385,140.67692307692306,1,0,0,0,0,0,0,0,0,0,0,0,1,0,0,0,0,25.0452175,121.5348345,1,17,19,7,10,20,1,0,1,0
1393,臺北市中山區吉林路241~270號,120.0,4.0,4,48,365.85,0,0,0,0,59500000,162635,RPVPMLNLOHPFFCA88DA,1,4,0,109,500415.3846153846,369.2307692307692,1125.6923076923076,1,0,0,0,0,0,0,0,0,0,0,0,0,0,0,0,1,25.051276,121.5299271,1,20,20,11,10,20,2,2,1,0
1394,臺北市中山區農安街1~30號,6.86,12.0,4,21,62.47,0,1,1,1,9600000,183291,RPSPMLNLOHPFFCA58DA,1,1,1,109,563972.3076923076,21.107692307692307,192.2153846153846,1,0,0,0,0,0,0,0,0,0,0,0,0,0,1,0,0,25.0650285,121.523401,0,20,20,18,9,20,2,2,2,1
1395,臺北市中山區遼寧街76巷1~30號,11.04,5.0,4,18,36.72,3,1,1,1,8980000,244553,RPOOMLRLOHPFFCA48DA,1,1,0,109,752470.7692307692,33.96923076923076,112.98461538461538,1,0,0,0,0,0,0,0,0,0,0,0,0,0,0,1,0,25.0512262,121.5415911,0,20,20,10,11,20,1,2,1,0
1396,臺北市中山區五常街11巷1~30號,18.27,17.0,4,2,155.46,3,2,2,1,35600000,283597,RPUOMLKMOHPFFCA38CA,2,1,1,109,872606.1538461539,56.215384615384615,478.33846153846156,1,0,0,0,0,0,0,0,0,0,0,0,1,0,0,0,0,25.0645708,121.5377789,0,7,19,2,4,18,1,0,0,20
1397,臺北市中山區八德路二段271~300號,31.5,4.0,3,35,91.75,3,2,1,0,16100000,175477,RPPRMLMLOHPFFCA28CA,1,1,0,109,539929.2307692308,96.92307692307692,282.3076923076923,1,0,0,0,0,0,0,0,0,0,0,0,0,1,0,0,0,25.0471918,121.5415065,0,20,20,6,11,20,2,1,0,0
1398,臺北市中山區中山北路二段65巷1~30號,5.0,14.0,4,20,66.69,1,1,1,1,14950000,224172,RPPRMLRKOHPFFCA68CA,1,1,0,109,689760.0,15.384615384615383,205.2,1,0,0,0,0,0,0,0,0,0,0,0,0,0,1,0,0,25.0571759,121.52326,0,20,20,15,8,20,0,0,1,1
1399,臺北市中山區新生北路二段31~60號,8.16,17.0,4,25,79.62,2,2,1,1,15680000,196935,RPPNMLTKOHPFFCA48CA,1,1,0,109,605953.8461538461,25.107692307692307,244.98461538461538,1,0,0,0,0,0,0,0,0,0,0,0,1,0,0,0,0,25.0542013,121.5278274,0,20,20,9,11,20,1,1,0,0
1400,臺北市中山區松江路1~30號,4.63,15.0,4,25,49.410000000000004,1,1,1,1,9900000,200364,RPXNMLSKOHPFFCA56CA,2,1,0,109,616504.6153846154,14.246153846153845,152.03076923076924,1,0,0,0,0,0,0,0,0,0,0,0,0,0,1,0,0,25.045864,121.5331196,1,15,18,6,8,20,1,1,1,0
1401,臺北市中山區明水路581巷1~30號,47.01,10.0,4,26,242.71999999999997,5,2,2,1,48600000,200231,RPVOMLSKOHPFFCA09CA,1,1,2,109,616095.3846153846,144.64615384615382,746.8307692307691,1,0,0,0,0,0,0,0,0,0,0,0,0,0,0,1,0,25.080164,121.5509431,0,16,11,2,9,12,2,0,1,0
1402,臺北市中山區敬業三路162巷1~30號,47.09,10.0,4,21,155.43,3,2,1,1,32000000,205880,RPQQMLKLOHPFFCA08CA,1,1,0,109,633476.923076923,144.8923076923077,478.24615384615385,1,0,0,0,0,0,0,0,0,0,0,0,0,0,0,1,0,25.0791581,121.5572576,0,3,6,2,8,12,2,1,0,0
1403,臺北市中山區林森北路571~600號,16.11,13.0,4,10,187.5,2,2,2,1,39000000,208011,RPWNMLTKOHPFFCA56CA,1,1,1,109,640033.8461538461,49.569230769230764,576.9230769230769,1,0,0,0,0,0,0,0,0,0,0,0,1,0,0,0,0,25.0649087,121.5256777,0,20,20,18,13,20,2,2,1,1
1404,臺北市中山區中原街1~30號,3.69,7.0,4,44,22.54,0,0,0,1,4070000,180568,RPRRMLRJPHPFFCA88CA,1,1,0,109,555593.8461538461,11.353846153846153,69.35384615384615,1,0,0,0,0,0,0,0,0,0,0,0,0,0,0,1,0,25.0551651,121.5289176,0,20,20,6,9,20,1,1,0,0
1405,臺北市中山區新生北路二段72巷1~30號,5.21,10.0,4,45,29.32,0,0,0,1,4000000,136426,RPXPMLQJPHPFFCA56CA,1,1,0,109,419772.3076923077,16.03076923076923,90.21538461538461,1,0,0,0,0,0,0,0,0,0,0,0,0,0,0,1,0,25.0570753,121.5272195,0,16,20,10,9,20,1,0,0,0
1406,臺北市中山區吉林路391~420號,15.12,7.0,4,39,82.63,2,2,2,0,14450000,174876,RPXNMLTKOHPFFCA66CA,1,1,0,109,538080.0,46.52307692307692,254.24615384615382,1,0,0,0,0,0,0,0,0,0,0,0,0,0,0,1,0,25.065582,121.5305005,0,9,20,8,9,15,2,0,0,3
1407,臺北市中山區中山北路二段39巷1~30號,22.1,7.0,4,38,161.16,2,2,2,0,25300000,156987,RPROMLTKOHPFFCA78CA,1,1,0,109,483036.92307692306,68.0,495.87692307692305,1,0,0,0,0,0,0,0,0,0,0,0,0,0,0,1,0,25.0538445,121.5243827,0,20,20,11,9,20,1,0,1,0
1408,臺北市中山區松江路313巷1~30號,25.21,7.0,4,36,134.60999999999999,3,2,2,0,20000000,148577,RPPPMLKLOHPFFCA87CA,1,1,0,109,457160.0,77.56923076923077,414.1846153846153,1,0,0,0,0,0,0,0,0,0,0,0,0,0,0,1,0,25.0619008,121.533635,0,20,20,11,10,20,0,0,1,19
1409,臺北市中山區基湖路112巷31~60號,65.82,10.0,4,12,327.98,4,2,3,1,76000000,289697,RPQOMLRLOHPFFCA68DA,1,1,2,109,891375.3846153846,202.5230769230769,1009.1692307692308,1,0,0,0,0,0,0,0,0,0,0,0,0,0,0,1,0,25.0794096,121.5627225,0,11,12,2,11,20,2,1,0,0
1410,臺北市中山區長春路61~90號,5.06,12.0,4,43,45.37,1,1,1,1,6250000,137756,RPPOMLNJPHPFFCA08DA,1,1,0,109,423864.6153846154,15.569230769230767,139.6,1,0,0,0,0,0,0,0,0,0,0,0,0,0,1,0,0,25.0550126,121.5262836,0,20,20,9,8,20,1,0,0,0
1411,臺北市中山區龍江路55巷1~30號,19.83,4.0,3,53,60.46,5,3,2,0,13080000,216341,RPXQMLNJPHPFFCA09DA,1,1,0,109,665664.6153846154,61.015384615384605,186.03076923076924,1,0,0,0,0,0,0,0,0,0,0,0,0,1,0,0,0,25.0496386,121.540628,0,20,20,9,9,20,1,1,1,0
1412,臺北市中山區新生北路一段61~90號,10.02,14.0,4,33,79.28,2,2,1,1,16400000,206836,RPPNMLSLOHPFFCA58DA,1,1,0,109,636418.4615384615,30.830769230769228,243.93846153846152,1,0,0,0,0,0,0,0,0,0,0,0,1,0,0,0,0,25.0491044,121.5292611,1,20,20,10,9,20,1,2,0,0
1413,臺北市中山區長春路211~240號,5.25,12.0,4,27,64.93,2,1,1,1,13500000,207916,RPQNMLKMOHPFFCA87CA,2,1,0,109,639741.5384615385,16.153846153846153,199.7846153846154,1,0,0,0,0,0,0,0,0,0,0,0,1,0,0,0,0,25.0549272,121.5384467,1,20,20,6,13,20,2,2,0,0
1414,臺北市中山區農安街151~180號,23.25,7.0,4,39,128.09,2,2,2,0,20000000,156140,RPQPMLKLOHPFFCA97CA,1,1,0,109,480430.7692307692,71.53846153846153,394.1230769230769,1,0,0,0,0,0,0,0,0,0,0,0,0,0,0,1,0,25.0649401,121.530955,0,9,20,5,7,17,2,0,0,7
1415,臺北市中山區新生北路三段1~30號,5.86,12.0,4,36,60.05,2,1,1,1,10900000,181515,RPSPMLKLOHPFFCA18CA,2,1,0,109,558507.6923076923,18.03076923076923,184.76923076923075,1,0,0,0,0,0,0,0,0,0,0,0,1,0,0,0,0,25.0628897,121.5281771,0,11,20,16,10,20,2,1,1,0
1416,臺北市中山區民權西路61~90號,15.61,15.0,4,4,199.39999999999998,0,0,0,1,69980000,350953,RPROMLMLOHPFFCA18CA,1,1,0,109,1079855.3846153845,48.03076923076923,613.5384615384614,1,0,0,0,0,0,0,0,0,0,0,0,1,0,0,0,0,25.0630441,121.5201991,0,20,20,16,13,20,3,3,1,0
1417,臺北市中山區民權西路61~90號,9.78,15.0,4,4,254.57999999999998,0,0,0,1,60020000,350958,RPSOMLMLOHPFFCA28CA,1,1,5,109,1079870.7692307692,30.09230769230769,783.3230769230769,1,0,0,0,0,0,0,0,0,0,0,0,1,0,0,0,0,25.0630441,121.5201991,0,20,20,16,13,20,3,3,1,0
1418,臺北市中山區新生北路三段56巷1~30號,3.81,12.0,4,40,40.0,1,1,1,1,6180000,154500,RPVQMLKLOHPFFCA58CA,1,1,0,109,475384.6153846154,11.723076923076922,123.07692307692307,1,0,0,0,0,0,0,0,0,0,0,0,0,0,1,0,0,25.0654685,121.5273556,0,15,20,16,12,20,2,1,1,1
1419,臺北市中山區松江路64巷1~30號,14.46,7.0,4,5,100.25999999999999,2,1,1,1,17180000,171354,RPXNMLMLOHPFFCA68CA,1,1,1,109,527243.0769230769,44.49230769230769,308.49230769230763,1,0,0,0,0,0,0,0,0,0,0,0,0,0,0,1,0,25.0490852,121.532266,1,20,20,13,9,20,1,2,1,0
1420,臺北市中山區農安街151~180號,35.1,5.0,4,41,122.56,7,7,1,0,19800000,161554,RPQTMLQJQHPFFCA98CA,1,1,0,109,497089.23076923075,108.0,377.1076923076923,1,0,0,0,0,0,0,0,0,0,0,0,0,1,0,0,0,25.0649401,121.530955,0,9,20,5,7,17,2,0,0,7
1421,臺北市中山區松江路188巷1~30號,16.06,6.0,4,5,76.82,1,1,1,1,25000000,325436,RPPRMLPKPHPFFCA58CA,1,1,1,109,1001341.5384615384,49.41538461538461,236.36923076923074,1,0,0,0,0,0,0,0,0,0,0,0,0,0,0,1,0,25.0568621,121.5326069,1,20,20,10,10,20,2,2,1,0
1422,臺北市中山區雙城街46巷1~30號,6.07,6.0,4,40,33.57,1,1,1,1,5920000,176348,RPXNMLQJPHPFFCA98CA,1,1,0,109,542609.2307692308,18.676923076923078,103.29230769230769,1,0,0,0,0,0,0,0,0,0,0,0,0,0,1,0,0,25.0676057,121.5241331,0,11,17,15,15,18,1,1,0,1
1423,臺北市中山區民生東路一段1~30號,2.55,12.0,4,41,27.78,1,1,1,0,3600000,129590,RPSTMLTJPHPFFCA76CA,1,1,0,109,398738.4615384615,7.846153846153845,85.47692307692307,1,0,0,0,0,0,0,0,0,0,0,0,0,0,1,0,0,25.0579831,121.5250958,0,20,20,16,12,20,0,1,1,1
1424,臺北市中山區民生西路31~60號,4.07,12.0,4,30,30.67,1,1,1,0,5600000,182589,RPUTMLTJPHPFFCA96CA,2,1,0,109,561812.3076923076,12.523076923076923,94.36923076923077,1,0,0,0,0,0,0,0,0,0,0,0,0,0,1,0,0,25.0578524,121.5211255,0,20,20,16,11,20,0,1,1,1
1425,臺北市中山區松江路77巷1~30號,6.02,11.0,4,17,33.5,0,0,0,1,11000000,328358,RPURMLNKPHPFFCA88CA,2,1,0,109,1010332.3076923076,18.52307692307692,103.07692307692308,1,0,0,0,0,0,0,0,0,0,0,0,0,0,1,0,0,25.0497037,121.5339815,1,20,20,12,9,20,1,3,1,0
1426,臺北市中山區吉林路391~420號,29.5,4.0,4,49,81.53,3,2,2,0,11680000,143260,RPRNMLNLOHPFFCA18CA,1,1,0,109,440800.0,90.76923076923076,250.86153846153846,1,0,0,0,0,0,0,0,0,0,0,0,0,1,0,0,0,25.065582,121.5305005,0,9,20,8,9,15,2,0,0,3
1427,臺北市中山區錦州街31~60號,2.83,13.0,4,37,31.01,1,0,1,1,4200000,135440,RPVPMLMLOHPFFCA68CA,3,1,0,109,416738.4615384615,8.707692307692307,95.41538461538461,1,0,0,0,0,0,0,0,0,0,0,0,0,0,1,0,0,25.0604245,121.5264838,0,20,20,20,9,20,2,1,1,1
1428,臺北市中山區天津街31~60號,5.24,8.0,4,34,40.88,2,1,1,1,7380000,180528,RPRQMLMLOHPFFCA38CA,1,1,0,109,555470.7692307692,16.123076923076923,125.78461538461539,1,0,0,0,0,0,0,0,0,0,0,0,0,0,0,1,0,25.0487508,121.5227075,0,20,20,10,6,20,0,1,2,0
1429,臺北市中山區雙城街3巷1~30號,8.17,15.0,4,26,53.46,1,1,1,1,10400000,194538,RPVNMLOLOHPFFCA78DA,1,1,0,109,598578.4615384615,25.138461538461538,164.4923076923077,1,0,0,0,0,0,0,0,0,0,0,0,0,0,1,0,0,25.0633663,121.5244776,0,20,20,20,11,20,2,2,2,1
1430,臺北市中山區長安東路一段1~30號,4.84,13.0,4,14,47.95,1,1,1,0,10000000,208551,RPXNMLNLOHPFFCA88DA,1,1,0,109,641695.3846153846,14.892307692307691,147.53846153846155,1,0,0,0,0,0,0,0,0,0,0,0,0,0,1,0,0,25.049818,121.522081,0,20,20,7,8,20,0,2,1,0
1431,臺北市中山區長春路1~30號,3.69,14.0,4,11,41.980000000000004,1,1,1,1,10580000,252025,RPSNMLNLOHPFFCA28CA,1,1,0,109,775461.5384615384,11.353846153846153,129.16923076923078,1,0,0,0,0,0,0,0,0,0,0,0,0,0,1,0,0,25.054352,121.547018,0,20,20,20,12,20,0,1,1,0
1432,臺北市中山區新生北路三段1~30號,2.79,14.0,4,40,27.48,1,1,1,1,4500000,163755,RPSRMLMLOHPFFCA58CA,1,1,0,109,503861.53846153844,8.584615384615384,84.55384615384615,1,0,0,0,0,0,0,0,0,0,0,0,0,0,1,0,0,25.0628897,121.5281771,0,11,20,16,10,20,2,1,1,0
1433,臺北市中山區長安東路一段65巷1~30號,21.91,7.0,4,7,97.22999999999999,1,2,1,0,20180000,207549,RPSRMLNLOHPFFCA68CA,1,1,0,109,638612.3076923076,67.41538461538461,299.16923076923075,1,0,0,0,0,0,0,0,0,0,0,0,0,0,0,1,0,25.0488455,121.5276297,1,18,20,7,9,20,1,2,0,0
1434,臺北市中山區新生北路二段68巷1~30號,6.2,13.0,4,13,73.84,2,1,1,1,15500000,209913,RPSSMLNLOHPFFCA78CA,1,1,0,109,645886.1538461539,19.076923076923077,227.2,1,0,0,0,0,0,0,0,0,0,0,0,1,0,0,0,0,25.056497,121.526841,0,20,20,11,11,20,1,0,0,0
1435,臺北市中山區天祥路47巷1~30號,32.37,6.0,4,17,176.62,3,2,2,0,35000000,198166,RPXNMLTLOHPFFCA76CA,2,1,1,109,609741.5384615385,99.6,543.4461538461538,1,0,0,0,0,0,0,0,0,0,0,0,0,0,0,1,0,25.0622245,121.5211508,0,20,20,20,11,20,1,3,2,1
1436,臺北市中山區合江街1~30號,4.99,9.0,4,13,30.67,0,0,0,1,7300000,238018,RPVRMLNKPHPFFCA98CA,1,1,0,109,732363.0769230769,15.353846153846154,94.36923076923077,1,0,0,0,0,0,0,0,0,0,0,0,0,0,1,0,0,25.0548463,121.5391576,1,20,20,5,14,20,1,2,0,0
1437,臺北市中山區農安街227巷3弄1~30號,26.0,5.0,4,44,88.62,2,2,1,0,12650000,142744,RPOPMLRJPHPFFCA38CA,1,1,0,109,439212.3076923077,80.0,272.67692307692306,1,0,0,0,0,0,0,0,0,0,0,0,0,1,0,0,0,25.0652509,121.5340077,0,4,20,3,8,20,0,0,0,20
1438,臺北市中山區新生北路三段56巷1~30號,3.81,12.0,4,40,40.0,2,1,1,1,7500000,187500,RPUOMLRJPHPFFCA88CA,1,1,0,109,576923.0769230769,11.723076923076922,123.07692307692307,1,0,0,0,0,0,0,0,0,0,0,0,0,0,1,0,0,25.0654685,121.5273556,0,15,20,16,12,20,2,1,1,1
1439,臺北市中山區新生北路二段31~60號,8.3,17.0,4,25,80.71,2,2,1,1,16800000,208153,RPWOMLQJPHPFFCA98CA,1,1,0,109,640470.7692307692,25.53846153846154,248.3384615384615,1,0,0,0,0,0,0,0,0,0,0,0,1,0,0,0,0,25.0542013,121.5278274,0,20,20,9,11,20,1,1,0,0
1440,臺北市中山區民權東路二段152巷22弄1~30號,35.75,4.0,4,49,98.66,5,3,3,0,21000000,212852,RPXOMLQJPHPFFCA09CA,1,1,0,109,654929.2307692308,110.0,303.5692307692307,1,0,0,0,0,0,0,0,0,0,0,0,0,1,0,0,0,25.060769,121.534933,0,20,20,9,7,20,0,0,1,18
1441,臺北市中山區長安東路二段31~60號,14.26,7.0,4,42,76.82,2,2,1,1,12000000,156209,RPSQMLTJPHPFFCA09CA,4,1,0,109,480643.0769230769,43.87692307692308,236.36923076923074,1,0,0,0,0,0,0,0,0,0,0,0,0,0,0,1,0,25.048623,121.5311785,1,20,20,11,8,20,1,2,1,0
1442,臺北市中山區民生東路一段70巷1~30號,6.55,7.0,4,14,31.86,1,1,1,1,6250000,196171,RPWOMLRJPHPFFCA09CA,1,1,0,109,603603.0769230769,20.153846153846153,98.03076923076922,1,0,0,0,0,0,0,0,0,0,0,0,0,0,1,0,0,25.0576197,121.5264837,0,20,20,17,7,20,1,1,0,1
1443,臺北市中山區新生北路三段56巷1~30號,4.01,12.0,4,40,43.06,1,1,1,1,6000000,139340,RPOUMLQKPHPFFCA88CA,1,1,0,109,428738.4615384615,12.338461538461537,132.4923076923077,1,0,0,0,0,0,0,0,0,0,0,0,0,0,1,0,0,25.0654685,121.5273556,0,15,20,16,12,20,2,1,1,1
1444,臺北市中山區松江路1~30號,3.4,12.0,4,34,38.47,1,1,1,1,7450000,193657,RPOPMLNJPHPFFCA97CA,1,1,0,109,595867.6923076923,10.461538461538462,118.36923076923077,1,0,0,0,0,0,0,0,0,0,0,0,0,0,1,0,0,25.045864,121.5331196,1,15,18,6,8,20,1,1,1,0
1445,臺北市中山區龍江路241~270號,23.57,7.0,4,41,126.96,3,2,2,0,22000000,173283,RPTPMLOLOHPFFCA68CA,1,1,0,109,533178.4615384615,72.52307692307693,390.6461538461538,1,0,0,0,0,0,0,0,0,0,0,0,0,0,0,1,0,25.0584445,121.5408121,0,20,20,7,9,20,0,0,1,0
1446,臺北市中山區德惠街1~30號,4.16,10.0,4,39,40.26,1,1,1,1,6400000,158967,RPSNMLOLOHPFFCA38CA,1,1,0,109,489129.23076923075,12.8,123.87692307692306,1,0,0,0,0,0,0,0,0,0,0,0,0,0,1,0,0,25.0668904,121.5229555,0,17,20,15,12,20,1,1,0,1
1447,臺北市中山區民生東路一段27巷1~30號,6.3,12.0,4,21,43.74,1,1,1,1,8180000,187014,RPUNMLOLOHPFFCA58CA,1,1,0,109,575427.6923076923,19.384615384615383,134.58461538461538,1,0,0,0,0,0,0,0,0,0,0,0,0,0,1,0,0,25.058287,121.5249513,0,20,20,16,13,20,0,1,1,1
1448,臺北市中山區新生北路二段60巷31~60號,17.73,6.0,4,24,82.91,2,1,1,1,12850000,154987,RPUSMLNLOHPFFCA98CA,1,1,1,109,476883.0769230769,54.55384615384615,255.10769230769228,1,0,0,0,0,0,0,0,0,0,0,0,0,0,0,1,0,25.0557852,121.5264657,0,20,20,8,8,20,1,0,0,0
1449,臺北市中山區林森北路557巷1~30號,13.58,9.0,4,11,73.77,2,1,1,1,14750000,199946,RPXQMLNLOHPFFCA09CA,1,1,0,109,615218.4615384615,41.784615384615385,226.98461538461535,1,0,0,0,0,0,0,0,0,0,0,0,0,0,0,1,0,25.0644594,121.5261597,0,20,20,17,14,20,2,2,1,1
1450,臺北市中山區松江路431巷1~30號,26.4,5.0,4,44,90.94,2,2,1,0,14800000,162745,RPRNMLPJPHPFFCA38DA,1,1,0,109,500753.8461538461,81.23076923076923,279.8153846153846,1,0,0,0,0,0,0,0,0,0,0,0,0,1,0,0,0,25.065472,121.5349701,0,4,19,2,5,20,0,0,0,20
1451,臺北市中山區新生北路二段91~120號,9.4,12.0,4,39,102.91,3,2,2,1,8000000,77738,RPUQMLKMOHPFFCA68DA,3,1,0,970,239193.84615384616,28.923076923076923,316.6461538461538,1,0,0,0,0,0,0,0,0,0,0,0,1,0,0,0,0,25.0573288,121.5278946,0,15,20,9,10,20,1,0,0,0
1452,臺北市中山區民權東路二段1~30號,4.22,7.0,4,45,29.049999999999997,1,0,1,1,4970000,171084,RPPNMLMJPHPFFCA87DA,1,1,0,109,526412.3076923076,12.984615384615383,89.38461538461537,1,0,0,0,0,0,0,0,0,0,0,0,0,0,1,0,0,25.0628844,121.5280983,0,12,20,17,10,20,2,1,1,1
1453,臺北市中山區建國北路一段31~60號,17.44,12.0,4,36,135.47,4,2,2,1,26280000,193991,RPUQMLSJPHPFFCA66DA,1,1,0,109,596895.3846153846,53.66153846153846,416.8307692307692,1,0,0,0,0,0,0,0,0,0,0,0,1,0,0,0,0,25.047585,121.5370531,0,20,15,11,8,20,1,1,0,0
1454,臺北市中山區合江街170巷1~30號,39.2,5.0,4,39,150.76,3,2,2,0,34000000,225524,RPOTMLOLOHPFFCA58CA,1,1,0,109,693920.0,120.61538461538461,463.87692307692305,1,0,0,0,0,0,0,0,0,0,0,0,0,1,0,0,0,25.0607904,121.53893,0,17,19,8,8,20,1,0,0,16
1455,臺北市中山區新生北路一段61~90號,9.26,12.0,4,21,62.81,1,1,1,1,12080000,192326,RPWSMLOLOHPFFCA66CA,1,1,0,109,591772.3076923076,28.49230769230769,193.26153846153846,1,0,0,0,0,0,0,0,0,0,0,0,1,0,0,0,0,25.0491044,121.5292611,1,20,20,10,9,20,1,2,0,0
1456,臺北市中山區明水路361~390號,35.18,15.0,4,25,193.95,3,2,2,1,50660000,261201,RPTOMLMKQHPFFCA48CA,1,1,1,109,803695.3846153846,108.24615384615385,596.7692307692307,1,0,0,0,0,0,0,0,0,0,0,0,1,0,0,0,0,25.0776539,121.5452,0,0,4,1,6,5,2,2,1,0
1457,臺北市中山區民生東路三段88巷1~30號,11.73,13.0,4,35,57.22,3,1,2,1,10600000,185250,RPXPMLMKQHPFFCA98CA,1,1,1,109,570000.0,36.09230769230769,176.06153846153845,1,0,0,0,0,0,0,0,0,0,0,0,1,0,0,0,0,25.0572556,121.5432725,0,20,20,9,15,20,0,1,1,0
1458,臺北市中山區大直街33巷1~30號,30.3,5.0,4,37,107.58000000000001,3,2,2,0,17000000,158022,RPXOMLKKPHPFFCA58CA,1,1,0,109,486221.53846153844,93.23076923076923,331.0153846153846,1,0,0,0,0,0,0,0,0,0,0,0,0,1,0,0,0,25.0821721,121.5465688,0,9,12,1,9,3,2,0,1,0
1459,臺北市中山區民生東路一段61~90號,9.84,11.0,4,29,112.19,3,2,2,1,15400000,137267,RPVSMLQJPHPFFCA66CA,1,1,1,109,422360.0,30.276923076923076,345.2,1,0,0,0,0,0,0,0,0,0,0,0,1,0,0,0,0,25.0581862,121.5265178,0,20,20,17,7,20,0,1,0,1
1460,臺北市中山區林森北路241~270號,3.03,12.0,4,39,35.980000000000004,1,1,1,1,4390000,122012,RPQNMLLKPHPFFCA87CA,2,1,0,109,375421.53846153844,9.323076923076922,110.70769230769231,1,0,0,0,0,0,0,0,0,0,0,0,0,0,1,0,0,25.0538966,121.5254722,0,20,20,10,9,20,1,0,0,0
1461,臺北市中山區民生東路一段27巷1~30號,12.53,12.0,4,21,89.82,2,2,1,1,15000000,167019,RPVTMLRJPHPFFCA86CA,1,2,1,109,513904.6153846154,38.55384615384615,276.36923076923074,1,0,0,0,0,0,0,0,0,0,0,0,1,0,0,0,0,25.058287,121.5249513,0,20,20,16,13,20,0,1,1,1
1462,臺北市中山區林森北路133巷61~90號,25.33,3.0,3,35,67.87,3,1,1,0,9688000,142743,RPSPMLLLPHPFFCA38CA,1,1,0,109,439209.23076923075,77.93846153846152,208.83076923076925,1,0,0,0,0,0,0,0,0,0,0,0,0,1,0,0,0,25.050808,121.5273074,0,20,20,10,8,20,2,2,0,0
1463,臺北市中山區合江街20巷1~30號,13.2,5.0,4,37,47.13,2,2,2,0,9750000,206875,RPTTMLMJPHPFFCA78CA,2,1,0,109,636538.4615384615,40.61538461538461,145.01538461538462,1,0,0,0,0,0,0,0,0,0,0,0,0,1,0,0,0,25.0550859,121.538119,1,20,20,6,14,20,1,2,0,0
1464,臺北市中山區中山北路二段85巷1~30號,11.28,7.0,4,2,59.33,1,1,1,1,16650000,280634,RPWNMLOJPHPFFCA68CA,1,1,0,109,863489.2307692308,34.707692307692305,182.55384615384614,1,0,0,0,0,0,0,0,0,0,0,0,0,0,1,0,0,25.0588815,121.5235197,0,20,20,19,10,20,0,1,1,1
1465,臺北市中山區新生北路二段68巷1~30號,4.02,12.0,4,13,43.58,0,0,0,1,8700000,199633,RPWPMLNJPHPFFCA78CA,1,1,0,109,614255.3846153846,12.369230769230768,134.09230769230768,1,0,0,0,0,0,0,0,0,0,0,0,0,0,1,0,0,25.056497,121.526841,0,20,20,11,11,20,1,0,0,0
1466,臺北市中山區農安街1~30號,9.07,13.0,4,14,93.35,3,2,2,1,19300000,206749,RPQUMLMJPHPFFCA68DA,1,1,0,109,636150.7692307692,27.907692307692308,287.2307692307692,1,0,0,0,0,0,0,0,0,0,0,0,1,0,0,0,0,25.0650285,121.523401,0,20,20,18,9,20,2,2,2,1
1467,臺北市中山區明水路571~600號,39.59,14.0,4,23,212.73000000000002,4,2,2,1,50750000,257004,RPTOMLOJPHPFFCA58DA,1,1,1,109,790781.5384615384,121.81538461538462,654.5538461538462,1,0,0,0,0,0,0,0,0,0,0,0,1,0,0,0,0,25.0798567,121.5515087,0,14,7,2,9,13,1,0,1,0
1468,臺北市中山區松江路25巷1~30號,5.8,11.0,4,13,30.700000000000003,1,1,1,1,8800000,286645,RPQTMLQJPHPFFCA98DA,1,1,0,109,881984.6153846154,17.846153846153847,94.46153846153847,1,0,0,0,0,0,0,0,0,0,0,0,0,0,1,0,0,25.0472178,121.5333921,1,19,20,8,10,20,2,1,0,0
1469,臺北市中山區林森北路67巷121~150號,32.6,5.0,4,45,116.44,3,2,2,0,19060000,163689,RPTNMLLKPHPFFCA28DA,1,1,0,109,503658.4615384615,100.3076923076923,358.2769230769231,1,0,0,0,0,0,0,0,0,0,0,0,0,1,0,0,0,25.047915,121.5282468,1,18,20,7,7,20,1,1,0,0
1470,臺北市中山區龍江路21巷1~30號,24.6,5.0,4,39,93.72,3,2,2,0,19000000,202732,RPXNMLMJPHPFFCA58CA,2,1,0,109,623790.7692307692,75.6923076923077,288.36923076923074,1,0,0,0,0,0,0,0,0,0,0,0,0,1,0,0,0,25.0478421,121.5406585,0,20,15,7,8,20,2,1,0,0
1471,臺北市中山區農安街1~30號,6.47,14.0,4,12,106.80000000000001,3,2,2,1,19380000,181461,RPQPMLNJPHPFFCA18CA,1,1,0,109,558341.5384615385,19.907692307692308,328.61538461538464,1,0,0,0,0,0,0,0,0,0,0,0,1,0,0,0,0,25.0650285,121.523401,0,20,20,18,9,20,2,2,2,1
1472,臺北市中山區敬業三路162巷31~60號,47.09,8.0,4,21,155.23,2,2,2,1,35000000,225472,RPTTMLMLPHPFFCA98CA,1,1,0,109,693760.0,144.8923076923077,477.6307692307692,1,0,0,0,0,0,0,0,0,0,0,0,0,0,0,1,0,25.079056,121.557962,0,3,6,2,9,12,2,1,0,0
1473,臺北市中山區明水路541~570號,41.42,16.0,4,26,234.36,4,2,2,1,52300000,223151,RPQSMLQKPHPFFCA88CA,1,1,1,109,686618.4615384615,127.44615384615385,721.1076923076923,1,0,0,0,0,0,0,0,0,0,0,0,1,0,0,0,0,25.078471,121.551841,0,7,5,1,8,11,1,0,1,0
1474,臺北市中山區松江路235巷31~60號,30.06,7.0,4,42,150.36,4,2,2,1,29300000,194866,RPQRMLSJPHPFFCA88CA,1,1,0,109,599587.6923076923,92.49230769230769,462.6461538461539,1,0,0,0,0,0,0,0,0,0,0,0,0,0,0,1,0,25.0589429,121.5347639,1,20,20,11,8,20,1,2,1,16
1475,臺北市中山區新生北路二段91~120號,2.54,14.0,4,42,36.83,0,0,0,1,3600000,97746,RPRRMLSJPHPFFCA98CA,1,1,0,109,300756.92307692306,7.815384615384615,113.32307692307691,1,0,0,0,0,0,0,0,0,0,0,0,1,0,0,0,0,25.0573288,121.5278946,0,15,20,9,10,20,1,0,0,0
1476,臺北市中山區中山北路一段121巷1~30號,22.0,4.0,4,50,69.44,1,2,1,0,8000000,115207,RPROMLQJPHPFFCA48CA,1,1,0,109,354483.07692307694,67.6923076923077,213.66153846153844,1,0,0,0,0,0,0,0,0,0,0,0,0,1,0,0,0,25.051339,121.52284,0,20,20,7,9,20,0,2,1,0
1477,臺北市中山區松江路170巷1~30號,9.52,11.0,4,4,49.67,0,0,0,1,16500000,332192,RPVOMLQJPHPFFCA88CA,1,1,0,109,1022129.2307692308,29.29230769230769,152.83076923076922,1,0,0,0,0,0,0,0,0,0,0,0,1,0,0,0,0,25.0561997,121.5331293,1,20,20,9,12,20,2,2,2,0
1478,臺北市中山區八德路二段271~300號,36.5,4.0,4,47,127.75,3,2,2,0,21250000,166341,RPSRMLQJPHPFFCA88CA,1,1,0,109,511818.4615384615,112.3076923076923,393.07692307692304,1,0,0,0,0,0,0,0,0,0,0,0,0,1,0,0,0,25.0471918,121.5415065,0,20,20,6,11,20,2,1,0,0
1479,臺北市中山區新生北路三段93巷1~30號,34.5,4.0,3,52,86.78,3,2,2,0,9800000,112929,RPRPMLQJPHPFFCA58CA,2,1,0,109,347473.8461538461,106.15384615384615,267.0153846153846,1,0,0,0,0,0,0,0,0,0,0,0,0,1,0,0,0,25.0676601,121.5290936,0,5,15,4,14,10,0,0,0,1
1480,臺北市中山區中山北路二段77巷1~30號,3.86,11.0,4,44,27.74,1,1,1,1,4650000,167628,RPUNMLNKPHPFFCA48CA,1,1,0,109,515778.4615384615,11.876923076923076,85.35384615384615,1,0,0,0,0,0,0,0,0,0,0,0,0,0,1,0,0,25.0576596,121.5230491,0,20,20,17,10,20,0,0,1,1
1481,臺北市中山區林森北路107巷1~30號,4.51,8.0,4,39,26.380000000000003,0,0,0,0,4100000,155421,RPXRMLNKPHPFFCA56CA,1,1,0,109,478218.4615384615,13.876923076923076,81.16923076923078,1,0,0,0,0,0,0,0,0,0,0,0,0,0,1,0,0,25.0503743,121.5252543,0,20,20,9,10,20,0,0,0,0
1482,臺北市中山區五常街11巷1~30號,17.76,17.0,4,2,117.23,3,2,2,1,33000000,281498,RPQPMLTJPHPFFCA78CA,2,1,0,109,866147.6923076923,54.64615384615385,360.7076923076923,1,0,0,0,0,0,0,0,0,0,0,0,1,0,0,0,0,25.0645708,121.5377789,0,7,19,2,4,18,1,0,0,20
1483,臺北市中山區建國北路一段31~60號,6.12,14.0,4,14,57.150000000000006,1,1,1,1,10800000,188976,RPQQMLTJPHPFFCA88CA,1,1,1,109,581464.6153846154,18.83076923076923,175.84615384615387,1,0,0,0,0,0,0,0,0,0,0,0,0,0,1,0,0,25.047585,121.5370531,0,20,15,11,8,20,1,1,0,0
1484,臺北市中山區撫順街41巷1~30號,4.58,10.0,4,32,40.160000000000004,1,1,1,1,3450000,85906,RPQQMLOKPHPFFCA48CA,1,1,0,109,264326.1538461538,14.092307692307692,123.56923076923077,1,0,0,0,0,0,0,0,0,0,0,0,0,0,1,0,0,25.064013,121.5193822,0,20,20,13,9,20,3,3,1,0
1485,臺北市中山區合江街83巷1~30號,39.25,4.0,4,45,116.08,3,2,2,0,28000000,241213,RPTPMLMLPHPFFCA58CA,1,1,0,109,742193.8461538461,120.76923076923076,357.16923076923075,1,0,0,0,0,0,0,0,0,0,0,0,0,1,0,0,0,25.0591885,121.5394589,0,20,20,4,12,20,0,0,0,5
1486,臺北市中山區朱崙街31~60號,23.16,11.0,4,7,203.54000000000002,4,2,2,1,22000000,106978,RPXQMLMJPHPFFCA88CA,1,1,2,109,329163.07692307694,71.26153846153846,626.2769230769231,1,0,0,0,0,0,0,0,0,0,0,0,1,0,0,0,0,25.0500866,121.5409333,0,20,20,10,10,20,1,1,1,0
1487,臺北市中山區中山北路一段121巷31~60號,10.19,14.0,4,10,96.39999999999999,2,1,1,1,20080000,208299,RPSSMLMJPHPFFCA58CA,1,1,0,109,640920.0,31.353846153846153,296.6153846153846,1,0,0,0,0,0,0,0,0,0,0,0,1,0,0,0,0,25.0509211,121.5245641,0,20,20,10,10,20,0,0,1,0
1488,臺北市中山區基湖路145巷1~30號,64.34,7.0,4,2,260.3,0,2,2,1,53780000,206608,RPPPMLNJPHPFFCA08CA,1,1,2,109,635716.923076923,197.96923076923076,800.9230769230769,1,0,0,0,0,0,0,0,0,0,0,0,0,0,0,1,0,25.0781035,121.5643601,0,14,10,0,15,20,2,1,0,0
1489,臺北市中山區大直街67巷1~30號,38.75,4.0,4,45,110.98,3,2,2,0,20600000,185619,RPVOMLMJPHPFFCA48CA,1,1,0,109,571135.3846153846,119.23076923076923,341.4769230769231,1,0,0,0,0,0,0,0,0,0,0,0,0,1,0,0,0,25.083829,121.546626,0,9,10,0,7,3,1,0,1,0
1490,臺北市中山區民生東路一段61~90號,5.85,12.0,4,32,43.120000000000005,0,0,0,1,6800000,157699,RPOQMLMJPHPFFCA97CA,1,2,0,109,485227.6923076923,18.0,132.6769230769231,1,0,0,0,0,0,0,0,0,0,0,0,0,0,1,0,0,25.0581862,121.5265178,0,20,20,17,7,20,0,1,0,1
1491,臺北市中山區復興北路271~300號,19.59,14.0,4,38,152.01999999999998,6,1,2,1,28300000,186160,RPPSMLLJPHPFFCA18CA,1,1,0,109,572800.0,60.276923076923076,467.7538461538461,1,0,0,0,0,0,0,0,0,0,0,0,1,0,0,0,0,25.0574501,121.5444133,0,20,20,7,13,20,0,1,1,0
1492,臺北市中山區中山北路二段59巷1~30號,13.85,14.0,4,22,98.35,2,2,2,1,24500000,249110,RPQSMLLJPHPFFCA28CA,1,1,0,109,766492.3076923076,42.61538461538461,302.6153846153846,1,0,0,0,0,0,0,0,0,0,0,0,1,0,0,0,0,25.0559648,121.5232067,0,20,20,18,11,20,0,0,2,1
1493,臺北市中山區林森北路571~600號,13.63,11.0,4,44,130.98,0,0,0,1,22000000,167965,RPPTMLLJPHPFFCA28CA,1,1,0,109,516815.3846153846,41.93846153846154,403.01538461538456,1,0,0,0,0,0,0,0,0,0,0,0,1,0,0,0,0,25.0649087,121.5256777,0,20,20,18,13,20,2,2,1,1
1494,林森北路67巷31~60號,29.75,4.0,3,35,106.48,2,1,1,0,18000000,169046,RPPNMLLJPHPFFCA77DA,1,1,0,109,520141.53846153844,91.53846153846153,327.6307692307692,1,0,0,0,0,0,0,0,0,0,0,0,0,1,0,0,0,25.048526,121.5255602,0,20,20,8,8,20,0,0,1,0
1495,臺北市中山區長安東路一段30巷3弄1~30號,24.0,4.0,4,49,69.01,2,1,1,0,12899000,186915,RPXNMLNJPHPFFCA78DA,1,1,0,109,575123.0769230769,73.84615384615384,212.33846153846156,1,0,0,0,0,0,0,0,0,0,0,0,0,1,0,0,0,25.0477902,121.5266558,1,19,20,6,8,20,1,0,1,0
1496,臺北市中山區雙城街18巷1~30號,4.96,13.0,4,15,41.86,1,1,1,1,8160000,194935,RPPNMLRJPHPFFCA38DA,1,1,0,109,599800.0,15.26153846153846,128.79999999999998,1,0,0,0,0,0,0,0,0,0,0,0,0,0,1,0,0,25.065481,121.5239913,0,20,20,17,9,20,2,2,1,1
1497,臺北市中山區五常街53巷1~30號,24.66,5.0,4,44,98.43,3,2,2,0,15500000,157472,RPSOMLOJPHPFFCA48DA,1,1,0,109,484529.23076923075,75.87692307692308,302.8615384615385,1,0,0,0,0,0,0,0,0,0,0,0,0,1,0,0,0,25.064474,121.539681,0,12,18,4,4,16,1,1,0,15
1498,臺北市中山區民生東路一段1~30號,4.68,12.0,4,15,43.34,0,1,1,1,11850000,273419,RPQNMLMKPHPFFCA08DA,1,1,0,109,841289.2307692308,14.399999999999999,133.35384615384615,1,0,0,0,0,0,0,0,0,0,0,0,0,0,1,0,0,25.0579831,121.5250958,0,20,20,16,12,20,0,1,1,1
1499,臺北市中山區林森北路121~150號,4.36,15.0,4,13,53.269999999999996,1,1,1,1,9300000,174582,RPTOMLTJPHPFFCA09DA,1,1,0,109,537175.3846153846,13.415384615384616,163.9076923076923,1,0,0,0,0,0,0,0,0,0,0,0,0,0,1,0,0,25.0507481,121.5252106,0,20,20,10,10,20,0,0,0,0
1500,臺北市中山區新生北路三段84巷31~60號,34.0,4.0,4,46,114.66,3,2,2,0,15070000,131432,RPTTMLSJPHPFFCA86DA,1,1,0,109,404406.1538461538,104.61538461538461,352.79999999999995,1,0,0,0,0,0,0,0,0,0,0,0,0,1,0,0,0,25.0675518,121.5265651,0,11,19,14,14,17,2,0,0,1
1501,臺北市中山區龍江路356巷31~60號,25.0,5.0,4,43,86.58,3,3,2,0,13300000,153615,RPUVMLRKPHPFFCA17DA,1,1,0,109,472661.53846153844,76.92307692307692,266.4,1,0,0,0,0,0,0,0,0,0,0,0,0,1,0,0,0,25.066121,121.539522,0,6,11,1,3,12,1,1,0,2
1502,臺北市中山區復興北路61~90號,2.6,12.0,4,43,26.07,0,0,0,1,5750000,220560,RPTTMLNJPHPFFCA88CA,1,1,0,109,678646.1538461539,8.0,80.21538461538461,1,0,0,0,0,0,0,0,0,0,0,0,0,0,1,0,0,25.050488,121.544397,0,20,20,13,11,20,2,2,1,0
1503,臺北市中山區新生北路二段91~120號,2.16,14.0,4,42,26.080000000000002,1,1,1,1,3600000,138037,RPRWMLNJPHPFFCA98CA,1,1,0,109,424729.23076923075,6.6461538461538465,80.24615384615385,1,0,0,0,0,0,0,0,0,0,0,0,0,0,1,0,0,25.0573288,121.5278946,0,15,20,9,10,20,1,0,0,0
1504,臺北市中山區林森北路481~510號,5.09,14.0,4,18,48.22,0,1,1,1,9350000,193903,RPTNMLOJPHPFFCA38CA,1,1,0,109,596624.6153846154,15.661538461538461,148.36923076923077,1,0,0,0,0,0,0,0,0,0,0,0,0,0,1,0,0,25.0611307,121.5257278,0,20,20,20,10,20,2,1,1,1
1505,臺北市中山區松江路1~30號,8.6,12.0,4,38,99.72,3,2,2,1,17880000,179302,RPOOMLRJPHPFFCA28CA,1,1,0,109,551698.4615384615,26.46153846153846,306.8307692307692,1,0,0,0,0,0,0,0,0,0,0,0,1,0,0,0,0,25.045864,121.5331196,1,15,18,6,8,20,1,1,1,0
1506,臺北市中山區八德路二段271~300號,36.5,4.0,4,47,127.75,13,1,5,0,17750000,138943,RPVNMLRJPHPFFCA88CA,1,1,0,109,427516.92307692306,112.3076923076923,393.07692307692304,1,0,0,0,0,0,0,0,0,0,0,0,0,1,0,0,0,25.0471918,121.5415065,0,20,20,6,11,20,2,1,0,0
1507,臺北市中山區長春路1~30號,4.59,14.0,4,11,52.15,1,1,1,1,11750000,225312,RPRVMLNJPHPFFCA88CA,1,1,0,109,693267.6923076923,14.123076923076923,160.46153846153845,1,0,0,0,0,0,0,0,0,0,0,0,0,0,1,0,0,25.054352,121.547018,0,20,20,20,12,20,0,1,1,0
1508,建國北路二段258巷1~30號,29.57,6.0,4,37,142.04,4,2,2,0,10000000,70403,RPPPMLLJPHPFFCA97DA,1,1,0,109,216624.61538461538,90.98461538461538,437.0461538461538,1,0,0,0,0,0,0,0,0,0,0,0,0,0,0,1,0,25.0619183,121.5364888,0,17,20,10,9,20,0,0,1,19
1509,敬業三路162巷91~120號,47.09,12.0,4,21,155.04,3,2,2,1,23960000,154541,RPRQMLLJPHPFFCA38EA,1,1,0,109,475510.7692307692,144.8923076923077,477.0461538461538,1,0,0,0,0,0,0,0,0,0,0,0,1,0,0,0,0,25.079015,121.55907,0,3,7,2,9,15,2,1,0,0
1510,長安東路二段91~120號,26.98,15.0,4,10,385.56,4,2,3,1,80000000,276254,RPUQMLLJPHPFFCA68EA,2,1,4,109,850012.3076923076,83.01538461538462,1186.3384615384616,1,0,0,0,0,0,0,0,0,0,0,0,1,0,0,0,0,25.0484276,121.5347191,1,20,19,11,9,20,1,2,1,0
1511,松江路108巷1~30號,30.1,5.0,4,50,113.43,3,2,1,0,20000000,176320,RPWOMLMJPHPFFCA78EA,2,1,0,109,542523.0769230769,92.61538461538461,349.0153846153846,1,0,0,0,0,0,0,0,0,0,0,0,0,1,0,0,0,25.0512904,121.531804,0,20,20,13,11,20,2,2,1,0
1512,農安街1~30號,5.41,11.0,4,17,40.03,1,1,1,1,12000000,299775,RPWNMLMJPHPFFCA58DA,1,1,0,109,922384.6153846154,16.646153846153847,123.16923076923077,1,0,0,0,0,0,0,0,0,0,0,0,1,0,0,0,0,25.0650285,121.523401,0,20,20,18,9,20,2,2,2,1
1513,臺北市中山區龍江路21巷1~30號,29.75,4.0,4,44,85.55,3,1,2,0,14880000,173933,RPTOMLKKPHPFFCA18CA,2,1,0,109,535178.4615384615,91.53846153846153,263.2307692307692,1,0,0,0,0,0,0,0,0,0,0,0,0,1,0,0,0,25.0478421,121.5406585,0,20,15,7,8,20,2,1,0,0
1514,臺北市中山區中山北路二段93巷1~30號,5.78,12.0,4,16,42.63,1,1,1,1,11090000,260145,RPPNMLMKPHPFFCA87CA,1,1,0,109,800446.1538461539,17.784615384615385,131.16923076923078,1,0,0,0,0,0,0,0,0,0,0,0,0,0,1,0,0,25.0594195,121.5233012,0,20,20,18,10,20,0,1,2,1
1515,林森北路481~510號,4.57,14.0,4,18,43.25,1,1,1,1,8600000,198844,RPRSMLMJPHPFFCA58DA,1,1,0,109,611827.6923076923,14.061538461538461,133.07692307692307,1,0,0,0,0,0,0,0,0,0,0,0,1,0,0,0,0,25.056629,121.525492,0,20,20,15,10,20,1,0,0,1
1516,中山北路一段91~120號,21.61,15.0,4,12,332.62,3,2,2,1,60200000,180987,RPPOMLMJPHPFFCA97DA,1,1,3,109,556883.0769230769,66.49230769230769,1023.4461538461538,1,0,0,0,0,0,0,0,0,0,0,0,1,0,0,0,0,25.0506682,121.5222907,0,20,20,7,9,20,0,2,1,0
1517,新生北路三段61~90號,11.18,9.0,4,2,94.99000000000001,2,1,1,1,19500000,204009,RPUPMLSJPHPFFCA66EA,1,1,1,109,627720.0,34.4,292.2769230769231,1,0,0,0,0,0,0,0,0,0,0,0,0,0,0,1,0,25.0659966,121.5280981,0,12,20,14,14,20,2,1,1,1
1518,林森北路107巷31~60號,4.81,7.0,4,32,37.28,0,0,0,0,6050000,162285,RPTOMLNJPHPFFCA58EA,1,1,0,109,499338.4615384615,14.799999999999999,114.70769230769231,1,0,0,0,0,0,0,0,0,0,0,0,0,0,0,1,0,25.0502007,121.526122,0,20,20,7,10,20,1,0,0,0
1519,林森北路511~540號,4.75,14.0,4,16,51.589999999999996,2,1,1,1,12580000,243846,RPVQMLNJPHPFFCA98EA,1,1,0,109,750295.3846153846,14.615384615384615,158.73846153846154,1,0,0,0,0,0,0,0,0,0,0,0,1,0,0,0,0,25.056629,121.525492,0,20,20,15,10,20,1,0,0,1
1520,松江路63巷1~30號,20.55,9.0,4,3,110.14,2,1,1,1,23350000,212003,RPPPMLQJPHPFFCA58EA,2,1,1,109,652316.923076923,63.23076923076923,338.89230769230767,1,0,0,0,0,0,0,0,0,0,0,0,0,0,0,1,0,25.0490479,121.5335369,1,20,20,11,8,20,1,3,1,0
1521,新生北路一段47巷31~60號,26.67,3.0,3,35,67.46,2,1,1,0,8400000,124518,RPRRMLMJPHPFFCA58EA,1,1,0,106,383132.3076923077,82.06153846153846,207.56923076923076,1,0,0,0,0,0,0,0,0,0,0,0,0,1,0,0,0,25.0480469,121.5309738,1,20,20,12,10,20,1,2,1,0
1522,合江街1~30號,5.74,9.0,4,13,34.92,1,1,1,1,8100000,231959,RPOPMLLJPHPFFCA97EA,1,1,0,109,713720.0,17.661538461538463,107.44615384615385,1,0,0,0,0,0,0,0,0,0,0,0,0,0,0,1,0,25.0548463,121.5391576,1,20,20,5,14,20,1,2,0,0
1523,樂群二路91~120號,30.44,11.0,4,13,262.6,3,2,2,1,63680000,242498,RPTNMLMJPHPFFCA38EA,1,1,2,109,746147.6923076923,93.66153846153846,808.0,1,0,0,0,0,0,0,0,0,0,0,0,1,0,0,0,0,25.0803097,121.5548308,0,10,10,4,8,18,0,0,0,0
1524,明水路526巷31~60號,37.3,8.0,4,15,168.79000000000002,2,2,2,1,41000000,242905,RPQPMLQJPHPFFCA68EA,1,1,1,109,747400.0,114.76923076923076,519.3538461538462,1,0,0,0,0,0,0,0,0,0,0,0,0,0,0,1,0,25.0793852,121.5526547,0,11,8,3,9,11,1,0,0,0
1525,龍江路331~360號,17.33,7.0,4,38,120.78,5,2,4,0,25500000,211128,RPXSMLNJPHPFFCA76EA,1,1,0,109,649624.6153846154,53.32307692307692,371.6307692307692,1,0,0,0,0,0,0,0,0,0,0,0,0,0,0,1,0,25.0631408,121.5410123,0,20,20,5,5,8,1,1,1,3
1526,五常街11巷1~30號,13.53,17.0,4,2,124.44999999999999,1,1,1,1,23060000,243722,RPXOMLTLOHPFFCA96DA,2,1,1,109,749913.8461538461,41.630769230769225,382.92307692307685,1,0,0,0,0,0,0,0,0,0,0,0,1,0,0,0,0,25.0645708,121.5377789,0,7,19,2,4,18,1,0,0,20
1527,林森北路107巷61~90號,6.98,7.0,4,35,38.08,1,1,1,0,6600000,173319,RPRPMLLJPHPFFCA18DA,1,1,0,109,533289.2307692308,21.47692307692308,117.16923076923077,1,0,0,0,0,0,0,0,0,0,0,0,0,0,0,1,0,25.0499592,121.5271009,1,20,20,8,9,20,1,2,0,0
1528,復興北路181~210號,18.32,15.0,4,35,97.97999999999999,0,0,1,1,48500000,494999,RPRQMLNJPHPFFCA48DA,1,1,0,109,1523073.846153846,56.36923076923077,301.476923076923,1,0,0,0,0,0,0,0,0,0,0,0,1,0,0,0,0,25.0548637,121.5444888,0,20,20,9,15,20,0,1,1,0
1529,新生北路一段91~120號,3.9,12.0,4,43,32.56,1,1,1,1,5200000,159705,RPQSMLKMOHPFFCA48DA,6,1,0,109,491400.0,12.0,100.18461538461538,1,0,0,0,0,0,0,0,0,0,0,0,1,0,0,0,0,25.0463313,121.5323976,1,17,18,8,10,20,2,1,0,0
1530,林森北路391~420號,3.22,13.0,4,37,32.95,1,1,1,1,4650000,141123,RPUSMLNJPHPFFCA98DA,3,1,0,109,434224.6153846154,9.907692307692308,101.38461538461539,1,0,0,0,0,0,0,0,0,0,0,0,1,0,0,0,0,25.056629,121.525492,0,20,20,15,10,20,1,0,0,1
1531,長安東路一段53巷1~30號,8.65,7.0,4,43,52.08,1,1,1,1,7780000,149386,RPVSMLNJPHPFFCA09DA,1,1,0,109,459649.23076923075,26.615384615384617,160.24615384615385,1,0,0,0,0,0,0,0,0,0,0,0,0,0,0,1,0,25.049001,121.526489,1,19,20,7,9,20,1,1,0,0
1532,中山北路二段27巷1~30號,38.24,12.0,4,4,279.65999999999997,3,2,3,1,87800000,362535,RPRUMLQJPHPFFCA56DA,1,1,1,109,1115492.3076923077,117.66153846153847,860.4923076923076,1,0,0,0,0,0,0,0,0,0,0,0,1,0,0,0,0,25.0532749,121.5232266,0,20,20,5,10,20,0,2,1,0
1533,龍江路209巷1~30號,20.17,5.0,4,40,87.85,2,1,2,0,14750000,167900,RPPUMLQJPHPFFCA98DA,1,1,0,109,516615.3846153846,62.06153846153846,270.30769230769226,1,0,0,0,0,0,0,0,0,0,0,0,0,1,0,0,0,25.0566652,121.5407468,0,20,20,6,15,20,0,0,0,0
1534,林森北路391~420號,6.29,13.0,4,37,66.03,2,2,1,1,9100000,137816,RPQNMLRJPHPFFCA48DA,3,1,0,109,424049.23076923075,19.353846153846153,203.16923076923078,1,0,0,0,0,0,0,0,0,0,0,0,1,0,0,0,0,25.056629,121.525492,0,20,20,15,10,20,1,0,0,1
1535,復興北路151~180號,6.07,16.0,4,25,45.08,1,1,1,1,11000000,244011,RPWNMLRJPHPFFCA09DA,1,1,0,109,750803.0769230769,18.676923076923078,138.7076923076923,1,0,0,0,0,0,0,0,0,0,0,0,1,0,0,0,0,25.0536578,121.5444713,0,20,20,10,14,20,0,1,1,0
1536,建國北路三段113巷19弄1~30號,20.37,5.0,4,38,112.01,4,2,2,0,14484000,129310,RPTPMLNJPHPFFCA58DA,1,1,0,109,397876.92307692306,62.676923076923075,344.6461538461538,1,0,0,0,0,0,0,0,0,0,0,0,0,1,0,0,0,25.067318,121.536071,0,2,13,2,4,14,0,0,0,7
1537,新生北路二段61~90號,1.8,12.0,4,41,23.759999999999998,1,1,1,1,3650000,153620,RPWTMLNJPHPFFCA66DA,1,1,0,109,472676.92307692306,5.538461538461538,73.1076923076923,1,0,0,0,0,0,0,0,0,0,0,0,1,0,0,0,0,25.0562845,121.5277511,0,20,20,9,13,20,1,0,0,0
1538,五常街11巷1~30號,11.11,17.0,4,2,72.22,2,2,1,0,17600000,243700,RPPTMLNJPHPFFCA68EA,2,1,0,109,749846.1538461539,34.184615384615384,222.2153846153846,1,0,0,0,0,0,0,0,0,0,0,0,1,0,0,0,0,25.0645708,121.5377789,0,7,19,2,4,18,1,0,0,20
1539,興安街91~120號,18.32,14.0,4,35,97.97999999999999,4,1,1,1,20400000,208206,RPUSMLNJPHPFFCA09EA,1,1,0,109,640633.8461538461,56.36923076923077,301.476923076923,1,0,0,0,0,0,0,0,0,0,0,0,1,0,0,0,0,25.056218,121.5432188,0,20,20,10,17,20,0,0,1,0
1540,新生北路一段61~90號,12.13,10.0,4,16,80.78,2,1,1,1,15350000,190022,RPVSMLNJPHPFFCA56EA,1,1,0,109,584683.0769230769,37.323076923076925,248.55384615384614,1,0,0,0,0,0,0,0,0,0,0,0,0,0,0,1,0,25.0491044,121.5292611,1,20,20,10,9,20,1,2,0,0
1541,林森北路416巷1~30號,12.59,4.0,4,47,49.2,2,2,2,0,6000000,121951,RPOOMLRJPHPFFCA48EA,1,2,0,109,375233.8461538461,38.738461538461536,151.3846153846154,1,0,0,0,0,0,0,0,0,0,0,0,0,0,0,1,0,25.059956,121.5248924,0,20,20,20,11,20,2,1,2,1
1542,中山北路二段20巷1~30號,28.0,4.0,3,35,83.39,2,1,1,0,18360000,220170,RPTOMLRJPHPFFCA98EA,1,1,0,109,677446.1538461539,86.15384615384615,256.5846153846154,1,0,0,0,0,0,0,0,0,0,0,0,0,1,0,0,0,25.0536005,121.5220137,0,20,20,6,10,20,0,2,2,0
1543,錦州街91~120號,8.51,7.0,4,43,43.12,0,0,0,0,3300000,76531,RPXQMLRJPHPFFCA96EA,1,1,0,109,235480.0,26.184615384615384,132.67692307692306,1,0,0,0,0,0,0,0,0,0,0,0,0,1,0,0,0,25.060498,121.5280421,0,16,20,19,9,20,2,1,1,0
1544,長安東路二段91~120號,12.43,11.0,4,49,88.59,0,1,0,1,14800000,167062,RPSRMLRJPHPFFCA56EA,2,1,0,109,514036.92307692306,38.246153846153845,272.5846153846154,1,0,0,0,0,0,0,0,0,0,0,0,1,0,0,0,0,25.0484276,121.5347191,1,20,19,11,9,20,1,2,1,0
1545,民生東路二段90巷1~30號,63.0,3.0,3,35,133.14,2,3,3,0,34800000,261379,RPWRMLRJPHPFFCA96EA,2,1,0,109,804243.0769230769,193.84615384615384,409.6615384615384,1,0,0,0,0,0,0,0,0,0,0,0,0,0,0,0,1,25.0578238,121.5308386,1,20,20,12,10,20,2,0,1,0
1546,通北街65巷1~30號,33.55,9.0,4,23,162.07999999999998,3,2,2,1,22500000,138820,RPPUMLNJPHPFFCA78EA,1,1,1,109,427138.4615384615,103.23076923076921,498.70769230769224,1,0,0,0,0,0,0,0,0,0,0,0,0,0,0,1,0,25.0835516,121.5398251,0,1,1,0,3,3,0,0,0,0
1547,林森北路271~300號,3.2,12.0,4,44,50.53,0,0,0,1,21800000,431427,RPUSMLRJPHPFFCA86EA,2,1,1,109,1327467.6923076923,9.846153846153847,155.47692307692307,1,0,0,0,0,0,0,0,0,0,0,0,1,0,0,0,0,25.056629,121.525492,0,20,20,15,10,20,1,0,0,1
1548,林森北路416巷1~30號,8.97,4.0,4,47,33.72,1,1,1,1,5200000,154211,RPSNMLQKPHPFFCA78EA,1,1,0,109,474495.3846153846,27.6,103.75384615384614,1,0,0,0,0,0,0,0,0,0,0,0,0,0,0,1,0,25.059956,121.5248924,0,20,20,20,11,20,2,1,2,1
1549,樂群二路271~300號,9.09,11.0,4,13,68.86,1,1,1,1,11760000,170781,RPOQMLTJPHPFFCA88EA,1,1,1,109,525480.0,27.96923076923077,211.87692307692308,1,0,0,0,0,0,0,0,0,0,0,0,1,0,0,0,0,25.0802463,121.5604236,0,5,12,2,9,20,2,1,0,0
1550,明水路691~720號,15.98,11.0,4,14,66.28,1,1,1,1,13600000,205190,RPWRMLSJPHPFFCA07EA,1,1,1,109,631353.8461538461,49.16923076923077,203.93846153846152,1,0,0,0,0,0,0,0,0,0,0,0,1,0,0,0,0,25.0849589,121.5509316,0,16,6,1,6,15,0,0,1,0
1551,民生東路一段1~30號,3.84,12.0,4,41,40.480000000000004,0,0,0,1,5900000,145751,RPOSMLSJPHPFFCA98EA,1,1,0,109,448464.6153846154,11.815384615384614,124.55384615384617,1,0,0,0,0,0,0,0,0,0,0,0,1,0,0,0,0,25.0579831,121.5250958,0,20,20,16,12,20,0,1,1,1
1552,五常街31~60號,11.49,12.0,4,5,61.870000000000005,1,1,1,1,15000000,242444,RPOSMLTJPHPFFCA09EA,2,1,0,109,745981.5384615384,35.353846153846156,190.36923076923077,1,0,0,0,0,0,0,0,0,0,0,0,1,0,0,0,0,25.064421,121.53852,0,9,18,3,4,16,1,1,0,19
1553,民生東路一段1~30號,4.35,12.0,4,15,40.24,0,1,1,1,12080000,300199,RPVQMLNJPHPFFCA88DA,1,1,0,109,923689.2307692308,13.384615384615383,123.81538461538462,1,0,0,0,0,0,0,0,0,0,0,0,1,0,0,0,0,25.0579831,121.5250958,0,20,20,16,12,20,0,1,1,1
1554,長春路61~90號,13.39,12.0,4,43,120.97999999999999,2,1,1,1,18600000,153744,RPUUMLRJPHPFFCA96DA,3,1,0,109,473058.4615384615,41.2,372.2461538461538,1,0,0,0,0,0,0,0,0,0,0,0,1,0,0,0,0,25.0550126,121.5262836,0,20,20,9,8,20,1,0,0,0
1555,民生東路一段31~60號,14.71,12.0,4,36,158.68,4,0,4,1,20250000,127615,RPVQMLSJPHPFFCA76DA,1,1,0,109,392661.53846153844,45.261538461538464,488.24615384615385,1,0,0,0,0,0,0,0,0,0,0,0,1,0,0,0,0,25.0582147,121.5252053,0,20,20,16,12,20,0,1,1,1
1556,中山北路二段85巷1~30號,11.0,7.0,4,2,75.94,1,1,1,1,18560000,286604,RPXOMLTJPHPFFCA86DA,1,1,1,109,881858.4615384615,33.84615384615385,233.66153846153844,1,0,0,0,0,0,0,0,0,0,0,0,0,0,0,1,0,25.0588815,121.5235197,0,20,20,19,10,20,0,1,1,1
1557,農安街211~240號,19.01,7.0,4,36,123.96,3,2,2,0,24800000,200065,RPPPMLTJPHPFFCA78DA,2,1,0,109,615584.6153846154,58.4923076923077,381.4153846153846,1,0,0,0,0,0,0,0,0,0,0,0,0,0,0,1,0,25.0647805,121.5331621,0,8,20,7,8,17,0,0,0,20
1558,林森北路511~540號,4.17,14.0,4,16,45.239999999999995,2,1,1,1,11520000,254642,RPPRMLRJPHPFFCA78DA,1,1,0,109,783513.8461538461,12.83076923076923,139.2,1,0,0,0,0,0,0,0,0,0,0,0,1,0,0,0,0,25.056629,121.525492,0,20,20,15,10,20,1,0,0,1
1559,民生東路三段31~60號,36.4,14.0,4,14,342.23,3,2,4,1,87280000,255033,RPQNMLTJPHPFFCA68DA,1,1,1,109,784716.923076923,111.99999999999999,1053.0153846153846,1,0,0,0,0,0,0,0,0,0,0,0,1,0,0,0,0,25.0580663,121.539111,0,20,19,5,12,20,0,0,0,0
1560,中山北路二段65巷1~30號,12.39,12.0,4,1,128.7,1,2,1,1,30500000,316282,RPQSMLSJPHPFFCA09DA,1,1,1,109,973175.3846153846,38.12307692307692,395.99999999999994,1,0,0,0,0,0,0,0,0,0,0,0,1,0,0,0,0,25.0571759,121.52326,0,20,20,15,8,20,0,0,1,1
1561,中山北路二段65巷1~30號,12.39,12.0,4,1,131.28,2,2,1,1,29550000,296695,RPSSMLSJPHPFFCA66DA,1,1,1,106,912907.6923076923,38.12307692307692,403.9384615384615,1,0,0,0,0,0,0,0,0,0,0,0,1,0,0,0,0,25.0571759,121.52326,0,20,20,15,8,20,0,0,1,1
1562,中山北路二段65巷1~30號,16.2,12.0,4,1,161.39,2,2,2,1,37000000,286023,RPUSMLSJPHPFFCA86DA,1,1,1,109,880070.7692307692,49.84615384615384,496.58461538461535,1,0,0,0,0,0,0,0,0,0,0,0,1,0,0,0,0,25.0571759,121.52326,0,20,20,15,8,20,0,0,1,1
1563,中山北路二段65巷1~30號,12.72,12.0,4,1,96.98,0,0,0,1,30000000,309342,RPVSMLSJPHPFFCA96DA,1,1,0,106,951821.5384615384,39.13846153846154,298.4,1,0,0,0,0,0,0,0,0,0,0,0,1,0,0,0,0,25.0571759,121.52326,0,20,20,15,8,20,0,0,1,1
1564,中山北路二段65巷1~30號,8.04,12.0,4,1,61.400000000000006,1,2,1,1,17000000,276873,RPWSMLSJPHPFFCA07DA,1,1,0,106,851916.923076923,24.738461538461536,188.92307692307693,1,0,0,0,0,0,0,0,0,0,0,0,1,0,0,0,0,25.0571759,121.52326,0,20,20,15,8,20,0,0,1,1
1565,新生北路一段91~120號,2.91,12.0,4,43,23.3,1,0,1,1,3000000,128755,RPUOMLMJPHPFFCA48DA,6,1,0,109,396169.23076923075,8.953846153846154,71.6923076923077,1,0,0,0,0,0,0,0,0,0,0,0,1,0,0,0,0,25.0463313,121.5323976,1,17,18,8,10,20,2,1,0,0
1566,民權東路三段61~90號,14.66,19.0,4,35,141.95999999999998,2,2,2,1,29800000,209918,RPOUMLNJPHPFFCA58DA,1,1,0,109,645901.5384615385,45.107692307692304,436.7999999999999,1,0,0,0,0,0,0,0,0,0,0,0,1,0,0,0,0,25.0625501,121.5432045,0,20,18,5,8,7,1,2,1,0
1567,長安東路一段31~60號,40.31,13.0,4,14,228.73000000000002,4,2,2,1,44610000,195033,RPUOMLNJPHPFFCA58DA,1,1,1,109,600101.5384615385,124.03076923076924,703.7846153846154,1,0,0,0,0,0,0,0,0,0,0,0,1,0,0,0,0,25.0493889,121.5240003,0,20,20,9,11,20,0,0,0,0
1568,長安東路一段1~30號,2.09,12.0,4,33,27.6,0,1,1,1,4600000,166667,RPPRMLQJPHPFFCA68DA,1,1,0,109,512821.53846153844,6.43076923076923,84.92307692307692,1,0,0,0,0,0,0,0,0,0,0,0,1,0,0,0,0,25.049818,121.522081,0,20,20,7,8,20,0,2,1,0
1569,德惠街3巷1~30號,10.81,7.0,4,15,76.9,1,1,1,1,12280000,159688,RPPOMLSJPHPFFCA68EA,1,1,1,109,491347.6923076923,33.261538461538464,236.6153846153846,1,0,0,0,0,0,0,0,0,0,0,0,0,0,0,1,0,25.067018,121.5231105,0,16,20,15,12,20,0,1,0,1
1570,松江路156巷1~30號,25.0,5.0,4,42,93.67,4,0,4,0,19000000,202840,RPQTMLNJPHPFFCA78EA,1,1,0,109,624123.0769230769,76.92307692307692,288.2153846153846,1,0,0,0,0,0,0,0,0,0,0,0,0,1,0,0,0,25.0544611,121.5327196,1,20,20,8,11,20,2,3,1,0
1571,吉林路391~420號,8.88,7.0,4,25,34.16,1,1,1,1,5450000,159543,RPUOMLPKPHPFFCA98EA,1,1,0,109,490901.53846153844,27.323076923076925,105.10769230769229,1,0,0,0,0,0,0,0,0,0,0,0,0,0,0,1,0,25.065582,121.5305005,0,9,20,8,9,15,2,0,0,3
1572,德惠街3巷1~30號,7.31,7.0,4,15,37.980000000000004,1,1,1,1,8000000,210637,RPTPMLNKPHPFFCA78EA,1,1,0,109,648113.8461538461,22.49230769230769,116.86153846153847,1,0,0,0,0,0,0,0,0,0,0,0,0,0,0,1,0,25.067018,121.5231105,0,16,20,15,12,20,0,1,0,1
1573,敬業二路69巷31~60號,6.39,10.0,4,14,26.439999999999998,0,0,0,1,6660000,251891,RPVQMLNKPHPFFCA09EA,1,1,0,109,775049.2307692308,19.66153846153846,81.35384615384615,1,0,0,0,0,0,0,0,0,0,0,0,0,0,0,1,0,25.0821294,121.5533892,0,18,12,2,8,20,0,0,1,0
1574,錦州街4巷1~30號,12.24,6.0,4,41,70.95,2,1,1,1,11588800,163338,RPVOMLKKPHPFFCA58EA,1,2,0,109,502578.4615384615,37.66153846153846,218.30769230769232,1,0,0,0,0,0,0,0,0,0,0,0,0,0,0,1,0,25.0599388,121.5235869,0,20,20,20,10,20,0,1,2,1
1575,北安路781~810號,8.83,14.0,4,8,88.68,0,1,1,1,17000000,191679,RPXOMLKKPHPFFCA78EA,1,1,1,109,589781.5384615385,27.16923076923077,272.8615384615385,1,0,0,0,0,0,0,0,0,0,0,0,1,0,0,0,0,25.085743,121.553669,0,9,6,1,4,13,0,0,1,0
1576,合江街116巷1~30號,36.0,4.0,4,48,88.35,3,2,2,0,21400088,242219,RPOPMLKKPHPFFCA97EA,1,1,0,109,745289.2307692308,110.76923076923076,271.8461538461538,1,0,0,0,0,0,0,0,0,0,0,0,0,1,0,0,0,25.0592431,121.5389437,0,18,20,6,12,20,0,0,0,8
1577,松江路188巷1~30號,16.06,6.0,4,5,76.82,2,1,1,1,18500000,237410,RPRQMLQJPHPFFCA88EA,1,1,1,109,730492.3076923076,49.41538461538461,236.36923076923074,1,0,0,0,0,0,0,0,0,0,0,0,0,0,0,1,0,25.0568621,121.5326069,1,20,20,10,10,20,2,2,1,0
1578,松江路170巷1~30號,30.0,8.0,4,15,181.08999999999997,3,2,2,0,37800000,208736,RPQOMLRJPHPFFCA58DA,2,1,1,109,642264.6153846154,92.3076923076923,557.1999999999999,1,0,0,0,0,0,0,0,0,0,0,0,0,0,0,1,0,25.0561997,121.5331293,1,20,20,9,12,20,2,2,2,0
1579,新生北路二段61~90號,4.37,12.0,4,49,33.76,0,0,0,1,4350000,128851,RPPPMLNLOHPFFCA28DA,1,1,0,109,396464.6153846154,13.446153846153846,103.87692307692306,1,0,0,0,0,0,0,0,0,0,0,0,1,0,0,0,0,25.0562845,121.5277511,0,20,20,9,13,20,1,0,0,0
1580,中山北路二段128巷1~30號,14.59,10.0,4,10,101.88,2,1,1,1,19000000,186494,RPPNMLKMOHPFFCA87DA,1,1,1,109,573827.6923076923,44.89230769230769,313.4769230769231,1,0,0,0,0,0,0,0,0,0,0,0,0,0,0,1,0,25.0618431,121.5220979,0,20,20,20,13,20,2,3,3,1
1581,松江路313巷1~30號,44.5,7.0,4,40,219.17,4,2,2,0,51880000,236711,RPXTMLTJPHPFFCA37DA,1,2,1,109,728341.5384615384,136.9230769230769,674.3692307692307,1,0,0,0,0,0,0,0,0,0,0,0,0,0,0,1,0,25.0619008,121.533635,0,20,20,11,10,20,0,0,1,19
1582,南京東路一段132巷1~30號,14.27,9.0,4,9,92.41,2,2,2,1,15800000,170959,RPQOMLKLOHPFFCA97DA,1,1,1,109,526027.6923076923,43.90769230769231,284.3384615384615,1,0,0,0,0,0,0,0,0,0,0,0,0,0,0,1,0,25.0515054,121.5272951,0,20,20,11,9,20,2,2,0,0
1583,中山北路一段61~90號,7.7,12.0,4,35,99.67,3,1,2,1,19000000,190629,RPQNMLKKPHPFFCA87DA,1,2,0,109,586550.7692307692,23.692307692307693,306.67692307692306,1,0,0,0,0,0,0,0,0,0,0,0,1,0,0,0,0,25.0499695,121.5219583,0,20,20,8,8,20,0,2,1,0
1584,林森北路91~120號,3.05,12.0,4,33,36.84,1,1,1,1,6150000,166938,RPOUMLTJPHPFFCA56DA,1,1,0,109,513655.3846153846,9.384615384615383,113.35384615384616,1,0,0,0,0,0,0,0,0,0,0,0,1,0,0,0,0,25.0500055,121.5249729,0,20,20,9,11,20,0,0,0,0
1585,明水路361~390號,29.8,15.0,4,25,168.81,3,2,2,1,43000000,254724,RPPOMLNKPHPFFCA18DA,1,1,1,109,783766.1538461539,91.6923076923077,519.4153846153846,1,0,0,0,0,0,0,0,0,0,0,0,1,0,0,0,0,25.0776539,121.5452,0,0,4,1,6,5,2,2,1,0
1586,民生東路一段70巷1~30號,10.24,8.0,4,14,68.8,2,1,1,1,12100000,175872,RPSOMLSJPHPFFCA98EA,1,1,1,109,541144.6153846154,31.507692307692306,211.69230769230768,1,0,0,0,0,0,0,0,0,0,0,0,0,0,0,1,0,25.0576197,121.5264837,0,20,20,17,7,20,1,1,0,1
1587,松江路252巷6弄1~30號,26.5,4.0,4,45,94.72,6,3,2,0,20650000,218011,RPUNMLSJPHPFFCA09EA,1,1,0,109,670803.0769230769,81.53846153846153,291.44615384615383,1,0,0,0,0,0,0,0,0,0,0,0,0,1,0,0,0,25.0587531,121.5325169,1,20,20,11,8,20,1,2,1,7
1588,復興北路421~450號,14.77,12.0,4,13,85.66,4,2,2,1,21000000,245155,RPUQMLQJPHPFFCA56EA,2,2,0,109,754323.0769230769,45.44615384615384,263.5692307692307,1,0,0,0,0,0,0,0,0,0,0,0,1,0,0,0,0,25.0632342,121.5444647,0,20,19,5,4,6,1,2,1,0
1589,北安路621巷31~60號,35.5,4.0,4,41,100.05,5,0,5,1,20400000,203898,RPXQMLNKPHPFFCA66EA,1,1,0,109,627378.4615384615,109.23076923076923,307.8461538461538,1,0,0,0,0,0,0,0,0,0,0,0,0,1,0,0,0,25.083073,121.54744,0,13,13,0,10,6,1,0,1,0
1590,合江街55巷1~30號,23.81,5.0,4,12,142.3,2,2,1,1,22000000,154603,RPUPMLNKPHPFFCA88EA,1,1,1,109,475701.53846153844,73.26153846153845,437.84615384615387,1,0,0,0,0,0,0,0,0,0,0,0,0,0,0,1,0,25.0569697,121.5394359,0,19,20,3,17,20,0,2,0,0
1591,民權東路一段31~60號,4.35,12.0,4,14,38.18,1,1,1,1,8900000,233106,RPVRMLOKPHPFFCA66EA,1,1,0,109,717249.2307692308,13.384615384615383,117.47692307692307,1,0,0,0,0,0,0,0,0,0,0,0,1,0,0,0,0,25.0629946,121.5241052,0,20,20,20,11,20,2,2,2,2
1592,新生北路三段1~30號,10.74,12.0,4,40,92.77,1,2,1,1,18400000,198340,RPRNMLPKPHPFFCA58EA,1,1,0,109,610276.923076923,33.04615384615384,285.44615384615383,1,0,0,0,0,0,0,0,0,0,0,0,1,0,0,0,0,25.0628897,121.5281771,0,11,20,16,10,20,2,1,1,0
1593,民權西路1~30號,11.52,12.0,4,44,101.79,3,1,0,1,18880000,185480,RPRNMLOKPHPFFCA48EA,2,1,0,109,570707.6923076923,35.44615384615384,313.2,1,0,0,0,0,0,0,0,0,0,0,0,1,0,0,0,0,25.0629781,121.5221977,0,20,20,20,12,20,2,4,2,2
1594,吉林路456巷31~60號,34.75,4.0,4,49,98.63,5,2,2,0,17500000,177431,RPRPMLNKPHPFFCA58EA,1,1,0,109,545941.5384615385,106.92307692307692,303.4769230769231,1,0,0,0,0,0,0,0,0,0,0,0,0,1,0,0,0,25.0670923,121.5287193,0,7,17,7,15,14,2,0,0,1
1595,松江路259巷31~60號,21.3,7.0,4,37,116.81,2,2,2,0,34100000,291927,RPVQMLQJPHPFFCA66EA,1,1,0,109,898236.923076923,65.53846153846153,359.4153846153846,1,0,0,0,0,0,0,0,0,0,0,0,0,0,0,1,0,25.0596642,121.5346347,1,20,20,10,7,20,1,0,1,18
1596,建國北路三段81巷1~30號,22.4,5.0,4,44,73.04,2,2,1,0,11100000,151972,RPTQMLQJPHPFFCA09EA,1,1,0,109,467606.1538461538,68.92307692307692,224.73846153846154,1,0,0,0,0,0,0,0,0,0,0,0,0,1,0,0,0,25.0654905,121.5372237,0,5,15,2,3,18,1,0,0,20
1597,長安東路二段61~90號,89.37,11.0,4,30,709.28,0,0,0,1,76125000,107327,RPTNMLSJPHPFFCA98EA,2,1,0,109,330236.92307692306,274.9846153846154,2182.3999999999996,1,0,0,0,0,0,0,0,0,0,0,0,1,0,0,0,0,25.0484255,121.5303443,1,20,20,12,9,20,1,2,1,0
1598,民族東路31~60號,8.29,9.0,4,29,72.42,2,1,1,0,11800000,162938,RPRSMLNKPHPFFCA78DA,1,1,0,109,501347.6923076923,25.507692307692306,222.83076923076922,1,0,0,0,0,0,0,0,0,0,0,0,0,0,0,1,0,25.0682803,121.5338379,0,2,10,1,8,14,0,0,0,3
1599,林森北路571~600號,9.37,13.0,4,10,129.37,1,1,1,1,22500000,173933,RPQTMLNKPHPFFCA78DA,1,1,1,109,535178.4615384615,28.830769230769228,398.0615384615385,1,0,0,0,0,0,0,0,0,0,0,0,1,0,0,0,0,25.056629,121.525492,0,20,20,15,10,20,1,0,0,1
1600,林森北路271~300號,3.23,12.0,4,44,45.55,2,1,1,1,8200000,180022,RPQPMLOKPHPFFCA48DA,2,1,0,109,553913.8461538461,9.938461538461539,140.15384615384613,1,0,0,0,0,0,0,0,0,0,0,0,1,0,0,0,0,25.056629,121.525492,0,20,20,15,10,20,1,0,0,1
1601,農安街1~30號,9.35,11.0,4,17,73.08,1,2,2,1,18800000,257252,RPSTMLSJPHPFFCA76DA,1,1,0,109,791544.6153846154,28.769230769230766,224.86153846153846,1,0,0,0,0,0,0,0,0,0,0,0,1,0,0,0,0,25.0650285,121.523401,0,20,20,18,9,20,2,2,2,1
1602,松江路121~150號,38.66,14.0,4,50,409.1,0,0,0,1,80500000,196769,RPWNMLRLOHPFFCA56DA,1,2,0,109,605443.0769230769,118.95384615384614,1258.7692307692307,1,0,0,0,0,0,0,0,0,0,0,0,1,0,0,0,0,25.0528197,121.5333502,1,20,20,10,12,20,3,4,1,0
1603,長安東路一段65巷1~30號,22.97,7.0,4,7,113.75,2,1,2,1,23180000,203780,RPSTMLNJPHPFFCA88DA,1,1,1,109,627015.3846153846,70.67692307692307,350.0,1,0,0,0,0,0,0,0,0,0,0,0,0,0,0,1,0,25.0488455,121.5276297,1,18,20,7,9,20,1,2,0,0
1604,吉林路61~90號,49.02,14.0,4,16,394.34000000000003,3,0,2,1,69000000,174976,RPVTMLNJPHPFFCA56DA,2,1,8,109,538387.6923076923,150.83076923076925,1213.3538461538462,1,0,0,0,0,0,0,0,0,0,0,0,1,0,0,0,0,25.049989,121.2972728,0,2,14,7,8,3,3,1,0,0
1605,中山北路二段115巷1~30號,14.54,17.0,4,31,120.33,3,2,2,1,24750000,205684,RPPOMLOJPHPFFCA18DA,2,1,0,109,632873.8461538461,44.738461538461536,370.24615384615385,1,0,0,0,0,0,0,0,0,0,0,0,1,0,0,0,0,25.0610459,121.5234886,0,20,20,20,12,20,2,1,3,1
1606,通北街61~90號,37.77,9.0,4,27,149.89,3,2,2,1,26000000,173461,RPROMLOJPHPFFCA38DA,1,1,0,109,533726.1538461539,116.21538461538462,461.19999999999993,1,0,0,0,0,0,0,0,0,0,0,0,0,0,0,1,0,25.0823961,121.540106,0,1,1,0,4,5,0,0,0,0
1607,林森北路451~480號,3.59,10.0,4,25,32.4,0,0,0,1,5200000,160494,RPTOMLOKPHPFFCA68DA,1,1,0,109,493827.6923076923,11.046153846153846,99.69230769230768,1,0,0,0,0,0,0,0,0,0,0,0,0,0,0,1,0,25.056629,121.525492,0,20,20,15,10,20,1,0,0,1
1608,南京東路一段132巷1~30號,14.26,9.0,4,9,92.35,2,1,2,1,16500000,178668,RPRNMLLKPHPFFCA08DA,1,1,1,109,549747.6923076923,43.87692307692308,284.15384615384613,1,0,0,0,0,0,0,0,0,0,0,0,0,0,0,1,0,25.0515054,121.5272951,0,20,20,11,9,20,2,2,0,0
1609,中山北路二段93巷1~30號,4.18,14.0,4,18,36.16,1,1,1,1,7000000,193584,RPSNMLQKPHPFFCA68DA,1,1,0,109,595643.0769230769,12.86153846153846,111.26153846153845,1,0,0,0,0,0,0,0,0,0,0,0,1,0,0,0,0,25.0594195,121.5233012,0,20,20,18,10,20,0,1,2,1
1610,農安街1~30號,8.98,11.0,4,17,79.53999999999999,2,2,2,1,22880000,287654,RPWQMLOKPHPFFCA56DA,1,1,0,109,885089.2307692308,27.630769230769232,244.7384615384615,1,0,0,0,0,0,0,0,0,0,0,0,1,0,0,0,0,25.0650285,121.523401,0,20,20,18,9,20,2,2,2,1
1611,龍江路412巷1~30號,24.24,5.0,4,39,99.72,3,2,2,0,15000000,150421,RPVNMLPKPHPFFCA88DA,1,1,0,109,462833.8461538461,74.58461538461538,306.8307692307692,1,0,0,0,0,0,0,0,0,0,0,0,0,1,0,0,0,25.0676769,121.5407527,0,3,9,1,2,8,1,0,0,0
1612,林森北路481~510號,5.22,14.0,4,18,49.05,0,0,0,1,9200000,187564,RPPTMLKLPHPFFCA48DA,1,1,0,109,577120.0,16.06153846153846,150.9230769230769,1,0,0,0,0,0,0,0,0,0,0,0,1,0,0,0,0,25.056629,121.525492,0,20,20,15,10,20,1,0,0,1
1613,臺北市中山區北安路601~630號,38.17,6.0,4,44,170.1,2,2,2,1,23500000,138154,RPTSMLPJQHPFFCA09CA,1,1,0,109,425089.23076923075,117.44615384615385,523.3846153846154,1,0,0,0,0,0,0,0,0,0,0,0,0,0,0,1,0,25.082268,121.548685,0,16,15,2,9,12,2,0,1,0
1614,明水路631~660號,10.83,9.0,4,14,45.47,0,1,1,1,10680000,234880,RPRNMLQKPHPFFCA68EA,1,1,0,109,722707.6923076923,33.323076923076925,139.9076923076923,1,0,0,0,0,0,0,0,0,0,0,0,0,0,0,1,0,25.0825588,121.5509111,0,16,13,1,6,18,1,0,1,0
1615,新生北路一段61~90號,5.68,9.0,4,16,35.95,3,1,1,1,9100000,253129,RPOOMLSJPHPFFCA58EA,1,1,0,109,778858.4615384615,17.476923076923075,110.61538461538463,1,0,0,0,0,0,0,0,0,0,0,0,0,0,0,1,0,25.0491044,121.5292611,1,20,20,10,9,20,1,2,0,0
1616,民生東路三段88巷31~60號,21.02,13.0,4,35,103.16999999999999,3,2,1,1,20600000,199651,RPWNMLSJPHPFFCA66EA,1,1,0,109,614310.7692307692,64.67692307692307,317.4461538461538,1,0,0,0,0,0,0,0,0,0,0,0,1,0,0,0,0,25.0577097,121.5430076,0,20,20,9,14,20,0,1,1,0
1617,復興北路211~240號,22.82,14.0,4,35,111.76,3,2,2,1,21200000,189692,RPWQMLQJPHPFFCA76EA,1,1,0,109,583667.6923076923,70.21538461538461,343.8769230769231,1,0,0,0,0,0,0,0,0,0,0,0,1,0,0,0,0,25.056428,121.544505,0,20,20,8,16,20,0,1,1,0
1618,建國北路二段61~90號,14.8,13.0,4,39,117.84,2,2,2,1,23320000,197895,RPVOMLSJPHPFFCA66EA,1,1,0,109,608907.6923076923,45.53846153846154,362.5846153846154,1,0,0,0,0,0,0,0,0,0,0,0,1,0,0,0,0,25.055757,121.537466,1,20,20,3,13,20,1,2,0,0
1619,新生北路二段58巷31~60號,14.08,6.0,4,17,68.32,2,1,1,0,10000000,146370,RPXQMLPKPHPFFCA86EA,1,2,1,109,450369.23076923075,43.32307692307692,210.21538461538458,1,0,0,0,0,0,0,0,0,0,0,0,0,0,0,1,0,25.0554073,121.5264466,0,20,20,9,8,20,1,0,0,0
1620,中山北路一段83巷31~60號,16.27,15.0,4,13,173.9,3,2,2,1,33680000,193675,RPQNMLQKPHPFFCA58EA,2,1,1,109,595923.0769230769,50.06153846153846,535.0769230769231,1,0,0,0,0,0,0,0,0,0,0,0,1,0,0,0,0,25.0500512,121.5243787,0,20,20,9,11,20,0,0,1,0
1621,長安東路二段31~60號,17.1,5.0,4,35,55.97,1,1,1,0,11150000,199214,RPWNMLQKPHPFFCA56EA,1,1,0,109,612966.1538461539,52.61538461538462,172.2153846153846,1,0,0,0,0,0,0,0,0,0,0,0,0,1,0,0,0,25.048623,121.5311785,1,20,20,11,8,20,1,2,1,0
1622,長安東路一段61~90號,31.71,6.0,4,48,162.07,0,0,0,0,22063500,136136,RPVPMLRKPHPFFCA76EA,1,1,0,109,418880.0,97.56923076923077,498.67692307692306,1,0,0,0,0,0,0,0,0,0,0,0,0,0,0,1,0,25.0487171,121.5271069,1,19,20,5,9,20,1,1,0,0
1623,敬業三路162巷1~30號,47.09,10.0,4,21,155.43,3,2,2,1,25000000,160844,RPXOMLPKPHPFFCA56DA,1,1,0,109,494904.6153846154,144.8923076923077,478.24615384615385,1,0,0,0,0,0,0,0,0,0,0,0,0,0,0,1,0,25.0791581,121.5572576,0,3,6,2,8,12,2,1,0,0
1624,建國北路二段1~30號,10.2,14.0,4,15,127.84,1,1,1,1,20000000,156446,RPOOMLOKPHPFFCA18DA,2,1,1,109,481372.3076923077,31.38461538461538,393.3538461538462,1,0,0,0,0,0,0,0,0,0,0,0,1,0,0,0,0,25.0523809,121.5371887,1,20,20,8,10,20,2,3,1,0
1625,民權東路一段61~90號,4.8,11.0,4,43,45.74,1,1,1,1,7150000,156318,RPVRMLKKPHPFFCA78DA,1,1,0,109,480978.4615384615,14.769230769230768,140.73846153846154,1,0,0,0,0,0,0,0,0,0,0,0,1,0,0,0,0,25.0629119,121.525043,0,20,20,20,13,20,2,2,1,1
1626,新生北路二段137巷1~30號,20.0,5.0,4,40,70.64,2,1,1,0,11800000,167044,RPUTMLMJPHPFFCA98DA,1,1,0,109,513981.53846153844,61.53846153846153,217.35384615384615,1,0,0,0,0,0,0,0,0,0,0,0,0,1,0,0,0,25.0613376,121.5279855,0,17,20,19,10,20,2,1,1,0
1627,錦州街23巷1~30號,6.65,14.0,4,6,62.81999999999999,1,1,1,1,14050000,223655,RPPTMLNKPHPFFCA68DA,1,1,0,109,688169.2307692308,20.461538461538463,193.29230769230767,1,0,0,0,0,0,0,0,0,0,0,0,1,0,0,0,0,25.0606662,121.5252036,0,20,20,20,12,20,2,1,1,1
1628,中山北路二段65巷1~30號,5.28,14.0,4,20,76.4,2,1,1,1,16000000,209424,RPUNMLLKPHPFFCA38DA,1,1,1,109,644381.5384615385,16.246153846153845,235.0769230769231,1,0,0,0,0,0,0,0,0,0,0,0,1,0,0,0,0,25.0571759,121.52326,0,20,20,15,8,20,0,0,1,1
1629,合江街91~120號,31.37,7.0,4,9,142.13,2,1,2,1,31200000,219517,RPRSMLKLPHPFFCA58DA,1,1,1,109,675436.923076923,96.52307692307693,437.3230769230769,1,0,0,0,0,0,0,0,0,0,0,0,0,0,0,1,0,25.059432,121.539345,0,19,20,7,13,20,0,0,0,8
1630,敬業三路162巷31~60號,47.09,8.0,4,21,155.20999999999998,3,2,2,1,25380000,163520,RPXPMLRKPHPFFCA86DA,1,1,1,109,503138.4615384615,144.8923076923077,477.56923076923067,1,0,0,0,0,0,0,0,0,0,0,0,0,0,0,1,0,25.079056,121.557962,0,3,6,2,9,12,2,1,0,0
1631,松江路188巷1~30號,14.81,6.0,4,5,71.41,1,1,1,1,24000000,336087,RPVUMLQKPHPFFCA07DA,1,1,1,109,1034113.8461538461,45.56923076923077,219.72307692307692,1,0,0,0,0,0,0,0,0,0,0,0,0,0,0,1,0,25.0568621,121.5326069,1,20,20,10,10,20,2,2,1,0
1632,樂群二路181~210號,47.09,8.0,4,21,155.39999999999998,3,2,2,1,26400000,169884,RPUNMLRKPHPFFCA98DA,1,1,0,109,522720.0,144.8923076923077,478.1538461538461,1,0,0,0,0,0,0,0,0,0,0,0,0,0,0,1,0,25.0802552,121.558391,0,3,9,2,7,20,2,1,0,0
1633,龍江路271~300號,7.47,8.0,4,21,37.16,1,1,1,1,8000000,215285,RPOPMLRKPHPFFCA68EA,1,1,0,109,662415.3846153846,22.984615384615385,114.33846153846153,1,0,0,0,0,0,0,0,0,0,0,0,0,0,0,1,0,25.0595362,121.540871,0,20,20,6,9,20,0,1,1,0
1634,敬業二路69巷31~60號,11.3,10.0,4,14,46.7,1,1,1,1,10500000,224839,RPWSMLRKPHPFFCA17EA,1,1,0,109,691812.3076923076,34.769230769230774,143.6923076923077,1,0,0,0,0,0,0,0,0,0,0,0,0,0,0,1,0,25.0821294,121.5533892,0,18,12,2,8,20,0,0,1,0
1635,龍江路394巷1~30號,24.04,5.0,4,39,89.7,3,2,2,0,15500000,172798,RPXNMLSJPHPFFCA76EA,1,1,0,109,531686.1538461539,73.96923076923076,276.0,1,0,0,0,0,0,0,0,0,0,0,0,0,1,0,0,0,25.067303,121.540841,0,3,10,1,2,10,1,1,0,0
1636,民生東路二段147巷6弄1~30號,22.75,3.0,3,35,49.26,2,1,1,0,9000000,182704,RPQRMLOKPHPFFCA78EA,1,1,0,109,562166.1538461539,70.0,151.56923076923076,1,0,0,0,0,0,0,0,0,0,0,0,0,1,0,0,0,25.059296,121.534713,1,20,20,10,8,20,1,2,1,17
1637,合江街36巷31~60號,25.4,5.0,4,39,90.43,8,3,4,0,18300000,202366,RPQPMLSJPHPFFCA88EA,1,1,0,109,622664.6153846154,78.15384615384615,278.24615384615385,1,0,0,0,0,0,0,0,0,0,0,0,0,1,0,0,0,25.0555906,121.5379137,1,20,20,4,15,20,1,2,0,0
1638,松江路313巷1~30號,44.75,4.0,4,46,125.76,6,2,5,0,23300000,185274,RPOPMLNKPHPFFCA28EA,1,1,0,109,570073.8461538461,137.69230769230768,386.95384615384614,1,0,0,0,0,0,0,0,0,0,0,0,0,1,0,0,0,25.0619008,121.533635,0,20,20,11,10,20,0,0,1,19
1639,長春路1~30號,8.4,14.0,4,11,113.63,2,1,1,1,24500000,246441,RPPPMLNKPHPFFCA38EA,1,1,1,109,758280.0,25.846153846153847,349.6307692307692,1,0,0,0,0,0,0,0,0,0,0,0,1,0,0,0,0,25.054741,121.542881,0,20,20,9,17,20,0,0,1,0
1640,民生西路66巷25弄1~30號,26.5,4.0,4,44,72.1,3,2,1,0,13600000,188627,RPVOMLNKPHPFFCA88EA,1,1,0,109,580390.7692307692,81.53846153846153,221.8461538461538,1,0,0,0,0,0,0,0,0,0,0,0,0,1,0,0,0,25.0565341,121.5208189,0,20,20,15,10,20,1,0,2,1
1641,建國北路二段116巷1~30號,29.29,7.0,4,37,140.57,3,2,2,1,32000000,227645,RPOPMLSJPHPFFCA68EA,1,1,0,109,700446.1538461539,90.12307692307692,432.52307692307687,1,0,0,0,0,0,0,0,0,0,0,0,0,0,0,1,0,25.0589354,121.5359118,1,20,20,8,10,20,1,2,1,16
1642,新生北路三段82巷1~30號,6.9,6.0,4,29,47.41,2,1,1,0,8200000,172959,RPSOMLRKPHPFFCA98EA,1,1,0,109,532181.5384615385,21.23076923076923,145.87692307692305,1,0,0,0,0,0,0,0,0,0,0,0,0,0,0,1,0,25.0671118,121.5273123,0,11,20,13,16,20,2,0,1,1
1643,明水路391~420號,42.73,9.0,4,26,187.57999999999998,4,2,2,1,43500000,231901,RPSSMLKLPHPFFCA78EA,1,1,1,109,713541.5384615384,131.47692307692307,577.1692307692307,1,0,0,0,0,0,0,0,0,0,0,0,0,0,0,1,0,25.0774329,121.5471708,0,0,5,2,6,5,2,1,1,0
1644,明水路631~660號,10.98,9.0,4,14,46.05,1,1,1,1,10150000,220413,RPOTMLKLPHPFFCA48EA,1,1,0,109,678193.8461538461,33.784615384615385,141.69230769230768,1,0,0,0,0,0,0,0,0,0,0,0,0,0,0,1,0,25.0825588,121.5509111,0,16,13,1,6,18,1,0,1,0
1645,南京東路三段109巷1~30號,34.83,4.0,4,46,109.48,6,2,3,0,19660000,179576,RPXTMLKLPHPFFCA76EA,1,1,0,109,552541.5384615385,107.16923076923077,336.8615384615385,1,0,0,0,0,0,0,0,0,0,0,0,0,1,0,0,0,25.0523678,121.5399041,0,20,20,8,12,20,1,1,1,0
1646,新生北路二段61~90號,3.11,12.0,4,41,34.03,1,1,1,1,5300000,155745,RPXUMLKLPHPFFCA86EA,1,1,0,109,479215.3846153846,9.569230769230769,104.70769230769231,1,0,0,0,0,0,0,0,0,0,0,0,1,0,0,0,0,25.0562845,121.5277511,0,20,20,9,13,20,1,0,0,0
1647,明水路526巷31~60號,63.11,9.0,4,17,186.37,3,2,2,1,61280000,393677,RPOVMLKLPHPFFCA68EA,1,1,1,109,1211313.846153846,194.18461538461537,573.4461538461538,1,0,0,0,0,0,0,0,0,0,0,0,0,0,0,1,0,25.0793852,121.5526547,0,11,8,3,9,11,1,0,0,0
1648,長春路1~30號,3.69,14.0,4,11,41.980000000000004,1,1,1,1,10900000,259647,RPPVMLKLPHPFFCA78EA,1,1,0,109,798913.8461538461,11.353846153846153,129.16923076923078,1,0,0,0,0,0,0,0,0,0,0,0,1,0,0,0,0,25.054741,121.542881,0,20,20,9,17,20,0,0,1,0
1649,復興南路一段31~60號,6.98,12.0,4,40,73.39,2,2,1,1,18050000,245946,RPPOMLRKPHPFFCA58DA,1,2,0,109,756756.923076923,21.47692307692308,225.8153846153846,1,0,0,0,0,0,0,0,0,0,0,0,1,0,0,0,0,25.0463947,121.5441547,0,20,20,10,11,20,2,1,0,0
1650,中山北路二段85巷1~30號,11.28,7.0,4,2,59.33,1,1,1,1,16800000,283162,RPRSMLRKPHPFFCA56DA,1,1,0,109,871267.6923076923,34.707692307692305,182.55384615384614,1,0,0,0,0,0,0,0,0,0,0,0,0,0,0,1,0,25.0588815,121.5235197,0,20,20,19,10,20,0,1,1,1
1651,建國北路一段31~60號,23.46,10.0,4,24,243.10999999999999,0,2,1,1,52180000,214635,RPWRMLPKPHPFFCA76DA,1,2,2,109,660415.3846153846,72.18461538461538,748.0307692307691,1,0,0,0,0,0,0,0,0,0,0,0,0,0,0,1,0,25.047585,121.5370531,0,20,15,11,8,20,1,1,0,0
1652,林森北路85巷66弄1~30號,8.29,5.0,4,37,32.58,1,1,1,1,4700000,144260,RPUQMLTJPHPFFCA76DA,1,1,0,109,443876.92307692306,25.507692307692306,100.24615384615383,1,0,0,0,0,0,0,0,0,0,0,0,0,0,0,1,0,25.0490831,121.5272081,1,18,20,8,11,20,1,2,0,0
1653,八德路二段167巷1~30號,12.14,6.0,4,26,41.92,1,1,1,0,9600000,229008,RPXRMLNJPHPFFCA56DA,1,1,0,109,704640.0,37.353846153846156,128.98461538461538,1,0,0,0,0,0,0,0,0,0,0,0,0,0,0,1,0,25.0465638,121.5382515,0,11,11,7,9,20,2,1,0,0
1654,中山北路二段20巷1~30號,26.43,5.0,4,45,117.38,3,2,1,0,24200000,206168,RPRWMLKLPHPFFCA98DA,1,1,0,109,634363.0769230769,81.32307692307693,361.16923076923075,1,0,0,0,0,0,0,0,0,0,0,0,0,0,0,1,0,25.0536005,121.5220137,0,20,20,6,10,20,0,2,2,0
1655,長春路61~90號,4.1,12.0,4,41,36.04,1,1,1,1,6000000,166482,RPPUMLKLPHPFFCA58DA,1,1,0,109,512252.3076923077,12.615384615384613,110.89230769230768,1,0,0,0,0,0,0,0,0,0,0,0,1,0,0,0,0,25.0550126,121.5262836,0,20,20,9,8,20,1,0,0,0
1656,民生東路一段61~90號,5.92,11.0,4,29,47.6,1,1,1,1,7200000,151261,RPRTMLKLPHPFFCA68DA,1,1,0,109,465418.4615384615,18.215384615384615,146.46153846153845,1,0,0,0,0,0,0,0,0,0,0,0,1,0,0,0,0,25.0581862,121.5265178,0,20,20,17,7,20,0,1,0,1
1657,錦州街426巷1弄1~30號,6.26,5.0,4,40,25.27,0,0,0,0,2200000,87060,RPQSMLKLPHPFFCA48DA,1,1,0,109,267876.92307692306,19.26153846153846,77.75384615384615,1,0,0,0,0,0,0,0,0,0,0,0,0,1,0,0,0,25.0599038,121.542818,0,20,20,7,9,17,1,2,1,0
1658,民權東路三段61~90號,25.65,19.0,4,35,239.47,3,2,2,1,54300000,226751,RPSRMLMLPHPFFCA78DA,1,1,1,109,697695.3846153846,78.92307692307692,736.8307692307692,1,0,0,0,0,0,0,0,0,0,0,0,1,0,0,0,0,25.0625501,121.5432045,0,20,18,5,8,7,1,2,1,0
1659,中山北路一段126巷1~30號,18.05,7.0,4,23,84.28,2,2,1,1,19580000,232321,RPVSMLLLPHPFFCA56EA,1,1,1,109,714833.8461538461,55.53846153846154,259.32307692307694,1,0,0,0,0,0,0,0,0,0,0,0,0,0,0,1,0,25.050965,121.5213483,0,20,20,7,10,20,0,2,1,0
1660,建國北路三段81巷1~30號,19.19,7.0,4,40,111.0,3,2,2,0,17000000,153153,RPSRMLLLPHPFFCA78EA,2,1,0,109,471240.0,59.04615384615385,341.53846153846155,1,0,0,0,0,0,0,0,0,0,0,0,0,0,0,1,0,25.0654905,121.5372237,0,5,15,2,3,18,1,0,0,20
1661,建國南路一段1~30號,7.94,12.0,4,39,52.870000000000005,0,0,0,1,16000000,302629,RPTPMLLLPHPFFCA68EA,1,1,0,109,931166.1538461538,24.430769230769233,162.6769230769231,1,0,0,0,0,0,0,0,0,0,0,0,1,0,0,0,0,25.0456651,121.5369734,0,11,15,8,10,20,1,1,0,0
1662,新生北路三段62巷1~30號,37.99,5.0,4,32,144.7,0,0,0,0,21500000,148583,RPORMLLLPHPFFCA38EA,1,1,0,109,457178.4615384615,116.8923076923077,445.23076923076917,1,0,0,0,0,0,0,0,0,0,0,0,0,1,0,0,0,25.0657092,121.5268627,0,14,20,17,10,20,2,1,1,1
1663,民生東路一段61~90號,5.0,12.0,4,40,50.379999999999995,0,0,1,1,7500000,148869,RPTRMLKLPHPFFCA78EA,1,1,0,109,458058.4615384615,15.384615384615383,155.0153846153846,1,0,0,0,0,0,0,0,0,0,0,0,1,0,0,0,0,25.0581862,121.5265178,0,20,20,17,7,20,0,1,0,1
1664,松江路297巷1~30號,40.0,4.0,3,53,96.87,3,2,2,0,17300000,178590,RPRUMLKLPHPFFCA88EA,1,1,0,109,549507.6923076923,123.07692307692307,298.0615384615385,1,0,0,0,0,0,0,0,0,0,0,0,0,1,0,0,0,25.0611848,121.5338536,0,20,20,10,10,20,0,0,1,18
1665,農安街1巷31~60號,8.63,14.0,4,5,138.21,2,1,1,1,20110000,202425,RPTOMLNKPHPFFCA68EA,1,1,1,109,622846.1538461539,26.553846153846155,425.26153846153846,1,0,0,0,0,0,0,0,0,0,0,0,1,0,0,0,0,25.064967,121.5295986,0,10,20,14,8,20,2,1,1,0
1666,林森北路391~420號,5.11,13.0,4,37,54.68,1,1,1,1,6800000,124360,RPXOMLNKPHPFFCA09EA,3,1,0,109,382646.1538461538,15.723076923076924,168.24615384615385,1,0,0,0,0,0,0,0,0,0,0,0,1,0,0,0,0,25.056629,121.525492,0,20,20,15,10,20,1,0,0,1
1667,長安東路二段1~30號,10.74,8.0,4,14,51.010000000000005,2,1,1,1,10800000,211723,RPOSMLMLPHPFFCA58EA,1,1,0,109,651455.3846153846,33.04615384615384,156.95384615384617,1,0,0,0,0,0,0,0,0,0,0,0,0,0,0,1,0,25.0486369,121.5302099,1,20,20,12,9,20,1,2,1,0
1668,松江路77巷1~30號,5.87,11.0,4,17,32.8,1,1,1,1,10880000,331707,RPVSMLMLPHPFFCA66EA,2,1,0,109,1020636.923076923,18.06153846153846,100.9230769230769,1,0,0,0,0,0,0,0,0,0,0,0,1,0,0,0,0,25.0497037,121.5339815,1,20,20,12,9,20,1,3,1,0
1669,林森北路451~480號,4.7,14.0,4,18,63.89,1,1,1,1,8550000,133824,RPTNMLMLPHPFFCA58EA,1,1,1,109,411766.1538461538,14.461538461538462,196.58461538461538,1,0,0,0,0,0,0,0,0,0,0,0,1,0,0,0,0,25.056629,121.525492,0,20,20,15,10,20,1,0,0,1
1670,中山北路二段91~120號,7.21,14.0,4,2,87.53,2,1,1,1,23700000,304677,RPQOMLMLPHPFFCA38EA,2,1,1,109,937467.6923076923,22.184615384615384,269.32307692307694,1,0,0,0,0,0,0,0,0,0,0,0,1,0,0,0,0,25.059308,121.523262,0,20,20,19,10,20,0,1,2,1
1671,中山北路二段91~120號,7.21,14.0,4,2,87.50999999999999,2,1,1,1,23800000,306195,RPROMLMLPHPFFCA48EA,2,1,1,109,942138.4615384615,22.184615384615384,269.2615384615384,1,0,0,0,0,0,0,0,0,0,0,0,1,0,0,0,0,25.059308,121.523262,0,20,20,19,10,20,0,1,2,1
1672,復興北路31~60號,3.49,11.0,4,45,32.78,0,0,0,1,2777975,84746,RPVPMLMLPHPFFCA98EA,1,1,0,109,260756.92307692306,10.73846153846154,100.86153846153846,1,0,0,0,0,0,0,0,0,0,0,0,0,0,0,1,0,25.049515,121.544416,0,20,20,12,9,20,2,2,1,0
1673,林森北路91~120號,6.15,12.0,4,33,74.28,2,2,1,1,12000000,161551,RPTSMLMLPHPFFCA98DA,1,1,0,109,497080.0,18.923076923076923,228.55384615384614,1,0,0,0,0,0,0,0,0,0,0,0,1,0,0,0,0,25.0500055,121.5249729,0,20,20,9,11,20,0,0,0,0
1674,吉林路447巷1~30號,33.25,4.0,4,46,95.24,3,2,1,0,12000000,125997,RPOTMLMLPHPFFCA58DA,1,1,0,109,387683.07692307694,102.3076923076923,293.0461538461538,1,0,0,0,0,0,0,0,0,0,0,0,0,1,0,0,0,25.0674054,121.5307715,0,2,14,2,14,8,0,0,0,1
1675,南京東路一段132巷31~60號,9.0,6.0,4,36,43.69,1,1,1,0,5500000,125887,RPWPMLMLPHPFFCA98DA,1,1,0,109,387344.6153846154,27.69230769230769,134.43076923076922,1,0,0,0,0,0,0,0,0,0,0,0,0,1,0,0,0,25.0505227,121.5270535,0,20,20,8,9,20,2,2,0,0
1676,中山北路二段115巷1~30號,32.49,17.0,4,31,303.82,5,2,3,1,52540000,172931,RPTQMLMLPHPFFCA78DA,2,1,1,109,532095.3846153846,99.96923076923078,934.8307692307692,1,0,0,0,0,0,0,0,0,0,0,0,1,0,0,0,0,25.0610459,121.5234886,0,20,20,20,12,20,2,1,3,1
1677,新生北路三段1~30號,6.01,11.0,4,9,73.66,1,1,1,1,13000000,176487,RPQNMLMLPHPFFCA18DA,1,1,1,109,543036.923076923,18.49230769230769,226.64615384615382,1,0,0,0,0,0,0,0,0,0,0,0,1,0,0,0,0,25.0628897,121.5281771,0,11,20,16,10,20,2,1,1,0
1678,撫順街1~30號,13.88,14.0,4,17,169.66,4,1,2,1,32000000,188613,RPSNMLRKPHPFFCA78DA,1,1,1,109,580347.6923076923,42.707692307692305,522.0307692307692,1,0,0,0,0,0,0,0,0,0,0,0,1,0,0,0,0,25.0638973,121.5219221,0,20,20,20,10,20,2,4,2,1
1679,林森北路399巷1~30號,5.45,8.0,4,21,42.85,1,1,1,1,5600000,130688,RPPRMLRLPHPFFCA98DA,1,1,0,109,402116.92307692306,16.76923076923077,131.84615384615384,1,0,0,0,0,0,0,0,0,0,0,0,0,0,0,1,0,25.059267,121.5256771,0,20,20,20,11,20,2,1,1,1
1680,五常街11巷1~30號,9.93,17.0,4,2,64.56,1,1,1,1,16200000,250929,RPTNMLQKPHPFFCA78DA,2,1,0,109,772089.2307692308,30.553846153846152,198.64615384615385,1,0,0,0,0,0,0,0,0,0,0,0,1,0,0,0,0,25.0645708,121.5377789,0,7,19,2,4,18,1,0,0,20
1681,五常街11巷1~30號,9.93,17.0,4,2,64.56,1,1,1,1,16000000,247831,RPUNMLQKPHPFFCA88DA,2,1,0,109,762556.923076923,30.553846153846152,198.64615384615385,1,0,0,0,0,0,0,0,0,0,0,0,1,0,0,0,0,25.0645708,121.5377789,0,7,19,2,4,18,1,0,0,20
1682,民權東路二段1~30號,15.83,12.0,4,37,99.16000000000001,2,2,1,1,20800000,209762,RPVRMLSJPHPFFCA86DA,2,1,0,109,645421.5384615385,48.707692307692305,305.10769230769233,1,0,0,0,0,0,0,0,0,0,0,0,1,0,0,0,0,25.0628844,121.5280983,0,12,20,17,10,20,2,1,1,1
1683,五常街11巷1~30號,12.22,17.0,4,2,112.22,2,1,1,1,21000000,253438,RPWNMLQKPHPFFCA09DA,2,1,1,109,779809.2307692308,37.6,345.2923076923077,1,0,0,0,0,0,0,0,0,0,0,0,1,0,0,0,0,25.0645708,121.5377789,0,7,19,2,4,18,1,0,0,20
1684,吉林路299巷1~30號,33.0,5.0,4,26,112.66,4,2,2,0,21300000,189064,RPPTMLLLPHPFFCA58DA,2,1,0,109,581735.3846153846,101.53846153846153,346.6461538461538,1,0,0,0,0,0,0,0,0,0,0,0,0,0,0,1,0,25.0632154,121.5305877,0,10,20,7,11,20,2,1,2,7
1685,中山北路二段65巷1~30號,22.39,12.0,4,1,206.29000000000002,0,0,0,1,52300000,299691,RPOUMLKLPHPFFCA48DA,1,1,1,106,922126.1538461538,68.8923076923077,634.7384615384616,1,0,0,0,0,0,0,0,0,0,0,0,1,0,0,0,0,25.0571759,121.52326,0,20,20,15,8,20,0,0,1,1
1686,中山北路二段65巷1~30號,13.37,12.0,4,1,135.5,0,0,0,1,31100000,299852,RPUVMLKLPHPFFCA56DA,1,1,1,106,922621.5384615384,41.138461538461534,416.9230769230769,1,0,0,0,0,0,0,0,0,0,0,0,1,0,0,0,0,25.0571759,121.52326,0,20,20,15,8,20,0,0,1,1
1687,中山北路二段65巷1~30號,21.96,12.0,4,1,248.23999999999998,2,2,2,1,53350000,287048,RPUTMLKLPHPFFCA98DA,1,1,2,106,883224.6153846154,67.56923076923077,763.8153846153846,1,0,0,0,0,0,0,0,0,0,0,0,1,0,0,0,0,25.0571759,121.52326,0,20,20,15,8,20,0,0,1,1
1688,中山北路二段65巷1~30號,18.15,12.0,4,1,180.42,2,2,2,1,42000000,281407,RPWTMLKLPHPFFCA56DA,1,1,1,106,865867.6923076923,55.84615384615384,555.1384615384615,1,0,0,0,0,0,0,0,0,0,0,0,1,0,0,0,0,25.0571759,121.52326,0,20,20,15,8,20,0,0,1,1
1689,中山北路二段65巷1~30號,20.22,12.0,4,1,190.7,0,0,0,1,46170000,289945,RPSUMLKLPHPFFCA88DA,1,1,1,109,892138.4615384615,62.21538461538461,586.7692307692307,1,0,0,0,0,0,0,0,0,0,0,0,1,0,0,0,0,25.0571759,121.52326,0,20,20,15,8,20,0,0,1,1
1690,中山北路二段65巷1~30號,12.72,12.0,4,1,94.03999999999999,0,0,0,1,28420000,302212,RPUUMLKLPHPFFCA09DA,1,1,0,106,929883.0769230769,39.13846153846154,289.3538461538461,1,0,0,0,0,0,0,0,0,0,0,0,1,0,0,0,0,25.0571759,121.52326,0,20,20,15,8,20,0,0,1,1
1691,中山北路二段65巷1~30號,7.07,12.0,4,1,56.8,1,2,1,1,16500000,290493,RPWUMLKLPHPFFCA66DA,1,1,0,106,893824.6153846154,21.753846153846155,174.76923076923075,1,0,0,0,0,0,0,0,0,0,0,0,1,0,0,0,0,25.0571759,121.52326,0,20,20,15,8,20,0,0,1,1
1692,中山北路二段65巷1~30號,30.98,12.0,4,1,308.6,4,2,3,1,71460000,292720,RPRVMLKLPHPFFCA88DA,1,1,2,106,900676.923076923,95.32307692307693,949.5384615384615,1,0,0,0,0,0,0,0,0,0,0,0,1,0,0,0,0,25.0571759,121.52326,0,20,20,15,8,20,0,0,1,1
1693,建國北路三段61~90號,8.41,14.0,4,6,84.34,0,0,0,1,19480000,230970,RPORMLMLPHPFFCA38DA,2,1,0,109,710676.923076923,25.876923076923077,259.5076923076923,1,0,0,0,0,0,0,0,0,0,0,0,1,0,0,0,0,25.0647501,121.537375,0,6,18,2,4,18,1,0,0,20
1694,林森北路271~300號,4.25,12.0,4,44,53.42,1,1,1,1,8800000,164732,RPOUMLMLPHPFFCA68DA,2,1,0,109,506867.6923076923,13.076923076923077,164.36923076923077,1,0,0,0,0,0,0,0,0,0,0,0,1,0,0,0,0,25.056629,121.525492,0,20,20,15,10,20,1,0,0,1
1695,合江街102巷31~60號,28.75,4.0,4,45,87.71,3,2,1,0,14300000,163037,RPQNMLNLPHPFFCA28DA,1,1,0,109,501652.3076923077,88.46153846153845,269.87692307692305,1,0,0,0,0,0,0,0,0,0,0,0,0,1,0,0,0,25.0589088,121.5374447,1,20,20,9,9,20,0,2,1,15
1696,錦州街331~360號,0.0,4.0,4,44,14.15,2,1,1,0,312111,22057,RPQOMLOLPHPFFCA58EA,0,1,0,109,67867.69230769231,0.0,43.53846153846154,1,0,0,0,0,0,0,0,0,0,0,0,0,1,0,0,0,25.0603641,121.5389614,0,17,20,8,9,20,1,0,0,14
1697,五常街31~60號,11.49,12.0,4,5,61.870000000000005,1,1,1,1,15800000,255374,RPQQMLNLPHPFFCA68EA,2,1,0,109,785766.1538461539,35.353846153846156,190.36923076923077,1,0,0,0,0,0,0,0,0,0,0,0,1,0,0,0,0,25.064421,121.53852,0,9,18,3,4,16,1,1,0,19
1698,林森北路511~540號,4.66,14.0,4,16,50.54,1,1,1,1,13260000,262366,RPSQMLNLPHPFFCA88EA,1,1,0,109,807280.0,14.338461538461539,155.5076923076923,1,0,0,0,0,0,0,0,0,0,0,0,1,0,0,0,0,25.056629,121.525492,0,20,20,15,10,20,1,0,0,1
1699,松江路151~180號,25.39,12.0,4,42,295.08000000000004,9,2,0,1,58800000,199268,RPVPMLQKPHPFFCA66EA,2,2,2,109,613132.3076923076,78.12307692307692,907.9384615384616,1,0,0,0,0,0,0,0,0,0,0,0,1,0,0,0,0,25.0554652,121.5332848,1,20,20,8,13,20,2,3,2,0
1700,錦州街331~360號,0.0,4.0,4,44,14.15,0,0,0,0,800000,56537,RPVNMLRKPHPFFCA56EA,0,1,0,109,173960.0,0.0,43.53846153846154,1,0,0,0,0,0,0,0,0,0,0,0,0,1,0,0,0,25.0603641,121.5389614,0,17,20,8,9,20,1,0,0,14
1701,建國北路二段121~150號,14.77,15.0,4,35,133.47,3,2,2,1,24800000,185810,RPWNMLRKPHPFFCA66EA,1,1,0,109,571723.0769230769,45.44615384615384,410.67692307692306,1,0,0,0,0,0,0,0,0,0,0,0,1,0,0,0,0,25.059672,121.537462,0,20,18,9,10,20,0,0,1,16
1702,吉林路461巷1~30號,40.0,4.0,4,50,100.24,3,2,1,0,13900000,138667,RPXNMLLLPHPFFCA88EA,1,1,0,109,426667.6923076923,123.07692307692307,308.4307692307692,1,0,0,0,0,0,0,0,0,0,0,0,0,1,0,0,0,25.0678432,121.5307177,0,1,11,2,13,8,0,0,0,1
1703,復興北路421~450號,7.51,12.0,4,13,43.78,1,1,1,1,10850000,247830,RPOOMLLLPHPFFCA08EA,2,1,0,109,762553.8461538461,23.107692307692307,134.7076923076923,1,0,0,0,0,0,0,0,0,0,0,0,1,0,0,0,0,25.0632342,121.5444647,0,20,19,5,4,6,1,2,1,0
1704,明水路421~450號,32.12,14.0,4,27,180.77,3,2,2,1,29000000,160425,RPSNMLKMPHPFFCA38EA,1,1,1,109,493615.3846153846,98.83076923076922,556.2153846153847,1,0,0,0,0,0,0,0,0,0,0,0,1,0,0,0,0,25.0774939,121.5489991,0,3,7,2,9,5,2,0,1,0
1705,撫順街1~30號,6.52,15.0,4,10,71.3,1,1,1,1,17000000,238429,RPRSMLOLPHPFFCA09EA,1,1,0,109,733627.6923076923,20.061538461538458,219.38461538461536,1,0,0,0,0,0,0,0,0,0,0,0,1,0,0,0,0,25.0638973,121.5219221,0,20,20,20,10,20,2,4,2,1
1706,龍江路271巷1~30號,26.4,7.0,4,38,138.28,3,2,2,1,21596520,156180,RPTQMLNLPHPFFCA98EA,1,1,0,109,480553.8461538461,81.23076923076923,425.4769230769231,1,0,0,0,0,0,0,0,0,0,0,0,0,0,0,1,0,25.0595608,121.5409452,0,20,20,7,8,20,0,2,1,0
1707,農安街31~60號,5.55,10.0,4,42,55.83,2,2,1,1,9800000,175533,RPUQMLNLPHPFFCA09EA,1,1,0,109,540101.5384615385,17.076923076923077,171.78461538461536,1,0,0,0,0,0,0,0,0,0,0,0,0,0,0,1,0,25.0650091,121.5250094,0,20,20,19,11,20,2,2,1,1
1708,民權東路一段31~60號,8.35,12.0,4,14,72.94,1,1,1,1,16150000,221415,RPVPMLOLPHPFFCA56EA,1,2,0,109,681276.923076923,25.69230769230769,224.43076923076922,1,0,0,0,0,0,0,0,0,0,0,0,1,0,0,0,0,25.0629946,121.5241052,0,20,20,20,11,20,2,2,2,2
1709,林森北路61~90號,23.6,14.0,4,14,208.91,4,2,2,1,44600000,250655,RPVOMLNLPHPFFCA88DA,2,1,1,109,771246.1538461539,72.61538461538461,642.8,1,0,0,0,0,0,0,0,0,0,0,0,1,0,0,0,0,25.0485002,121.524994,0,20,20,9,8,20,0,0,1,0
1710,林森北路541~570號,44.5,12.0,4,43,449.93,0,0,0,1,220000000,488965,RPXOMLOLPHPFFCA56DA,1,1,0,109,1504507.6923076923,136.9230769230769,1384.3999999999999,1,0,0,0,0,0,0,0,0,0,0,0,1,0,0,0,0,25.056629,121.525492,0,20,20,15,10,20,1,0,0,1
1711,南京東路二段115巷3弄1~30號,20.25,4.0,3,53,54.07,3,0,3,0,10900000,201591,RPPNMLLLPHPFFCA97DA,1,1,0,109,620280.0,62.30769230769231,166.36923076923077,1,0,0,0,0,0,0,0,0,0,0,0,0,1,0,0,0,25.0533095,121.533978,1,20,20,9,11,20,2,4,1,0
1712,南京東路三段89巷15弄1~30號,22.47,7.0,4,9,98.60999999999999,2,1,1,0,25500000,258594,RPSNMLKLPHPFFCA18DA,1,1,0,109,795673.8461538461,69.13846153846153,303.41538461538454,1,0,0,0,0,0,0,0,0,0,0,0,0,0,0,1,0,25.0531557,121.5384114,1,20,20,5,14,20,2,3,0,0
1713,五常街11巷1~30號,18.55,17.0,4,2,158.18,2,2,2,1,36480000,284501,RPUNMLOKPHPFFCA68DA,2,1,1,109,875387.6923076923,57.07692307692308,486.7076923076923,1,0,0,0,0,0,0,0,0,0,0,0,1,0,0,0,0,25.0645708,121.5377789,0,7,19,2,4,18,1,0,0,20
1714,錦州街31~60號,3.21,11.0,4,39,32.480000000000004,1,1,1,0,5500000,169335,RPPTMLRJPHPFFCA98DA,1,1,0,109,521030.7692307692,9.876923076923077,99.93846153846155,1,0,0,0,0,0,0,0,0,0,0,0,1,0,0,0,0,25.0604245,121.5264838,0,20,20,20,9,20,2,1,1,1
1715,新生北路三段88巷31~60號,18.4,5.0,4,44,71.93,2,1,1,0,11000000,152926,RPRPMLNJPHPFFCA38DA,1,1,0,109,470541.53846153844,56.615384615384606,221.32307692307694,1,0,0,0,0,0,0,0,0,0,0,0,0,1,0,0,0,25.0679882,121.5265624,0,11,18,12,14,16,2,0,0,1
1716,林森北路119巷61~90號,25.5,4.0,3,35,75.6,1,2,1,0,9900000,130952,RPQNMLOJPHPFFCA18DA,1,1,0,109,402929.23076923075,78.46153846153845,232.61538461538458,1,0,0,0,0,0,0,0,0,0,0,0,0,1,0,0,0,25.0504074,121.5271956,0,20,20,9,8,20,2,2,0,0
1717,北安路821巷1弄1~30號,25.89,5.0,4,37,97.69999999999999,3,2,2,0,9000000,92119,RPROMLPKPHPFFCA58DA,1,1,0,109,283443.07692307694,79.66153846153846,300.6153846153846,1,0,0,0,0,0,0,0,0,0,0,0,0,1,0,0,0,25.0854866,121.5564783,0,1,6,1,6,17,1,0,1,0
1718,雙城街43巷1~30號,3.07,7.0,4,42,21.729999999999997,1,0,1,1,3180000,146341,RPUTMLOLPHPFFCA76DA,2,1,0,109,450280.0,9.446153846153845,66.86153846153844,1,0,0,0,0,0,0,0,0,0,0,0,0,0,0,1,0,25.0675634,121.5247386,0,11,18,15,16,17,2,1,0,1
1719,松江路31~60號,4.23,13.0,4,24,38.85,2,1,1,1,8800000,226512,RPVOMLRLPHPFFCA66DA,1,1,0,109,696960.0,13.015384615384617,119.53846153846153,1,0,0,0,0,0,0,0,0,0,0,0,1,0,0,0,0,25.0474392,121.5331738,1,19,20,10,9,20,1,1,0,0
1720,松江路188巷1~30號,14.81,6.0,4,5,71.41,1,1,1,1,23700000,331886,RPTVMLKLPHPFFCA09DA,1,1,1,109,1021187.6923076923,45.56923076923077,219.72307692307692,1,0,0,0,0,0,0,0,0,0,0,0,0,0,0,1,0,25.0568621,121.5326069,1,20,20,10,10,20,2,2,1,0
1721,遼寧街101巷1~30號,12.22,6.0,4,6,74.08,2,0,1,1,19500000,263229,RPVVMLKLPHPFFCA66DA,1,2,0,109,809935.3846153846,37.6,227.93846153846152,1,0,0,0,0,0,0,0,0,0,0,0,0,0,0,1,0,25.0504201,121.5423742,0,20,20,12,9,20,2,3,1,0
1722,龍江路318巷31~60號,30.25,5.0,4,44,103.51,3,2,2,0,15050000,145397,RPRRMLOLPHPFFCA88DA,2,1,0,109,447375.3846153846,93.07692307692308,318.4923076923077,1,0,0,0,0,0,0,0,0,0,0,0,0,1,0,0,0,25.064907,121.538807,0,8,15,2,4,17,1,1,0,18
1723,中山北路二段115巷1~30號,2.88,6.0,4,42,19.04,1,1,1,1,3600000,189076,RPPTMLMLPHPFFCA68DA,2,1,0,109,581772.3076923076,8.86153846153846,58.58461538461538,1,0,0,0,0,0,0,0,0,0,0,0,0,0,0,1,0,25.0610459,121.5234886,0,20,20,20,12,20,2,1,3,1
1724,龍江路257巷1~30號,26.4,7.0,4,38,139.12,3,2,2,1,21980376,157996,RPPNMLRLPHPFFCA68EA,1,1,0,109,486141.53846153844,81.23076923076923,428.0615384615385,1,0,0,0,0,0,0,0,0,0,0,0,0,0,0,1,0,25.0591889,121.5410296,0,20,20,7,9,20,0,1,1,0
1725,明水路601~630號,53.2,14.0,4,22,273.2,4,2,3,1,69500000,254392,RPQNMLRLPHPFFCA78EA,1,1,1,109,782744.6153846154,163.6923076923077,840.6153846153845,1,0,0,0,0,0,0,0,0,0,0,0,1,0,0,0,0,25.0808551,121.551534,0,16,8,2,9,15,1,0,1,0
1726,林森北路481~510號,4.57,14.0,4,18,63.03,1,1,1,1,9700000,153895,RPQSMLOLPHPFFCA98EA,1,1,1,109,473523.0769230769,14.061538461538461,193.93846153846152,1,0,0,0,0,0,0,0,0,0,0,0,1,0,0,0,0,25.056629,121.525492,0,20,20,15,10,20,1,0,0,1
1727,中山北路二段59巷1~30號,15.82,9.0,4,6,125.7,2,2,1,1,23500000,186953,RPPQMLRLPHPFFCA98EA,1,1,1,109,575240.0,48.676923076923075,386.7692307692308,1,0,0,0,0,0,0,0,0,0,0,0,0,0,0,1,0,25.0559648,121.5232067,0,20,20,18,11,20,0,0,2,1
1728,中山北路一段53巷1~30號,16.87,10.0,4,13,147.51999999999998,2,1,1,1,23000000,155911,RPQQMLRLPHPFFCA09EA,1,1,2,109,479726.1538461538,51.90769230769231,453.90769230769223,1,0,0,0,0,0,0,0,0,0,0,0,0,0,0,1,0,25.049378,121.5219264,0,20,20,9,5,20,0,3,1,0
1729,敬業一路128巷31~60號,14.37,7.0,4,14,51.07,1,1,1,0,11500000,225181,RPQPMLRLPHPFFCA98EA,1,1,0,109,692864.6153846154,44.215384615384615,157.13846153846154,1,0,0,0,0,0,0,0,0,0,0,0,0,0,0,1,0,25.0835087,121.5534435,0,15,11,1,6,20,0,0,1,0
1730,民生東路三段91~120號,27.36,15.0,4,35,131.69,3,2,2,1,29300000,222492,RPQOMLLLPHPFFCA28EA,1,1,0,109,684590.7692307692,84.18461538461538,405.2,1,0,0,0,0,0,0,0,0,0,0,0,1,0,0,0,0,25.0580314,121.5445184,0,20,20,8,13,20,0,1,1,0
1731,敬業二路69巷31~60號,20.64,10.0,4,14,125.91,2,1,1,1,19000000,150901,RPTRMLLLPHPFFCA88EA,1,2,2,109,464310.7692307692,63.50769230769231,387.4153846153846,1,0,0,0,0,0,0,0,0,0,0,0,0,0,0,1,0,25.0821294,121.5533892,0,18,12,2,8,20,0,0,1,0
1732,龍江路241~270號,22.63,7.0,4,38,124.41,3,2,2,0,21036169,169087,RPXQMLSLPHPFFCA27EA,1,1,0,109,520267.6923076923,69.63076923076923,382.79999999999995,1,0,0,0,0,0,0,0,0,0,0,0,0,0,0,1,0,25.0584445,121.5408121,0,20,20,7,9,20,0,0,1,0
1733,松江路391~420號,28.54,17.0,4,6,342.16999999999996,3,2,3,1,83200000,243154,RPORMLSLPHPFFCA09EA,2,1,2,109,748166.1538461539,87.81538461538462,1052.830769230769,1,0,0,0,0,0,0,0,0,0,0,0,1,0,0,0,0,25.065064,121.533545,0,7,20,4,7,20,0,0,0,20
1734,林森北路91~120號,5.84,12.0,4,39,69.21000000000001,3,2,1,1,12500000,180610,RPXQMLTLPHPFFCA37EA,1,1,0,109,555723.0769230769,17.96923076923077,212.95384615384617,1,0,0,0,0,0,0,0,0,0,0,0,1,0,0,0,0,25.0500055,121.5249729,0,20,20,9,11,20,0,0,0,0
1735,林森北路271~300號,3.4,12.0,4,44,42.25,1,1,1,1,7350000,173964,RPPRMLTLPHPFFCA66EA,2,1,0,109,535273.8461538461,10.461538461538462,130.0,1,0,0,0,0,0,0,0,0,0,0,0,1,0,0,0,0,25.056629,121.525492,0,20,20,15,10,20,1,0,0,1
1736,錦州街151~180號,13.06,12.0,4,41,142.49,5,2,3,0,22700000,159309,RPWNMLSLPHPFFCA86EA,1,1,0,109,490181.53846153844,40.184615384615384,438.4307692307693,1,0,0,0,0,0,0,0,0,0,0,0,1,0,0,0,0,25.0603365,121.5296735,0,20,20,12,10,20,2,1,2,0
1737,吉林路393巷1~30號,37.25,4.0,4,47,101.85,3,2,2,0,17200000,168876,RPWOMLSLPHPFFCA96EA,1,1,0,109,519618.4615384615,114.61538461538461,313.38461538461536,1,0,0,0,0,0,0,0,0,0,0,0,0,1,0,0,0,25.0657621,121.530701,0,9,20,5,9,14,2,0,0,3
1738,德惠街61~90號,16.99,7.0,4,37,93.11,3,1,1,0,16100000,172914,RPPPMLSLPHPFFCA98EA,1,1,0,109,532043.0769230769,52.27692307692307,286.4923076923077,1,0,0,0,0,0,0,0,0,0,0,0,0,0,0,1,0,25.0667323,121.5281633,0,10,19,13,14,19,2,0,1,1
1739,新生北路二段61~90號,2.81,12.0,4,24,30.82,1,1,1,1,5180000,168073,RPQPMLSLPHPFFCA09EA,1,1,0,109,517147.6923076923,8.646153846153846,94.83076923076923,1,0,0,0,0,0,0,0,0,0,0,0,1,0,0,0,0,25.0562845,121.5277511,0,20,20,9,13,20,1,0,0,0
1740,南京東路三段91~120號,17.83,11.0,4,49,146.35,0,0,0,1,16000000,109334,RPTPMLOLPHPFFCA98EA,3,1,0,109,336412.3076923077,54.86153846153845,450.30769230769226,1,0,0,0,0,0,0,0,0,0,0,0,0,0,0,1,0,25.0521478,121.5390652,0,20,20,8,15,20,1,3,1,0
1741,錦州街151~180號,5.53,12.0,4,41,58.42,0,1,1,1,10080000,172544,RPTUMLQKPHPFFCA86DA,1,1,0,109,530904.6153846154,17.015384615384615,179.75384615384615,1,0,0,0,0,0,0,0,0,0,0,0,1,0,0,0,0,25.0603365,121.5296735,0,20,20,12,10,20,2,1,2,0
1742,林森北路271~300號,4.6,12.0,4,33,43.86,1,1,1,1,7100000,161879,RPXTMLMLPHPFFCA86DA,1,1,0,109,498089.23076923075,14.153846153846152,134.95384615384614,1,0,0,0,0,0,0,0,0,0,0,0,1,0,0,0,0,25.056629,121.525492,0,20,20,15,10,20,1,0,0,1
1743,長春路61~90號,10.23,12.0,4,41,94.49,3,1,2,1,14500000,153455,RPOSMLSLPHPFFCA09DA,1,1,0,109,472169.23076923075,31.47692307692308,290.73846153846154,1,0,0,0,0,0,0,0,0,0,0,0,1,0,0,0,0,25.0550126,121.5262836,0,20,20,9,8,20,1,0,0,0
1744,新生北路三段31~60號,3.49,12.0,4,40,37.46,0,0,0,1,6900000,184196,RPWSMLTLPHPFFCA37DA,1,1,0,109,566756.923076923,10.73846153846154,115.26153846153846,1,0,0,0,0,0,0,0,0,0,0,0,1,0,0,0,0,25.0646869,121.5280576,0,13,20,16,15,20,2,1,1,1
1745,基湖路120巷31~60號,106.91,9.0,4,15,306.88,3,2,3,1,69500000,226473,RPWNMLOKPHPFFCA88DA,1,1,2,109,696840.0,328.95384615384614,944.2461538461538,1,0,0,0,0,0,0,0,0,0,0,0,0,0,0,1,0,25.0785625,121.5623524,0,6,10,1,11,20,2,1,0,0
1746,民權東路三段61~90號,21.46,19.0,4,35,210.13,2,2,2,1,42600000,202732,RPPNMLNKPHPFFCA08DA,1,1,0,109,623790.7692307692,66.03076923076924,646.5538461538462,1,0,0,0,0,0,0,0,0,0,0,0,1,0,0,0,0,25.0625501,121.5432045,0,20,18,5,8,7,1,2,1,0
1747,南京東路三段89巷27弄1~30號,17.58,10.0,4,4,88.49,0,0,0,1,24500000,276867,RPVOMLOKPHPFFCA88DA,1,1,0,109,851898.4615384615,54.092307692307685,272.276923076923,1,0,0,0,0,0,0,0,0,0,0,0,0,0,0,1,0,25.0537565,121.5378468,1,20,20,6,12,20,2,2,0,0
1748,民生東路一段70巷1~30號,10.24,8.0,4,14,68.8,2,1,1,1,12660000,184012,RPVPMLTLPHPFFCA96DA,1,1,1,109,566190.7692307692,31.507692307692306,211.69230769230768,1,0,0,0,0,0,0,0,0,0,0,0,0,0,0,1,0,25.0576197,121.5264837,0,20,20,17,7,20,1,1,0,1
1749,敬業一路121~150號,11.5,9.0,4,16,46.18,1,1,1,1,8250000,178649,RPRQMLTLPHPFFCA66DA,1,1,1,109,549689.2307692308,35.38461538461539,142.09230769230768,1,0,0,0,0,0,0,0,0,0,0,0,0,0,0,1,0,25.0834859,121.5522877,0,16,9,1,6,19,0,0,1,0
1750,復興北路421~450號,7.14,12.0,4,13,40.86,1,1,1,1,10380000,254038,RPOPMLRLPHPFFCA68DA,2,1,0,109,781655.3846153846,21.969230769230766,125.72307692307692,1,0,0,0,0,0,0,0,0,0,0,0,1,0,0,0,0,25.0632342,121.5444647,0,20,19,5,4,6,1,2,1,0
1751,新生北路一段31~60號,9.4,12.0,4,42,60.92,2,1,1,1,11400000,187131,RPRSMLOLPHPFFCA98DA,1,1,0,109,575787.6923076923,28.923076923076923,187.44615384615383,1,0,0,0,0,0,0,0,0,0,0,0,1,0,0,0,0,25.0472733,121.5310045,1,14,20,11,11,20,2,1,0,0
1752,錦州街30巷1~30號,3.88,11.0,4,24,32.269999999999996,0,0,1,1,6600000,204524,RPTPMLTLPHPFFCA86EA,1,1,0,109,629304.6153846154,11.938461538461537,99.29230769230767,1,0,0,0,0,0,0,0,0,0,0,0,1,0,0,0,0,25.0601539,121.5249221,0,20,20,20,11,20,2,1,1,1
1753,林森北路271~300號,9.09,12.0,4,44,120.31,0,0,0,1,15840000,131660,RPWPMLTLPHPFFCA17EA,2,1,0,109,405107.6923076923,27.96923076923077,370.18461538461537,1,0,0,0,0,0,0,0,0,0,0,0,1,0,0,0,0,25.056629,121.525492,0,20,20,15,10,20,1,0,0,1
1754,民族東路121~150號,37.67,3.0,4,47,90.23,0,0,0,0,14750000,163471,RPRNMLLMPHPFFCA38EA,2,1,0,109,502987.6923076923,115.90769230769232,277.63076923076926,1,0,0,0,0,0,0,0,0,0,0,0,0,1,0,0,0,25.068517,121.5389,0,3,9,1,1,9,0,0,0,1
1755,民生東路一段61~90號,15.0,10.0,4,25,136.54,1,2,1,1,15800000,115717,RPXPMLTLPHPFFCA27EA,1,2,1,109,356052.3076923077,46.15384615384615,420.1230769230769,1,0,0,0,0,0,0,0,0,0,0,0,0,0,0,1,0,25.0581862,121.5265178,0,20,20,17,7,20,0,1,0,1
1756,長安東路一段56巷7弄1~30號,27.56,5.0,4,2,139.92000000000002,3,2,2,1,26050000,186178,RPTPMLKMPHPFFCA68EA,1,1,1,109,572855.3846153846,84.8,430.523076923077,1,0,0,0,0,0,0,0,0,0,0,0,0,0,0,1,0,25.0475524,121.5290038,1,16,20,9,8,20,1,1,0,0
1757,龍江路241~270號,25.11,7.0,4,41,129.07999999999998,3,2,2,1,22000000,170437,RPTRMLKMPHPFFCA88EA,1,1,0,109,524421.5384615385,77.26153846153846,397.1692307692307,1,0,0,0,0,0,0,0,0,0,0,0,0,0,0,1,0,25.0584445,121.5408121,0,20,20,7,9,20,0,0,1,0
1758,德惠街151~180號,26.46,7.0,4,34,142.06,3,2,2,0,26356000,185527,RPVNMLLMPHPFFCA78EA,1,1,0,109,570852.3076923076,81.41538461538461,437.1076923076923,1,0,0,0,0,0,0,0,0,0,0,0,0,0,0,1,0,25.0666858,121.5307668,0,4,18,4,12,12,0,0,0,1
1759,南京東路一段132巷1~30號,9.06,6.0,4,44,43.940000000000005,1,1,1,0,6150000,139964,RPURMLRLPHPFFCA86DA,1,1,0,109,430658.4615384615,27.876923076923077,135.20000000000002,1,0,0,0,0,0,0,0,0,0,0,0,0,0,0,1,0,25.0515054,121.5272951,0,20,20,11,9,20,2,2,0,0
1760,中山北路二段77巷1~30號,7.14,14.0,4,20,101.25999999999999,2,1,1,1,22000000,217262,RPUQMLSLPHPFFCA86DA,1,1,1,109,668498.4615384615,21.969230769230766,311.5692307692307,1,0,0,0,0,0,0,0,0,0,0,0,1,0,0,0,0,25.0576596,121.5230491,0,20,20,17,10,20,0,0,1,1
1761,中山北路二段77巷1~30號,14.22,13.0,4,4,143.13,2,2,1,1,31000000,298010,RPUPMLRJPHPFFCA09DA,1,1,1,109,916953.8461538461,43.753846153846155,440.4,1,0,0,0,0,0,0,0,0,0,0,0,1,0,0,0,0,25.0576596,121.5230491,0,20,20,17,10,20,0,0,1,1
1762,中山北路二段77巷1~30號,14.22,13.0,4,4,143.13,2,2,1,1,32000000,308430,RPVPMLRJPHPFFCA56DA,1,1,1,109,949015.3846153846,43.753846153846155,440.4,1,0,0,0,0,0,0,0,0,0,0,0,1,0,0,0,0,25.0576596,121.5230491,0,20,20,17,10,20,0,0,1,1
1763,中山北路二段77巷1~30號,23.34,13.0,4,4,201.17000000000002,0,0,0,1,59000000,363613,RPWPMLRJPHPFFCA66DA,1,1,1,109,1118809.2307692308,71.81538461538462,618.9846153846154,1,0,0,0,0,0,0,0,0,0,0,0,1,0,0,0,0,25.0576596,121.5230491,0,20,20,17,10,20,0,0,1,1
1764,中山北路二段77巷1~30號,14.22,13.0,4,4,143.13,1,2,1,1,35200000,340731,RPXPMLRJPHPFFCA76DA,1,1,1,109,1048403.0769230769,43.753846153846155,440.4,1,0,0,0,0,0,0,0,0,0,0,0,1,0,0,0,0,25.0576596,121.5230491,0,20,20,17,10,20,0,0,1,1
1765,中山北路二段77巷1~30號,14.22,13.0,4,4,143.13,2,2,1,1,34600000,334480,RPOQMLRJPHPFFCA58DA,1,1,1,109,1029169.2307692308,43.753846153846155,440.4,1,0,0,0,0,0,0,0,0,0,0,0,1,0,0,0,0,25.0576596,121.5230491,0,20,20,17,10,20,0,0,1,1
1766,中山北路二段77巷1~30號,20.21,13.0,4,4,180.16,0,0,0,1,48500000,345865,RPPQMLRJPHPFFCA68DA,1,1,1,109,1064200.0,62.184615384615384,554.3384615384615,1,0,0,0,0,0,0,0,0,0,0,0,1,0,0,0,0,25.0576596,121.5230491,0,20,20,17,10,20,0,0,1,1
1767,民生東路一段70巷1~30號,10.24,8.0,4,14,68.8,2,1,1,1,13750000,214311,RPPTMLLMPHPFFCA68DA,1,1,1,109,659418.4615384615,31.507692307692306,211.69230769230768,1,0,0,0,0,0,0,0,0,0,0,0,0,0,0,1,0,25.0576197,121.5264837,0,20,20,17,7,20,1,1,0,1
1768,民生東路一段70巷1~30號,6.77,7.0,4,14,33.67,0,0,0,1,7050000,209385,RPPVMLKMPHPFFCA78DA,1,1,0,109,644261.5384615385,20.830769230769228,103.60000000000001,1,0,0,0,0,0,0,0,0,0,0,0,0,0,0,1,0,25.0576197,121.5264837,0,20,20,17,7,20,1,1,0,1
1769,明水路541~570號,42.01,16.0,4,26,272.95,4,2,2,1,55698000,204059,RPUOMLOLPHPFFCA88DA,1,1,2,109,627873.8461538461,129.26153846153846,839.8461538461538,1,0,0,0,0,0,0,0,0,0,0,0,1,0,0,0,0,25.078471,121.551841,0,7,5,1,8,11,1,0,1,0
1770,新生北路三段1~30號,7.09,12.0,4,15,51.24,2,1,1,1,14200000,277127,RPRQMLLMPHPFFCA68EA,3,1,0,109,852698.4615384615,21.815384615384612,157.66153846153847,1,0,0,0,0,0,0,0,0,0,0,0,1,0,0,0,0,25.0628897,121.5281771,0,11,20,16,10,20,2,1,1,0
1771,建國北路二段211~240號,17.43,15.0,4,11,240.88,3,2,2,1,40750000,236777,RPOQMLTLPHPFFCA09EA,2,1,2,109,728544.6153846154,53.630769230769225,741.1692307692307,1,0,0,0,0,0,0,0,0,0,0,0,1,0,0,0,0,25.0617933,121.5373279,0,18,20,9,8,20,0,0,1,19
1772,民權東路二段91~120號,98.0,3.0,3,35,249.45,1,3,3,0,80000000,320706,RPWQMLLMPHPFFCA56EA,2,1,0,109,986787.6923076923,301.53846153846155,767.5384615384614,1,0,0,0,0,0,0,0,0,0,0,0,0,0,0,0,1,25.0627026,121.532346,0,12,20,11,8,20,0,0,1,19
1773,民生東路一段31~60號,2.69,12.0,4,42,32.06,1,1,1,1,5500000,171553,RPPNMLNJQHPFFCA18EA,1,1,0,109,527855.3846153846,8.276923076923076,98.64615384615385,1,0,0,0,0,0,0,0,0,0,0,0,1,0,0,0,0,25.0582147,121.5252053,0,20,20,16,12,20,0,1,1,1
1774,新生北路一段91~120號,19.68,12.0,4,34,126.91,3,2,2,1,22280000,175557,RPXNMLNJQHPFFCA98EA,1,1,0,109,540175.3846153846,60.55384615384615,390.4923076923077,1,0,0,0,0,0,0,0,0,0,0,0,1,0,0,0,0,25.0463313,121.5323976,1,17,18,8,10,20,2,1,0,0
1775,長安東路一段53巷1~30號,8.75,7.0,4,43,48.23,2,1,1,1,8850000,183496,RPQOMLNJQHPFFCA38EA,1,1,0,109,564603.0769230769,26.923076923076923,148.39999999999998,1,0,0,0,0,0,0,0,0,0,0,0,0,0,0,1,0,25.049001,121.526489,1,19,20,7,9,20,1,1,0,0
1776,明水路397巷7弄1~30號,38.93,8.0,4,26,145.05,3,2,2,1,36000000,248190,RPROMLNJQHPFFCA38DA,1,2,1,109,763661.5384615384,119.78461538461538,446.3076923076923,1,0,0,0,0,0,0,0,0,0,0,0,0,0,0,1,0,25.0781699,121.548691,0,5,8,2,9,5,2,0,1,0
1777,新生北路一段91~120號,6.18,12.0,4,44,43.94,1,1,1,1,7520000,171142,RPXPMLNJQHPFFCA09DA,1,1,0,109,526590.7692307692,19.015384615384615,135.2,1,0,0,0,0,0,0,0,0,0,0,0,1,0,0,0,0,25.0463313,121.5323976,1,17,18,8,10,20,2,1,0,0
1778,新生北路三段1~30號,5.44,12.0,4,15,55.239999999999995,2,1,1,1,12000000,217234,RPXQMLRJQHPFFCA96DA,3,1,1,109,668412.3076923076,16.73846153846154,169.96923076923073,1,0,0,0,0,0,0,0,0,0,0,0,1,0,0,0,0,25.0628897,121.5281771,0,11,20,16,10,20,2,1,1,0
1779,吉林路451~480號,36.5,4.0,4,48,127.45,3,2,2,0,15800000,123970,RPUOMLNJQHPFFCA78EA,1,1,0,109,381446.1538461538,112.3076923076923,392.15384615384613,1,0,0,0,0,0,0,0,0,0,0,0,0,1,0,0,0,25.0674571,121.530552,0,3,14,2,14,8,0,0,0,1
1780,中山北路二段115巷1~30號,16.43,17.0,4,31,197.17000000000002,3,2,2,1,35680000,201828,RPQQMLOJQHPFFCA68EA,2,1,1,109,621009.2307692308,50.55384615384615,606.6769230769231,1,0,0,0,0,0,0,0,0,0,0,0,1,0,0,0,0,25.0610459,121.5234886,0,20,20,20,12,20,2,1,3,1
1781,民生東路二段115巷1~30號,27.75,4.0,4,49,68.38,2,2,1,0,12200000,178415,RPSNMLOJQHPFFCA58EA,2,1,0,109,548969.2307692308,85.38461538461539,210.39999999999998,1,0,0,0,0,0,0,0,0,0,0,0,0,1,0,0,0,25.0581132,121.5316767,1,20,20,11,10,20,1,0,1,0
1782,敬業三路162巷121~150號,47.09,10.0,4,21,155.72,3,2,2,1,26000000,166966,RPVNMLNLPHPFFCA88EA,1,1,1,109,513741.53846153844,144.8923076923077,479.1384615384615,1,0,0,0,0,0,0,0,0,0,0,0,0,0,0,1,0,25.0795485,121.5594401,0,3,10,2,9,18,2,1,0,0
1783,林森北路259巷1~30號,1.27,7.0,4,37,14.920000000000002,0,0,0,0,2650000,177614,RPWNMLNLPHPFFCA98EA,1,1,0,109,546504.6153846154,3.9076923076923076,45.90769230769231,1,0,0,0,0,0,0,0,0,0,0,0,0,0,0,1,0,25.0544669,121.5263076,0,20,20,9,8,20,1,0,0,0
1784,林森北路511~540號,3.65,14.0,4,16,39.62,1,1,1,1,10000000,252398,RPPNMLPLPHPFFCA38DA,1,1,0,109,776609.2307692308,11.23076923076923,121.9076923076923,1,0,0,0,0,0,0,0,0,0,0,0,1,0,0,0,0,25.056629,121.525492,0,20,20,15,10,20,1,0,0,1
1785,中山北路二段65巷1~30號,12.39,12.0,4,1,130.59,0,0,0,1,28500000,293394,RPQNMLLMPHPFFCA18DA,1,1,1,109,902750.7692307692,38.12307692307692,401.81538461538463,1,0,0,0,0,0,0,0,0,0,0,0,1,0,0,0,0,25.0571759,121.52326,0,20,20,15,8,20,0,0,1,1
1786,中山北路二段65巷1~30號,15.87,12.0,4,1,152.2,3,2,1,1,31650000,241639,RPSNMLLMPHPFFCA38DA,1,1,1,106,743504.6153846154,48.83076923076923,468.30769230769226,1,0,0,0,0,0,0,0,0,0,0,0,1,0,0,0,0,25.0571759,121.52326,0,20,20,15,8,20,0,0,1,1
1787,中山北路二段65巷1~30號,15.54,12.0,4,1,121.69,2,2,1,1,29000000,238310,RPWNMLLMPHPFFCA78DA,1,1,0,108,733261.5384615384,47.81538461538461,374.4307692307692,1,0,0,0,0,0,0,0,0,0,0,0,1,0,0,0,0,25.0571759,121.52326,0,20,20,15,8,20,0,0,1,1
1788,中山北路二段65巷1~30號,12.5,12.0,4,1,133.16,2,2,1,1,30600000,304216,RPQSMLKMPHPFFCA58DA,1,1,1,106,936049.2307692308,38.46153846153846,409.7230769230769,1,0,0,0,0,0,0,0,0,0,0,0,1,0,0,0,0,25.0571759,121.52326,0,20,20,15,8,20,0,0,1,1
1789,中山北路二段65巷1~30號,20.65,12.0,4,1,187.95,3,2,2,1,47600000,303753,RPTSMLKMPHPFFCA88DA,1,1,1,106,934624.6153846154,63.53846153846153,578.3076923076923,1,0,0,0,0,0,0,0,0,0,0,0,1,0,0,0,0,25.0571759,121.52326,0,20,20,15,8,20,0,0,1,1
1790,中山北路二段65巷1~30號,14.35,12.0,4,1,152.93,2,2,1,1,36380000,302120,RPXSMLKMPHPFFCA66DA,1,1,1,106,929600.0,44.15384615384615,470.55384615384617,1,0,0,0,0,0,0,0,0,0,0,0,1,0,0,0,0,25.0571759,121.52326,0,20,20,15,8,20,0,0,1,1
1791,新生北路二段45巷1~30號,41.67,3.0,3,35,97.22,3,2,2,0,20795500,213901,RPTNMLNJQHPFFCA48DA,1,1,0,109,658156.923076923,128.2153846153846,299.1384615384615,1,0,0,0,0,0,0,0,0,0,0,0,0,0,0,0,1,25.0556282,121.5284086,0,20,20,10,9,20,1,1,0,0
1792,新生北路三段1~30號,4.26,11.0,4,9,43.1,0,1,1,1,10580000,245476,RPQOMLNJQHPFFCA28DA,1,1,0,109,755310.7692307692,13.107692307692307,132.6153846153846,1,0,0,0,0,0,0,0,0,0,0,0,1,0,0,0,0,25.0628897,121.5281771,0,11,20,16,10,20,2,1,1,0
1793,龍江路271巷1~30號,25.01,7.0,4,38,137.45000000000002,4,2,2,1,21966283,159813,RPOTMLLMPHPFFCA58DA,1,1,0,109,491732.3076923077,76.95384615384616,422.92307692307696,1,0,0,0,0,0,0,0,0,0,0,0,0,0,0,1,0,25.0595608,121.5409452,0,20,20,7,8,20,0,2,1,0
1794,中山北路二段65巷1~30號,19.78,12.0,4,1,186.3,3,2,2,1,45300000,294118,RPUPMLLMPHPFFCA78DA,1,1,1,106,904978.4615384615,60.861538461538466,573.2307692307693,1,0,0,0,0,0,0,0,0,0,0,0,1,0,0,0,0,25.0571759,121.52326,0,20,20,15,8,20,0,0,1,1
1795,中山北路二段65巷1~30號,13.37,12.0,4,1,146.66,2,2,1,1,32400000,282357,RPTOMLLMPHPFFCA58DA,1,1,1,106,868790.7692307692,41.138461538461534,451.2615384615384,1,0,0,0,0,0,0,0,0,0,0,0,1,0,0,0,0,25.0571759,121.52326,0,20,20,15,8,20,0,0,1,1
1796,中山北路二段65巷1~30號,11.2,12.0,4,1,94.41,0,0,0,1,26400000,279631,RPUOMLLMPHPFFCA68DA,1,1,0,109,860403.0769230769,34.46153846153846,290.4923076923077,1,0,0,0,0,0,0,0,0,0,0,0,1,0,0,0,0,25.0571759,121.52326,0,20,20,15,8,20,0,0,1,1
1797,中山北路二段65巷1~30號,7.28,12.0,4,1,60.28,0,0,0,1,17470000,289814,RPOOMLLMPHPFFCA08DA,1,1,0,106,891735.3846153846,22.4,185.47692307692307,1,0,0,0,0,0,0,0,0,0,0,0,1,0,0,0,0,25.0571759,121.52326,0,20,20,15,8,20,0,0,1,1
1798,中山北路二段65巷1~30號,14.67,12.0,4,1,155.74,2,2,1,1,33080000,265922,RPSPMLLMPHPFFCA58DA,1,1,1,106,818221.5384615384,45.138461538461534,479.2,1,0,0,0,0,0,0,0,0,0,0,0,1,0,0,0,0,25.0571759,121.52326,0,20,20,15,8,20,0,0,1,1
1799,長春路271~300號,103.0,4.0,3,54,350.68,4,4,4,0,109060000,310996,RPTOMLLJPHPFFCA28DA,1,1,0,109,956910.7692307692,316.9230769230769,1079.0153846153846,1,0,0,0,0,0,0,0,0,0,0,0,0,0,0,0,1,25.054809,121.5413116,0,20,20,6,16,20,0,0,1,0
1800,林森北路416巷1~30號,3.11,11.0,4,45,29.560000000000002,1,1,1,1,4150000,140392,RPPQMLLMPHPFFCA38DA,1,1,0,109,431975.3846153846,9.569230769230769,90.95384615384616,1,0,0,0,0,0,0,0,0,0,0,0,1,0,0,0,0,25.059956,121.5248924,0,20,20,20,11,20,2,1,2,1
1801,中山北路一段53巷1~30號,6.63,12.0,4,13,44.47,1,1,1,1,10280000,231167,RPSNMLNJQHPFFCA38DA,1,1,0,109,711283.0769230769,20.4,136.83076923076922,1,0,0,0,0,0,0,0,0,0,0,0,1,0,0,0,0,25.049378,121.5219264,0,20,20,9,5,20,0,3,1,0
1802,復興北路181~210號,18.51,15.0,4,35,98.44999999999999,3,2,1,1,16800000,170645,RPOTMLTLPHPFFCA66DA,1,1,0,109,525061.5384615385,56.95384615384616,302.9230769230769,1,0,0,0,0,0,0,0,0,0,0,0,1,0,0,0,0,25.0548637,121.5444888,0,20,20,9,15,20,0,1,1,0
1803,八德路二段61~90號,7.17,11.0,4,15,33.1,1,1,1,1,9060000,273716,RPTPMLSLPHPFFCA66DA,1,1,0,109,842203.0769230769,22.06153846153846,101.84615384615385,1,0,0,0,0,0,0,0,0,0,0,0,1,0,0,0,0,25.0452175,121.5348345,1,17,19,7,10,20,1,0,1,0
1804,林森北路391~420號,8.57,13.0,4,37,88.13,2,1,2,1,10300000,116873,RPUOMLMLPHPFFCA68DA,3,1,0,109,359609.23076923075,26.369230769230768,271.16923076923075,1,0,0,0,0,0,0,0,0,0,0,0,1,0,0,0,0,25.056629,121.525492,0,20,20,15,10,20,1,0,0,1
1805,松江路481~510號,15.0,12.0,4,37,130.56,3,2,2,1,23800000,182292,RPTOMLOJQHPFFCA78EA,1,1,0,109,560898.4615384615,46.15384615384615,401.7230769230769,1,0,0,0,0,0,0,0,0,0,0,0,1,0,0,0,0,25.0669573,121.5335171,0,2,15,2,7,16,0,0,0,6
1806,民權東路二段92巷2弄31~60號,24.89,5.0,4,41,113.19,3,2,2,0,17380000,153547,RPXPMLOJQHPFFCA66EA,2,1,0,109,472452.3076923077,76.58461538461539,348.2769230769231,1,0,0,0,0,0,0,0,0,0,0,0,0,1,0,0,0,25.061647,121.530833,0,16,20,12,8,20,2,1,2,10
1807,吉林路121~150號,53.02,13.0,4,11,405.40999999999997,3,2,3,1,75000000,228793,RPPOMLNLPHPFFCA38EA,2,1,3,109,703978.4615384615,163.13846153846154,1247.4153846153845,1,0,0,0,0,0,0,0,0,0,0,0,1,0,0,0,0,25.0570157,121.5303219,1,20,20,10,11,20,2,0,1,0
1808,龍江路412巷31~60號,25.89,5.0,4,39,104.22,3,2,2,0,16350000,156880,RPVPMLNJQHPFFCA88DA,1,1,0,109,482707.6923076923,79.66153846153846,320.67692307692306,1,0,0,0,0,0,0,0,0,0,0,0,0,1,0,0,0,25.0677018,121.539498,0,3,9,1,2,10,1,0,0,1
1809,中山北路二段93巷1~30號,5.53,14.0,4,18,41.870000000000005,1,1,1,1,8880000,212085,RPTNMLOJQHPFFCA58DA,1,1,0,109,652569.2307692308,17.015384615384615,128.83076923076925,1,0,0,0,0,0,0,0,0,0,0,0,1,0,0,0,0,25.0594195,121.5233012,0,20,20,18,10,20,0,1,2,1
1810,天祥路61~90號,4.25,14.0,4,17,45.18,1,1,1,1,11500000,254537,RPVNMLOJQHPFFCA78DA,1,1,0,109,783190.7692307692,13.076923076923077,139.01538461538462,1,0,0,0,0,0,0,0,0,0,0,0,1,0,0,0,0,25.0634043,121.5208559,0,20,20,19,12,20,2,3,1,1
1811,長安東路二段1~30號,10.74,8.0,4,14,51.010000000000005,2,1,1,1,12800000,250931,RPWNMLOJQHPFFCA88DA,1,1,0,109,772095.3846153846,33.04615384615384,156.95384615384617,1,0,0,0,0,0,0,0,0,0,0,0,0,0,0,1,0,25.0486369,121.5302099,1,20,20,12,9,20,1,2,1,0
1812,八德路二段301~330號,50.89,13.0,4,3,298.06,0,0,0,1,84000000,314578,RPXNMLOJQHPFFCA98DA,1,1,1,109,967932.3076923076,156.58461538461538,917.1076923076923,1,0,0,0,0,0,0,0,0,0,0,0,1,0,0,0,0,25.047332,121.542483,0,20,20,7,11,20,3,2,0,0
1813,八德路二段301~330號,50.89,13.0,4,3,298.05,0,0,0,1,83600000,314578,RPOOMLOJQHPFFCA18DA,1,1,1,109,967932.3076923076,156.58461538461538,917.0769230769231,1,0,0,0,0,0,0,0,0,0,0,0,1,0,0,0,0,25.047332,121.542483,0,20,20,7,11,20,3,2,0,0
1814,中山北路二段72巷1~30號,7.55,10.0,4,13,44.980000000000004,2,1,1,1,11080000,246332,RPUOMLOJQHPFFCA78DA,1,1,0,109,757944.6153846154,23.23076923076923,138.4,1,0,0,0,0,0,0,0,0,0,0,0,0,0,0,1,0,25.0572664,121.5224366,0,20,20,16,9,20,0,0,1,1
1815,新生北路二段137巷1~30號,13.9,7.0,4,15,66.53999999999999,1,1,2,1,13000000,198859,RPSOMLNJQHPFFCA48DA,2,1,1,109,611873.8461538461,42.76923076923077,204.7384615384615,1,0,0,0,0,0,0,0,0,0,0,0,0,0,0,1,0,25.0613376,121.5279855,0,17,20,19,10,20,2,1,1,0
1816,農安街1巷31~60號,17.79,14.0,4,5,180.54,2,2,2,1,37500000,207710,RPUNMLPJQHPFFCA78DA,1,1,0,109,639107.6923076923,54.738461538461536,555.5076923076923,1,0,0,0,0,0,0,0,0,0,0,0,1,0,0,0,0,25.064967,121.5295986,0,10,20,14,8,20,2,1,1,0
1817,松江路204巷1~30號,23.52,6.0,4,6,107.06,2,1,1,1,25300000,236294,RPQRMLPJQHPFFCA78DA,1,1,1,109,727058.4615384615,72.36923076923077,329.4153846153846,1,0,0,0,0,0,0,0,0,0,0,0,0,0,0,1,0,25.0573726,121.5325231,1,20,20,12,11,20,2,2,1,0
1818,敬業二路69巷1~30號,53.42,11.0,4,11,258.74,4,2,2,1,72600000,304969,RPOUMLPJQHPFFCA88DA,1,2,1,109,938366.1538461538,164.36923076923077,796.123076923077,1,0,0,0,0,0,0,0,0,0,0,0,1,0,0,0,0,25.0816364,121.5539649,0,14,11,3,7,20,0,0,1,0
1819,中山北路一段83巷1~30號,6.16,5.0,4,34,39.16,0,0,0,1,6500000,165986,RPRQMLOJQHPFFCA78EA,1,1,0,109,510726.1538461538,18.953846153846154,120.49230769230768,1,0,0,0,0,0,0,0,0,0,0,0,0,0,0,1,0,25.0504647,121.5225109,0,20,20,7,9,20,0,2,1,0
1820,明水路397巷2弄1~30號,42.16,8.0,4,26,193.02,3,2,2,1,38500000,235233,RPVNMLPJQHPFFCA98EA,1,1,1,109,723793.8461538461,129.72307692307692,593.9076923076923,1,0,0,0,0,0,0,0,0,0,0,0,0,0,0,1,0,25.078273,121.547829,0,2,8,2,8,3,2,1,1,0
1821,中山北路二段59巷1~30號,5.25,14.0,4,22,37.19,2,1,1,1,9150000,246034,RPWNMLPJQHPFFCA09EA,1,1,0,109,757027.6923076923,16.153846153846153,114.43076923076922,1,0,0,0,0,0,0,0,0,0,0,0,1,0,0,0,0,25.0559648,121.5232067,0,20,20,18,11,20,0,0,2,1
1822,合江街102巷1~30號,33.86,7.0,4,13,196.32999999999998,3,2,2,1,38000000,193552,RPUSMLOLPHPFFCA66DA,1,2,2,109,595544.6153846154,104.18461538461538,604.0923076923076,1,0,0,0,0,0,0,0,0,0,0,0,0,0,0,1,0,25.058855,121.5389587,0,18,20,6,11,20,0,0,0,5
1823,中山北路二段85巷1~30號,11.0,7.0,4,2,57.78,1,1,1,1,16180000,280028,RPVUMLKMPHPFFCA66DA,1,1,0,109,861624.6153846154,33.84615384615385,177.7846153846154,1,0,0,0,0,0,0,0,0,0,0,0,0,0,0,1,0,25.0588815,121.5235197,0,20,20,19,10,20,0,1,1,1
1824,南京東路三段48巷31~60號,28.71,14.0,4,17,249.81,3,2,2,1,65500000,262199,RPVNMLLLPHPFFCA58DA,1,1,2,109,806766.1538461539,88.33846153846154,768.6461538461539,1,0,0,0,0,0,0,0,0,0,0,0,1,0,0,0,0,25.0507374,121.5384518,0,20,20,13,13,20,1,1,0,0
1825,撫順街41巷1~30號,4.89,6.0,4,39,27.14,1,1,1,1,4500000,165807,RPQRMLPJQHPFFCA88EA,1,1,0,109,510175.3846153846,15.046153846153844,83.50769230769231,1,0,0,0,0,0,0,0,0,0,0,0,0,0,0,1,0,25.064013,121.5193822,0,20,20,13,9,20,3,3,1,0
1826,天祥路61巷1~30號,26.75,4.0,3,55,90.2,3,1,1,0,17340000,192239,RPSOMLNLPHPFFCA68EA,1,1,0,109,591504.6153846154,82.3076923076923,277.53846153846155,1,0,0,0,0,0,0,0,0,0,0,0,0,1,0,0,0,25.0634552,121.5217008,0,20,20,20,12,20,2,4,2,1
1827,北安路601~630號,8.53,6.0,4,44,37.53,1,1,1,1,8450000,225153,RPRNMLQJQHPFFCA68EA,1,1,0,109,692778.4615384615,26.24615384615384,115.47692307692307,1,0,0,0,0,0,0,0,0,0,0,0,0,0,0,1,0,25.082268,121.548685,0,16,15,2,9,12,2,0,1,0
1828,德惠街31~60號,2.43,11.0,4,42,22.81,1,1,1,1,3250000,142481,RPSNMLQJQHPFFCA78EA,1,1,0,109,438403.07692307694,7.476923076923077,70.18461538461538,1,0,0,0,0,0,0,0,0,0,0,0,1,0,0,0,0,25.0667707,121.5265786,0,11,20,15,15,20,2,0,1,1
1829,敬業二路69巷1~30號,13.68,8.0,4,18,49.010000000000005,2,2,2,1,16880000,344420,RPUQMLPJQHPFFCA56EA,1,1,0,109,1059753.846153846,42.09230769230769,150.8,1,0,0,0,0,0,0,0,0,0,0,0,0,0,0,1,0,25.0816364,121.5539649,0,14,11,3,7,20,0,0,1,0
1830,中山北路一段61~90號,2.98,13.0,4,12,40.46,1,0,1,1,9000000,222442,RPWQMLPJQHPFFCA76EA,1,1,1,109,684436.923076923,9.169230769230769,124.49230769230769,1,0,0,0,0,0,0,0,0,0,0,0,1,0,0,0,0,25.0499695,121.5219583,0,20,20,8,8,20,0,2,1,0
1831,明水路397巷7弄31~60號,32.7,12.0,4,28,242.28,4,2,2,1,19000000,78422,RPUNMLQJQHPFFCA98EA,1,1,1,109,241298.46153846153,100.61538461538463,745.4769230769231,1,0,0,0,0,0,0,0,0,0,0,0,1,0,0,0,0,25.0781434,121.5495559,0,5,7,2,9,6,2,0,1,0
1832,新生北路三段1~30號,8.36,12.0,4,15,60.53,2,1,1,1,15480000,255741,RPWQMLQJQHPFFCA86EA,3,1,0,109,786895.3846153846,25.72307692307692,186.24615384615385,1,0,0,0,0,0,0,0,0,0,0,0,1,0,0,0,0,25.0628897,121.5281771,0,11,20,16,10,20,2,1,1,0
1833,龍江路443巷1~30號,19.6,5.0,4,41,73.15,3,2,1,0,11960000,163500,RPUNMLNLPHPFFCA78EA,1,1,0,109,503076.92307692306,60.30769230769231,225.0769230769231,1,0,0,0,0,0,0,0,0,0,0,0,0,1,0,0,0,25.0673213,121.541341,0,3,10,1,3,7,1,1,0,0
1834,林森北路119巷1~30號,5.58,7.0,4,15,21.83,2,1,1,1,4800000,219881,RPVNMLQJQHPFFCA98DA,1,1,0,109,676556.923076923,17.16923076923077,67.16923076923077,1,0,0,0,0,0,0,0,0,0,0,0,0,0,0,1,0,25.0508342,121.5252532,0,20,20,9,10,20,0,0,0,0
1835,中山北路二段77巷1~30號,7.8,10.0,4,39,73.21000000000001,1,1,1,1,11500000,157082,RPTOMLQJQHPFFCA88DA,1,2,0,109,483329.23076923075,24.0,225.26153846153846,1,0,0,0,0,0,0,0,0,0,0,0,0,0,0,1,0,25.0576596,121.5230491,0,20,20,17,10,20,0,0,1,1
1836,樂群二路271~300號,9.54,11.0,4,13,71.57,0,0,0,1,14500000,202599,RPWPMLQJQHPFFCA66DA,1,1,1,109,623381.5384615385,29.35384615384615,220.21538461538458,1,0,0,0,0,0,0,0,0,0,0,0,1,0,0,0,0,25.0802463,121.5604236,0,5,12,2,9,20,2,1,0,0
1837,德惠街1~30號,2.71,10.0,4,39,32.39,0,0,0,1,4700000,145107,RPRUMLPJQHPFFCA56DA,1,1,0,109,446483.07692307694,8.338461538461537,99.66153846153846,1,0,0,0,0,0,0,0,0,0,0,0,0,0,0,1,0,25.0668904,121.5229555,0,17,20,15,12,20,1,1,0,1
1838,民生西路31~60號,4.07,12.0,4,30,30.67,0,0,0,0,6080000,198239,RPSTMLPJQHPFFCA56DA,2,1,0,109,609966.1538461539,12.523076923076923,94.36923076923077,1,0,0,0,0,0,0,0,0,0,0,0,1,0,0,0,0,25.0578524,121.5211255,0,20,20,16,11,20,0,1,1,1
1839,林森北路391~420號,2.19,12.0,4,39,26.19,0,0,0,1,3850000,147003,RPVRMLPJQHPFFCA66DA,1,1,0,109,452316.92307692306,6.7384615384615385,80.58461538461539,1,0,0,0,0,0,0,0,0,0,0,0,1,0,0,0,0,25.056629,121.525492,0,20,20,15,10,20,1,0,0,1
1840,敬業一路128巷31~60號,12.33,7.0,4,13,57.95,0,0,0,1,11500000,198447,RPTQMLNJQHPFFCA78DA,1,1,1,109,610606.1538461539,37.93846153846154,178.30769230769232,1,0,0,0,0,0,0,0,0,0,0,0,0,0,0,1,0,25.0835087,121.5534435,0,15,11,1,6,20,0,0,1,0
1841,德惠街31~60號,2.71,11.0,4,39,29.55,1,1,1,1,4300000,145516,RPSPMLOJQHPFFCA68DA,1,1,0,109,447741.53846153844,8.338461538461537,90.92307692307692,1,0,0,0,0,0,0,0,0,0,0,0,1,0,0,0,0,25.0667707,121.5265786,0,11,20,15,15,20,2,0,1,1
1842,敬業二路69巷31~60號,13.11,10.0,4,14,94.88,0,0,0,1,13600000,143339,RPOQMLOJQHPFFCA38DA,1,1,1,109,441043.07692307694,40.33846153846154,291.9384615384615,1,0,0,0,0,0,0,0,0,0,0,0,0,0,0,1,0,25.0821294,121.5533892,0,18,12,2,8,20,0,0,1,0
1843,建國北路一段121~150號,4.23,13.0,4,11,32.57,1,1,1,1,9000000,276328,RPRPMLOJQHPFFCA58DA,1,1,0,109,850240.0,13.015384615384617,100.21538461538461,1,0,0,0,0,0,0,0,0,0,0,0,1,0,0,0,0,25.0515458,121.5370066,1,20,20,12,10,20,1,3,1,0
1844,建國北路三段31~60號,24.0,5.0,4,42,96.71,3,2,2,0,13800000,142695,RPXTMLPJQHPFFCA07DA,1,1,0,109,439061.53846153844,73.84615384615384,297.5692307692307,1,0,0,0,0,0,0,0,0,0,0,0,0,1,0,0,0,25.0637659,121.5372796,0,10,20,4,5,18,1,0,0,20
1845,市民大道三段151~180號,14.98,13.0,4,13,103.17,0,0,0,1,18000000,174469,RPTPMLKKQHPFFCA58EA,1,1,1,109,536827.6923076923,46.09230769230769,317.44615384615383,1,0,0,0,0,0,0,0,0,0,0,0,1,0,0,0,0,25.0448694,121.5396463,0,19,20,7,12,20,1,0,0,0
1846,林森北路301~330號,8.73,14.0,4,18,74.21000000000001,2,1,1,1,15160000,204285,RPOQMLKKQHPFFCA18EA,1,1,1,109,628569.2307692308,26.861538461538462,228.33846153846156,1,0,0,0,0,0,0,0,0,0,0,0,1,0,0,0,0,25.056629,121.525492,0,20,20,15,10,20,1,0,0,1
1847,長安東路一段1~30號,4.56,12.0,4,42,46.87,0,0,0,1,6380000,136121,RPTOMLRJQHPFFCA09EA,1,1,0,109,418833.8461538461,14.030769230769229,144.2153846153846,1,0,0,0,0,0,0,0,0,0,0,0,1,0,0,0,0,25.049818,121.522081,0,20,20,7,8,20,0,2,1,0
1848,長安東路一段1~30號,7.96,12.0,4,42,82.47,0,0,0,1,11220000,136049,RPUOMLRJQHPFFCA56EA,1,1,0,109,418612.3076923077,24.49230769230769,253.75384615384615,1,0,0,0,0,0,0,0,0,0,0,0,1,0,0,0,0,25.049818,121.522081,0,20,20,7,8,20,0,2,1,0
1849,錦州街31~60號,12.0,11.0,4,39,141.57999999999998,2,2,1,1,15390000,108702,RPRRMLPKPHPFFCA88DA,1,1,0,109,334467.6923076923,36.92307692307692,435.63076923076915,1,0,0,0,0,0,0,0,0,0,0,0,1,0,0,0,0,25.0604245,121.5264838,0,20,20,20,9,20,2,1,1,1
1850,德惠街31~60號,3.0,9.0,4,42,27.42,1,1,1,1,5270000,192195,RPXNMLLMPHPFFCA88DA,1,1,0,109,591369.2307692308,9.23076923076923,84.36923076923077,1,0,0,0,0,0,0,0,0,0,0,0,0,0,0,1,0,25.0667707,121.5265786,0,11,20,15,15,20,2,0,1,1
1851,民權東路二段135巷29弄1~30號,30.19,5.0,4,39,107.59,3,2,1,0,15800000,146854,RPXSMLLLPHPFFCA66DA,1,1,0,109,451858.4615384615,92.8923076923077,331.04615384615386,1,0,0,0,0,0,0,0,0,0,0,0,0,1,0,0,0,25.0643204,121.5352004,0,10,20,4,6,20,0,0,0,20
1852,合江街73巷1~30號,32.34,7.0,4,26,168.07,0,0,0,1,28200000,167787,RPUOMLKKQHPFFCA58EA,1,1,2,109,516267.6923076923,99.50769230769231,517.1384615384615,1,0,0,0,0,0,0,0,0,0,0,0,0,0,0,1,0,25.0589099,121.5396872,0,20,20,5,11,20,0,0,1,3
1853,龍江路241~270號,22.63,7.0,4,38,119.94,3,2,2,0,19168063,159814,RPQPMLRJQHPFFCA88EA,1,1,0,109,491735.3846153846,69.63076923076923,369.0461538461538,1,0,0,0,0,0,0,0,0,0,0,0,0,0,0,1,0,25.0584445,121.5408121,0,20,20,7,9,20,0,0,1,0
1854,新生北路三段31~60號,3.34,12.0,4,40,32.54,0,0,0,1,5400000,165950,RPPQMLKKQHPFFCA28EA,1,1,0,109,510615.3846153846,10.276923076923076,100.12307692307692,1,0,0,0,0,0,0,0,0,0,0,0,1,0,0,0,0,25.0646869,121.5280576,0,13,20,16,15,20,2,1,1,1
1855,松江路226巷1~30號,40.5,4.0,4,45,141.74,8,5,5,0,30258000,213475,RPQPMLMLPHPFFCA48EA,1,1,0,109,656846.1538461539,124.61538461538461,436.12307692307695,1,0,0,0,0,0,0,0,0,0,0,0,0,1,0,0,0,25.0586525,121.5324616,1,20,20,11,9,20,1,2,1,4
1856,中山北路二段65巷1~30號,16.63,12.0,4,1,175.47,0,0,0,1,40580000,279717,RPQNMLTJQHPFFCA78DA,1,1,1,106,860667.6923076923,51.169230769230765,539.9076923076923,1,0,0,0,0,0,0,0,0,0,0,0,1,0,0,0,0,25.0571759,121.52326,0,20,20,15,8,20,0,0,1,1
1857,中山北路二段65巷1~30號,6.09,12.0,4,1,50.78,0,0,0,1,15200000,299330,RPSNMLTJQHPFFCA98DA,1,1,0,109,921015.3846153846,18.738461538461536,156.24615384615385,1,0,0,0,0,0,0,0,0,0,0,0,1,0,0,0,0,25.0571759,121.52326,0,20,20,15,8,20,0,0,1,1
1858,中山北路二段65巷1~30號,16.2,12.0,4,1,162.23,2,2,2,1,34000000,257617,RPTNMLTJQHPFFCA09DA,1,1,1,109,792667.6923076923,49.84615384615384,499.1692307692307,1,0,0,0,0,0,0,0,0,0,0,0,1,0,0,0,0,25.0571759,121.52326,0,20,20,15,8,20,0,0,1,1
1859,中山北路二段65巷1~30號,22.17,12.0,4,1,214.08,1,2,1,1,53670000,292958,RPUNMLTJQHPFFCA56DA,1,1,1,109,901409.2307692308,68.21538461538462,658.7076923076924,1,0,0,0,0,0,0,0,0,0,0,0,1,0,0,0,0,25.0571759,121.52326,0,20,20,15,8,20,0,0,1,1
1860,中山北路二段65巷1~30號,8.04,12.0,4,1,61.2,2,2,1,1,17470000,285458,RPVNMLTJQHPFFCA66DA,1,1,0,108,878332.3076923076,24.738461538461536,188.30769230769232,1,0,0,0,0,0,0,0,0,0,0,0,1,0,0,0,0,25.0571759,121.52326,0,20,20,15,8,20,0,0,1,1
1861,中山北路二段65巷1~30號,16.2,12.0,4,1,160.78,2,2,1,1,33730000,260154,RPWNMLTJQHPFFCA76DA,1,1,1,106,800473.8461538461,49.84615384615384,494.7076923076923,1,0,0,0,0,0,0,0,0,0,0,0,1,0,0,0,0,25.0571759,121.52326,0,20,20,15,8,20,0,0,1,1
1862,中山北路二段65巷1~30號,8.37,12.0,4,1,91.4,1,2,1,1,19930000,289966,RPOOMLTJQHPFFCA68DA,1,1,1,107,892203.0769230769,25.75384615384615,281.2307692307692,1,0,0,0,0,0,0,0,0,0,0,0,1,0,0,0,0,25.0571759,121.52326,0,20,20,15,8,20,0,0,1,1
1863,民生東路一段1~30號,3.75,12.0,4,41,44.800000000000004,2,1,1,1,6000000,133929,RPSRMLKKQHPFFCA58DA,1,1,0,109,412089.23076923075,11.538461538461538,137.84615384615387,1,0,0,0,0,0,0,0,0,0,0,0,1,0,0,0,0,25.0579831,121.5250958,0,20,20,16,12,20,0,1,1,1
1864,敬業三路162巷1~30號,47.09,10.0,4,21,155.72,3,2,2,1,26830000,172296,RPUOMLKKQHPFFCA48DA,1,1,1,109,530141.5384615385,144.8923076923077,479.1384615384615,1,0,0,0,0,0,0,0,0,0,0,0,0,0,0,1,0,25.0791581,121.5572576,0,3,6,2,8,12,2,1,0,0
1865,長安東路一段56巷7弄1~30號,14.16,5.0,4,5,59.76,1,1,1,1,14130000,236446,RPVNMLRJQHPFFCA09DA,1,1,0,109,727526.1538461539,43.56923076923077,183.87692307692308,1,0,0,0,0,0,0,0,0,0,0,0,0,0,0,1,0,25.0475524,121.5290038,1,16,20,9,8,20,1,1,0,0
1866,建國北路三段113巷19弄1~30號,24.14,5.0,4,41,96.85,3,2,2,0,13600000,140423,RPQSMLQJQHPFFCA98DA,1,1,0,109,432070.7692307692,74.27692307692308,298.0,1,0,0,0,0,0,0,0,0,0,0,0,0,1,0,0,0,25.067318,121.536071,0,2,13,2,4,14,0,0,0,7
1867,林森北路91~120號,4.49,12.0,4,40,53.85,1,1,1,1,7650000,142061,RPWNMLQJQHPFFCA09DA,2,1,0,109,437110.7692307692,13.815384615384616,165.69230769230768,1,0,0,0,0,0,0,0,0,0,0,0,1,0,0,0,0,25.0500055,121.5249729,0,20,20,9,11,20,0,0,0,0
1868,中山北路二段62巷1~30號,32.5,4.0,3,52,81.1,3,1,1,0,16000000,197287,RPSQMLQJQHPFFCA98DA,1,1,0,109,607036.923076923,100.0,249.53846153846152,1,0,0,0,0,0,0,0,0,0,0,0,0,1,0,0,0,25.0567609,121.522381,0,20,20,16,9,20,0,0,2,1
1869,中山北路二段77巷1~30號,0.0,11.0,4,44,37.34,1,1,1,1,2800000,74987,RPOPMLLKQHPFFCA08DA,0,1,0,109,230729.23076923075,0.0,114.8923076923077,1,0,0,0,0,0,0,0,0,0,0,0,1,0,0,0,0,25.0576596,121.5230491,0,20,20,17,10,20,0,0,1,1
1870,吉林路361~390號,6.04,7.0,4,42,36.07,1,1,1,1,5000000,138619,RPPRMLLKQHPFFCA38DA,1,1,0,109,426520.0,18.584615384615383,110.98461538461538,1,0,0,0,0,0,0,0,0,0,0,0,0,0,0,1,0,25.0649122,121.5304923,0,11,20,8,7,19,2,0,1,5
1871,農安街1~30號,3.2,11.0,4,41,30.64,1,1,1,1,5050000,164817,RPPPMLMLPHPFFCA38EA,1,1,0,109,507129.23076923075,9.846153846153847,94.27692307692307,1,0,0,0,0,0,0,0,0,0,0,0,1,0,0,0,0,25.0650285,121.523401,0,20,20,18,9,20,2,2,2,1
1872,龍江路241~270號,22.63,7.0,4,38,122.37,3,2,2,0,19556393,159814,RPPNMLLKQHPFFCA08EA,1,1,0,109,491735.3846153846,69.63076923076923,376.5230769230769,1,0,0,0,0,0,0,0,0,0,0,0,0,0,0,1,0,25.0584445,121.5408121,0,20,20,7,9,20,0,0,1,0
1873,中山北路二段91~120號,7.21,14.0,4,2,87.50999999999999,2,1,1,1,23800000,306195,RPRPMLLKQHPFFCA48EA,2,1,1,109,942138.4615384615,22.184615384615384,269.2615384615384,1,0,0,0,0,0,0,0,0,0,0,0,1,0,0,0,0,25.059308,121.523262,0,20,20,19,10,20,0,1,2,1
1874,長安東路一段30巷3弄1~30號,14.73,5.0,4,27,62.35,2,1,2,1,9000000,144346,RPURMLKKPHPFFCA68DA,1,2,0,109,444141.53846153844,45.323076923076925,191.84615384615384,1,0,0,0,0,0,0,0,0,0,0,0,0,0,0,1,0,25.0477902,121.5266558,1,19,20,6,8,20,1,0,1,0
1875,新生北路二段61~90號,2.05,12.0,4,41,24.96,1,1,1,1,2995000,119992,RPPOMLPKPHPFFCA38DA,1,1,0,109,369206.1538461538,6.307692307692307,76.8,1,0,0,0,0,0,0,0,0,0,0,0,1,0,0,0,0,25.0562845,121.5277511,0,20,20,9,13,20,1,0,0,0
1876,新生北路一段61~90號,7.09,14.0,4,33,54.410000000000004,1,1,1,1,8500000,156221,RPTNMLNKPHPFFCA48DA,1,1,0,109,480680.0,21.815384615384612,167.41538461538462,1,0,0,0,0,0,0,0,0,0,0,0,1,0,0,0,0,25.0491044,121.5292611,1,20,20,10,9,20,1,2,0,0
1877,新生北路三段61~90號,4.45,10.0,4,41,36.16,1,1,1,1,6550000,181139,RPVTMLMLPHPFFCA66DA,1,1,0,109,557350.7692307692,13.692307692307692,111.26153846153845,1,0,0,0,0,0,0,0,0,0,0,0,0,0,0,1,0,25.0659966,121.5280981,0,12,20,14,14,20,2,1,1,1
1878,民族東路421~450號,23.42,5.0,4,39,96.07,3,2,2,0,14100000,146768,RPPPMLMKQHPFFCA38EA,1,1,0,109,451593.8461538461,72.06153846153846,295.59999999999997,1,0,0,0,0,0,0,0,0,0,0,0,0,1,0,0,0,25.0642602,121.5474546,1,11,11,1,3,9,0,2,2,0
1879,民權東路三段60巷3弄1~30號,35.14,6.0,4,38,178.77,5,1,1,0,31700000,177323,RPSOMLMKQHPFFCA58EA,1,2,0,109,545609.2307692308,108.12307692307692,550.0615384615385,1,0,0,0,0,0,0,0,0,0,0,0,0,0,0,1,0,25.061502,121.542564,0,20,20,5,8,11,1,2,1,0
1880,雙城街3巷1~30號,4.47,15.0,4,26,44.42,0,0,0,1,2284800,51436,RPRRMLLKQHPFFCA68EA,1,1,0,109,158264.61538461538,13.753846153846153,136.6769230769231,1,0,0,0,0,0,0,0,0,0,0,0,1,0,0,0,0,25.0633663,121.5244776,0,20,20,20,11,20,2,2,2,1
1881,松江路97巷1~30號,41.0,4.0,4,48,122.72,3,2,2,0,25800000,210235,RPUNMLKKQHPFFCA48EA,1,1,0,109,646876.923076923,126.15384615384615,377.59999999999997,1,0,0,0,0,0,0,0,0,0,0,0,0,1,0,0,0,25.0508989,121.5334945,0,20,20,14,11,20,1,5,1,0
1882,新生北路二段61~90號,2.05,12.0,4,41,25.02,1,1,1,1,2995000,119704,RPXQMLQJQHPFFCA96EA,1,1,0,109,368320.0,6.307692307692307,76.98461538461538,1,0,0,0,0,0,0,0,0,0,0,0,1,0,0,0,0,25.0562845,121.5277511,0,20,20,9,13,20,1,0,0,0
1883,農安街2巷1~30號,1.6,4.0,4,46,6.49,0,0,0,0,550000,84746,RPSNMLKKPHPFFCA18EA,1,1,0,109,260756.92307692306,4.923076923076923,19.96923076923077,1,0,0,0,0,0,0,0,0,0,0,0,0,1,0,0,0,25.0648676,121.5229105,0,20,20,19,11,20,2,3,2,1
1884,建國北路三段113巷31弄1~30號,30.41,5.0,4,34,113.89,3,2,2,0,14850000,130389,RPUPMLMKQHPFFCA78DA,1,1,0,109,401196.92307692306,93.56923076923077,350.4307692307692,1,0,0,0,0,0,0,0,0,0,0,0,0,1,0,0,0,25.0676912,121.5361473,0,2,12,1,4,13,0,0,0,4
1885,農安街125巷31~60號,17.14,7.0,4,3,78.94,1,1,1,1,16000000,202686,RPXSMLQJQHPFFCA07DA,1,1,1,109,623649.2307692308,52.738461538461536,242.89230769230767,1,0,0,0,0,0,0,0,0,0,0,0,0,0,0,1,0,25.065936,121.5299649,0,10,20,7,11,14,2,0,0,1
1886,堤頂大道二段481~510號,39.41,10.0,4,11,204.69,2,2,2,1,45700000,223264,RPSNMLLKQHPFFCA28DA,1,1,1,109,686966.1538461539,121.26153846153845,629.8153846153846,1,0,0,0,0,0,0,0,0,0,0,0,0,0,0,1,0,25.082885,121.5618128,0,11,17,2,8,20,3,2,0,0
1887,中山北路二段59巷1~30號,6.36,9.0,4,6,39.6,0,0,0,1,19800000,500000,RPOOMLNKQHPFFCA18DA,1,1,0,109,1538461.5384615385,19.56923076923077,121.84615384615384,1,0,0,0,0,0,0,0,0,0,0,0,0,0,0,1,0,25.0559648,121.5232067,0,20,20,18,11,20,0,0,2,1
1888,北安路518巷14弄1~30號,28.73,5.0,4,37,129.74,3,2,2,0,22000000,169570,RPTOMLNKQHPFFCA68DA,1,1,0,109,521753.8461538461,88.39999999999999,399.2,1,0,0,0,0,0,0,0,0,0,0,0,0,1,0,0,0,25.0793843,121.5455992,0,1,9,1,6,5,2,2,1,0
1889,樂群二路211~240號,43.31,10.0,4,21,142.84,3,2,2,1,22980000,160879,RPUOMLNKQHPFFCA78DA,1,1,1,109,495012.3076923077,133.26153846153846,439.5076923076923,1,0,0,0,0,0,0,0,0,0,0,0,0,0,0,1,0,25.0805055,121.5594306,0,4,11,2,10,20,2,1,0,0
1890,松江路421~450號,18.29,15.0,4,15,172.44,1,2,1,1,40600000,286595,RPQOMLLKQHPFFCA18DA,4,1,1,109,881830.7692307692,56.27692307692307,530.5846153846154,1,0,0,0,0,0,0,0,0,0,0,0,1,0,0,0,0,25.065377,121.533547,0,4,20,4,7,19,0,0,0,20
1891,樂群二路271~300號,19.72,11.0,4,13,72.44,0,1,1,1,13780000,190226,RPPOMLMKQHPFFCA18DA,1,1,1,109,585310.7692307692,60.676923076923075,222.89230769230767,1,0,0,0,0,0,0,0,0,0,0,0,1,0,0,0,0,25.0802463,121.5604236,0,5,12,2,9,20,2,1,0,0
1892,中山北路三段1~30號,4.15,14.0,4,35,51.82,2,1,0,1,9980000,192590,RPOOMLKKQHPFFCA97EA,2,1,0,109,592584.6153846154,12.76923076923077,159.44615384615383,1,0,0,0,0,0,0,0,0,0,0,0,1,0,0,0,0,25.0639349,121.522626,0,20,20,20,10,20,2,4,2,1
1893,林森北路85巷61~90號,31.8,5.0,4,40,105.0,4,0,4,0,13800000,131429,RPQQMLOKQHPFFCA78EA,2,1,0,109,404396.92307692306,97.84615384615384,323.07692307692304,1,0,0,0,0,0,0,0,0,0,0,0,0,1,0,0,0,25.049411,121.527082,1,19,20,8,10,20,1,2,0,0
1894,民權東路三段1~30號,79.41,20.0,4,30,835.51,0,0,0,1,210000000,251340,RPUNMLOKQHPFFCA88EA,1,1,2,109,773353.8461538461,244.33846153846153,2570.7999999999997,1,0,0,0,0,0,0,0,0,0,0,0,1,0,0,0,0,25.0625217,121.5388592,0,14,20,5,7,18,1,1,0,19
1895,長安東路一段1~30號,7.4,12.0,4,33,96.93,2,1,1,1,14660000,151243,RPRRMLMKQHPFFCA78EA,1,2,0,109,465363.0769230769,22.76923076923077,298.24615384615385,1,0,0,0,0,0,0,0,0,0,0,0,1,0,0,0,0,25.049818,121.522081,0,20,20,7,8,20,0,2,1,0
1896,南京東路一段61~90號,3.37,11.0,4,45,46.47,0,1,1,1,7500000,161394,RPVNMLNJQHPFFCA68DA,3,1,0,109,496596.92307692306,10.36923076923077,142.98461538461538,1,0,0,0,0,0,0,0,0,0,0,0,1,0,0,0,0,25.051986,121.5230243,0,20,20,8,9,20,0,2,1,0
1897,錦州街31~60號,0.26,13.0,4,37,136.04,0,0,0,1,14200000,104381,RPRQMLLMPHPFFCA58DA,3,1,0,109,321172.3076923077,0.8,418.58461538461535,1,0,0,0,0,0,0,0,0,0,0,0,1,0,0,0,0,25.0604245,121.5264838,0,20,20,20,9,20,2,1,1,1
1898,農安街31~60號,13.43,10.0,4,42,129.26999999999998,4,2,2,1,21000000,162451,RPXPMLOKQHPFFCA76EA,1,1,0,109,499849.23076923075,41.32307692307692,397.7538461538461,1,0,0,0,0,0,0,0,0,0,0,0,0,0,0,1,0,25.0650091,121.5250094,0,20,20,19,11,20,2,2,1,1
1899,龍江路37巷1~30號,26.25,4.0,3,51,66.8,3,1,2,0,10700000,160180,RPPQMLOKQHPFFCA68EA,1,1,0,109,492861.53846153844,80.76923076923076,205.53846153846152,1,0,0,0,0,0,0,0,0,0,0,0,0,1,0,0,0,25.0488669,121.540725,0,20,20,8,9,20,2,1,1,0
1900,新生北路三段61~90號,10.99,9.0,4,2,83.6,2,2,1,1,17900000,214115,RPSRMLOKQHPFFCA09EA,1,1,0,109,658815.3846153846,33.815384615384616,257.2307692307692,1,0,0,0,0,0,0,0,0,0,0,0,0,0,0,1,0,25.0659966,121.5280981,0,12,20,14,14,20,2,1,1,1
1901,建國北路二段61~90號,49.8,12.0,4,26,471.28,7,2,2,1,97000000,205822,RPPPNLOKQHPFFCA68EA,2,2,4,109,633298.4615384615,153.23076923076923,1450.0923076923075,1,0,0,0,0,0,0,0,0,0,0,0,1,0,0,0,0,25.055757,121.537466,1,20,20,3,13,20,1,2,0,0
1902,林森北路119巷1~30號,7.42,6.0,4,22,29.36,1,1,1,0,5400000,183924,RPWNMLKKQHPFFCA68EA,1,1,0,109,565920.0,22.83076923076923,90.33846153846153,1,0,0,0,0,0,0,0,0,0,0,0,0,0,0,1,0,25.0508342,121.5252532,0,20,20,9,10,20,0,0,0,0
1903,林森北路85巷66弄1~30號,8.29,5.0,4,37,32.58,1,1,1,1,5500000,168815,RPVRMLLKQHPFFCA98DA,1,1,0,109,519430.7692307692,25.507692307692306,100.24615384615383,1,0,0,0,0,0,0,0,0,0,0,0,0,0,0,1,0,25.0490831,121.5272081,1,18,20,8,11,20,1,2,0,0
1904,松江路226巷1~30號,30.81,7.0,4,9,142.88,2,2,2,1,31500000,220465,RPVNMLLKQHPFFCA58DA,2,1,1,109,678353.8461538461,94.8,439.6307692307692,1,0,0,0,0,0,0,0,0,0,0,0,0,0,0,1,0,25.0586525,121.5324616,1,20,20,11,9,20,1,2,1,4
1905,北安路554巷8弄1~30號,39.5,13.0,4,28,203.04,3,2,2,1,50000000,246257,RPRRMLMKQHPFFCA68DA,1,1,1,109,757713.8461538461,121.53846153846153,624.7384615384615,1,0,0,0,0,0,0,0,0,0,0,0,1,0,0,0,0,25.0796048,121.550581,0,14,10,3,9,11,2,0,1,0
1906,林森北路271~300號,7.9,12.0,4,44,95.48,3,1,2,1,15000000,157101,RPVQMLNKQHPFFCA09DA,2,1,0,109,483387.6923076923,24.307692307692307,293.7846153846154,1,0,0,0,0,0,0,0,0,0,0,0,1,0,0,0,0,25.056629,121.525492,0,20,20,15,10,20,1,0,0,1
1907,新生北路二段91~120號,3.15,14.0,4,34,38.09,0,0,0,1,4580000,120242,RPQQMLOKQHPFFCA68DA,1,1,0,109,369975.3846153846,9.692307692307692,117.2,1,0,0,0,0,0,0,0,0,0,0,0,1,0,0,0,0,25.0573288,121.5278946,0,15,20,9,10,20,1,0,0,0
1908,長春路31~60號,3.01,12.0,4,45,38.41,1,1,1,1,6180000,160896,RPPRMLOKQHPFFCA68DA,6,1,0,109,495064.6153846154,9.26153846153846,118.18461538461537,1,0,0,0,0,0,0,0,0,0,0,0,1,0,0,0,0,25.0551299,121.525757,0,20,20,11,9,20,1,0,0,0
1909,中山北路二段77巷1~30號,42.5,3.0,3,35,132.52,4,2,2,0,19000000,143375,RPPOMLRKQHPFFCA68DA,1,1,0,109,441153.8461538461,130.76923076923077,407.75384615384615,1,0,0,0,0,0,0,0,0,0,0,0,0,1,0,0,0,25.0576596,121.5230491,0,20,20,17,10,20,0,0,1,1
1910,建國北路二段31~60號,19.73,14.0,4,38,106.9,3,2,1,1,24400000,228251,RPWQMLRJQHPFFCA86DA,1,1,0,109,702310.7692307692,60.707692307692305,328.9230769230769,1,0,0,0,0,0,0,0,0,0,0,0,1,0,0,0,0,25.0547495,121.5370927,1,20,20,6,11,20,1,2,0,0
1911,通北街65巷2弄1~30號,43.2,9.0,4,27,163.75,4,2,2,1,26580000,162321,RPTOMLRKQHPFFCA09DA,2,1,0,109,499449.23076923075,132.92307692307693,503.8461538461538,1,0,0,0,0,0,0,0,0,0,0,0,0,0,0,1,0,25.0832353,121.5396547,0,1,1,0,3,3,0,0,0,0
1912,新生北路三段1~30號,6.08,12.0,4,15,43.79,2,1,1,1,11200000,255766,RPUNMLRKQHPFFCA09DA,3,1,0,109,786972.3076923076,18.70769230769231,134.73846153846154,1,0,0,0,0,0,0,0,0,0,0,0,1,0,0,0,0,25.0628897,121.5281771,0,11,20,16,10,20,2,1,1,0
1913,中山北路二段62巷1~30號,30.75,4.0,3,35,98.83,3,2,1,0,18500000,187190,RPQRMLRKQHPFFCA09DA,1,1,0,109,575969.2307692308,94.61538461538461,304.09230769230766,1,0,0,0,0,0,0,0,0,0,0,0,0,1,0,0,0,25.0567609,121.522381,0,20,20,16,9,20,0,0,2,1
1914,德惠街31~60號,2.93,11.0,4,42,27.44,1,0,1,1,4350000,158528,RPUPMLNKQHPFFCA88DA,1,1,0,109,487778.4615384615,9.015384615384615,84.43076923076923,1,0,0,0,0,0,0,0,0,0,0,0,1,0,0,0,0,25.0667707,121.5265786,0,11,20,15,15,20,2,0,1,1
1915,雙城街25巷1~30號,4.12,8.0,4,45,33.06,0,0,0,1,6200000,187538,RPVPMLMKQHPFFCA88DA,1,1,0,109,577040.0,12.676923076923076,101.72307692307693,1,0,0,0,0,0,0,0,0,0,0,0,0,0,0,1,0,25.066379,121.524449,0,15,20,16,10,20,2,1,1,1
1916,松江路511~540號,28.08,7.0,4,37,138.29000000000002,2,2,2,0,25000000,180780,RPOOMLRKQHPFFCA68EA,1,1,0,109,556246.1538461539,86.39999999999999,425.50769230769237,1,0,0,0,0,0,0,0,0,0,0,0,0,0,0,1,0,25.069435,121.533849,0,1,4,0,8,7,1,0,0,2
1917,北安路458巷47弄1~30號,25.48,14.0,4,18,190.81,3,2,2,1,51500000,274049,RPRQMLOLPHPFFCA88EA,2,1,1,109,843227.6923076923,78.4,587.1076923076923,1,0,0,0,0,0,0,0,0,0,0,0,1,0,0,0,0,25.078316,121.544807,0,0,5,1,5,6,2,2,1,0
1918,中山北路二段93巷1~30號,40.4,12.0,4,8,454.02,3,2,3,1,87000000,255177,RPTQMLOLPHPFFCA09EA,1,1,3,109,785160.0,124.30769230769229,1396.9846153846154,1,0,0,0,0,0,0,0,0,0,0,0,1,0,0,0,0,25.0594195,121.5233012,0,20,20,18,10,20,0,1,2,1
1919,新生北路二段31~60號,6.21,17.0,4,25,67.03999999999999,2,1,1,1,12980000,193645,RPUQMLOLPHPFFCA56EA,1,1,0,109,595830.7692307692,19.107692307692307,206.27692307692305,1,0,0,0,0,0,0,0,0,0,0,0,1,0,0,0,0,25.0542013,121.5278274,0,20,20,9,11,20,1,1,0,0
1920,吉林路91~120號,13.0,11.0,4,6,130.36,0,0,0,1,24000000,184106,RPTOMLKLQHPFFCA58EA,1,1,2,109,566480.0,40.0,401.10769230769233,1,0,0,0,0,0,0,0,0,0,0,0,1,0,0,0,0,25.055745,121.530385,1,20,20,6,7,20,2,3,0,0
1921,中原街121~150號,29.12,7.0,4,36,149.09,3,2,2,0,21000000,140855,RPQOMLOLQHPFFCA68EA,1,1,0,109,433400.0,89.6,458.73846153846154,1,0,0,0,0,0,0,0,0,0,0,0,0,0,0,1,0,25.0632149,121.5290765,0,12,20,16,10,20,2,1,1,0
1922,龍江路155巷1~30號,5.54,10.0,4,32,49.25,1,1,1,1,11000000,223350,RPSQMLRKQHPFFCA66EA,3,1,0,109,687230.7692307692,17.046153846153846,151.53846153846155,1,0,0,0,0,0,0,0,0,0,0,0,0,0,0,1,0,25.0543398,121.5407322,0,20,20,6,17,20,1,0,1,0
1923,林森北路85巷31~60號,8.81,7.0,4,44,43.36,1,1,1,1,6950000,160286,RPUOMLSKQHPFFCA76EA,2,1,0,109,493187.6923076923,27.107692307692307,133.4153846153846,1,0,0,0,0,0,0,0,0,0,0,0,0,0,0,1,0,25.0496178,121.5260445,0,20,20,7,10,20,1,0,0,0
1924,建國北路三段61~90號,10.47,14.0,4,6,105.00999999999999,0,0,0,1,25030000,242271,RPWQMLKKQHPFFCA88DA,2,1,1,109,745449.2307692308,32.215384615384615,323.1076923076923,1,0,0,0,0,0,0,0,0,0,0,0,1,0,0,0,0,25.0647501,121.537375,0,6,18,2,4,18,1,0,0,20
1925,北安路661~690號,17.3,7.0,4,4,86.27000000000001,0,0,0,1,20800000,271937,RPVPMLLKQHPFFCA78DA,2,1,1,109,836729.2307692308,53.23076923076923,265.4461538461539,1,0,0,0,0,0,0,0,0,0,0,0,0,0,0,1,0,25.08484,121.549266,0,14,9,1,7,13,0,0,0,0
1926,中山北路二段59巷31~60號,10.01,16.0,4,22,104.63999999999999,1,2,2,1,20800000,198777,RPWPMLNKQHPFFCA09DA,1,1,1,109,611621.5384615385,30.799999999999997,321.9692307692307,1,0,0,0,0,0,0,0,0,0,0,0,1,0,0,0,0,25.0559502,121.5242173,0,20,20,18,10,20,0,0,1,1
1927,林森北路85巷31~60號,12.96,7.0,4,14,51.96,1,1,1,0,9000000,173210,RPPNMLRKQHPFFCA58DA,1,1,0,109,532953.8461538461,39.87692307692308,159.87692307692308,1,0,0,0,0,0,0,0,0,0,0,0,0,1,0,0,0,25.0496178,121.5260445,0,20,20,7,10,20,1,0,0,0
1928,德惠街1~30號,6.11,12.0,4,15,64.4,0,1,1,1,12100000,187888,RPSNMLPJQHPFFCA58DA,1,1,1,109,578116.923076923,18.8,198.15384615384616,1,0,0,0,0,0,0,0,0,0,0,0,1,0,0,0,0,25.0668904,121.5229555,0,17,20,15,12,20,1,1,0,1
1929,新生北路二段60巷1~30號,4.32,12.0,4,40,52.38,2,2,1,1,7500000,143184,RPTOMLKKQHPFFCA38DA,1,1,0,109,440566.1538461538,13.292307692307693,161.16923076923078,1,0,0,0,0,0,0,0,0,0,0,0,1,0,0,0,0,25.0557499,121.5271722,0,20,20,9,11,20,1,0,0,0
1930,雙城街13巷1~30號,18.39,14.0,4,16,213.48000000000002,3,2,2,1,36500000,170976,RPXOMLTKQHPFFCA07DA,1,2,2,109,526080.0,56.58461538461538,656.8615384615385,1,0,0,0,0,0,0,0,0,0,0,0,1,0,0,0,0,25.06417,121.5245646,0,20,20,19,11,20,2,2,1,1
1931,農安街1~30號,3.16,14.0,4,12,53.24,0,1,1,1,10580000,198723,RPQNMLPKQHPFFCA48DA,1,1,0,109,611455.3846153846,9.723076923076924,163.8153846153846,1,0,0,0,0,0,0,0,0,0,0,0,1,0,0,0,0,25.0650285,121.523401,0,20,20,18,9,20,2,2,2,1
1932,松江路188巷1~30號,20.52,7.0,4,45,140.36,4,2,2,0,29880000,212881,RPXNMLLKQHPFFCA78DA,1,1,0,109,655018.4615384615,63.138461538461534,431.8769230769231,1,0,0,0,0,0,0,0,0,0,0,0,0,0,0,1,0,25.0568621,121.5326069,1,20,20,10,10,20,2,2,1,0
1933,南京東路二段41巷1~30號,23.19,5.0,4,53,80.4,2,2,1,0,16250000,202114,RPTOMLTKQHPFFCA76EA,3,1,0,109,621889.2307692308,71.35384615384615,247.3846153846154,1,0,0,0,0,0,0,0,0,0,0,0,0,1,0,0,0,25.0521541,121.5293291,0,20,20,10,10,20,2,2,1,0
1934,新生北路三段31~60號,6.57,11.0,4,43,51.730000000000004,0,0,0,1,8300000,160448,RPXPMLTKQHPFFCA27EA,2,1,0,109,493686.1538461538,20.215384615384615,159.16923076923078,1,0,0,0,0,0,0,0,0,0,0,0,1,0,0,0,0,25.0646869,121.5280576,0,13,20,16,15,20,2,1,1,1
1935,長春路301~330號,18.25,11.0,4,28,261.37,1,1,0,1,51500000,197039,RPWOMLOLPHPFFCA09DA,2,1,0,109,606273.8461538461,56.15384615384615,804.2153846153846,1,0,0,0,0,0,0,0,0,0,0,0,1,0,0,0,0,25.0547671,121.542456,0,20,20,9,16,20,0,0,1,0
1936,長安東路二段61~90號,4.07,11.0,4,40,42.11,1,1,1,1,9400000,223225,RPQNMLRKPHPFFCA58DA,1,1,0,109,686846.1538461539,12.523076923076923,129.56923076923076,1,0,0,0,0,0,0,0,0,0,0,0,1,0,0,0,0,25.0484255,121.5303443,1,20,20,12,9,20,1,2,1,0
1937,建國北路二段258巷1~30號,30.14,7.0,4,42,138.82,4,2,3,0,23500000,169284,RPQNMLKLQHPFFCA18EA,1,1,0,109,520873.8461538461,92.73846153846154,427.1384615384615,1,0,0,0,0,0,0,0,0,0,0,0,0,0,0,1,0,25.0619183,121.5364888,0,17,20,10,9,20,0,0,1,19
1938,八德路二段61~90號,8.15,11.0,4,15,35.64,2,1,1,1,10160000,285073,RPROMLKLQHPFFCA38EA,1,1,0,109,877147.6923076923,25.076923076923077,109.66153846153846,1,0,0,0,0,0,0,0,0,0,0,0,1,0,0,0,0,25.0452175,121.5348345,1,17,19,7,10,20,1,0,1,0
1939,明水路397巷7弄61~90號,5.31,13.0,4,28,25.0,3,2,2,1,5000000,200000,RPSPMLOLQHPFFCA98EA,1,1,0,109,615384.6153846154,16.338461538461537,76.92307692307692,1,0,0,0,0,0,0,0,0,0,0,0,1,0,0,0,0,25.0789085,121.5510338,0,11,7,2,9,11,2,0,1,0
1940,中山北路二段93巷1~30號,9.42,12.0,4,16,68.04,3,1,2,1,20300000,298354,RPUPMLTKQHPFFCA96EA,1,1,0,109,918012.3076923076,28.984615384615385,209.35384615384618,1,0,0,0,0,0,0,0,0,0,0,0,1,0,0,0,0,25.0594195,121.5233012,0,20,20,18,10,20,0,1,2,1
1941,龍江路384巷1~30號,25.96,5.0,4,39,99.51,3,2,2,0,16000000,160788,RPRQMLMKQHPFFCA58DA,1,1,0,109,494732.3076923077,79.87692307692308,306.18461538461537,1,0,0,0,0,0,0,0,0,0,0,0,0,1,0,0,0,25.0669049,121.5408774,0,4,10,1,3,11,1,1,0,0
1942,北安路621巷31~60號,11.83,4.0,4,41,33.35,0,0,0,0,9000000,269865,RPSOMLKLQHPFFCA38DA,1,1,0,109,830353.8461538461,36.4,102.61538461538461,1,0,0,0,0,0,0,0,0,0,0,0,0,1,0,0,0,25.083073,121.54744,0,13,13,0,10,6,1,0,1,0
1943,松江路330巷1~30號,27.6,5.0,4,44,103.9,3,2,1,0,19720000,189798,RPQOMLTKQHPFFCA98DA,1,1,0,109,583993.8461538461,84.92307692307692,319.6923076923077,1,0,0,0,0,0,0,0,0,0,0,0,0,1,0,0,0,25.0612193,121.532649,0,20,20,12,10,20,0,0,1,18
1944,新生北路一段61~90號,19.56,15.0,4,33,182.42999999999998,3,2,2,1,27800000,165047,RPUOMLTKQHPFFCA76DA,1,1,1,109,507836.92307692306,60.18461538461538,561.3230769230769,1,0,0,0,0,0,0,0,0,0,0,0,1,0,0,0,0,25.0491044,121.5292611,1,20,20,10,9,20,1,2,0,0
1945,民生東路一段61~90號,5.59,11.0,4,29,50.34,1,1,1,1,7800000,154946,RPVOMLTKQHPFFCA86DA,1,1,0,109,476756.92307692306,17.2,154.8923076923077,1,0,0,0,0,0,0,0,0,0,0,0,1,0,0,0,0,25.0581862,121.5265178,0,20,20,17,7,20,0,1,0,1
1946,民權東路二段121~150號,9.16,12.0,4,39,59.14,2,1,1,1,12300000,207981,RPTQMLRJQHPFFCA56DA,1,1,0,109,639941.5384615385,28.184615384615384,181.96923076923076,1,0,0,0,0,0,0,0,0,0,0,0,1,0,0,0,0,25.0626581,121.5345652,0,16,20,9,10,20,0,0,1,20
1947,敬業三路162巷1~30號,47.09,12.0,4,21,155.75,3,2,2,1,25580000,164238,RPRPMLKLQHPFFCA38DA,1,1,0,109,505347.6923076923,144.8923076923077,479.2307692307692,1,0,0,0,0,0,0,0,0,0,0,0,1,0,0,0,0,25.0791581,121.5572576,0,3,6,2,8,12,2,1,0,0
1948,新生北路三段61~90號,11.01,9.0,4,2,93.78999999999999,2,2,1,1,19580000,207895,RPSPMLKLQHPFFCA48DA,1,1,1,109,639676.923076923,33.87692307692308,288.58461538461535,1,0,0,0,0,0,0,0,0,0,0,0,0,0,0,1,0,25.0659966,121.5280981,0,12,20,14,14,20,2,1,1,1
1949,堤頂大道二段481~510號,23.5,10.0,4,11,131.76,1,2,1,1,27680000,210079,RPOPMLLLQHPFFCA18DA,1,1,1,109,646396.923076923,72.3076923076923,405.4153846153846,1,0,0,0,0,0,0,0,0,0,0,0,0,0,0,1,0,25.082885,121.5618128,0,11,17,2,8,20,3,2,0,0
1950,龍江路1~30號,38.14,7.0,4,3,156.34,0,0,0,1,42000000,268645,RPPRMLLLQHPFFCA48DA,1,1,0,109,826600.0,117.35384615384615,481.04615384615386,1,0,0,0,0,0,0,0,0,0,0,0,0,0,0,1,0,25.0470728,121.5405382,0,15,17,6,9,20,2,1,0,0
1951,雙城街3巷1~30號,5.11,15.0,4,26,34.43,1,1,1,1,5800000,168458,RPSRMLTKQHPFFCA86DA,1,1,0,109,518332.3076923077,15.723076923076924,105.93846153846154,1,0,0,0,0,0,0,0,0,0,0,0,1,0,0,0,0,25.0633663,121.5244776,0,20,20,20,11,20,2,2,2,1
1952,雙城街10巷1~30號,12.88,7.0,4,33,83.25,2,2,2,0,12840000,154234,RPSSMLTKQHPFFCA96DA,1,1,0,109,474566.1538461538,39.63076923076923,256.15384615384613,1,0,0,0,0,0,0,0,0,0,0,0,0,0,0,1,0,25.0642289,121.5242889,0,20,20,17,10,20,2,2,2,1
1953,長春路258巷31~60號,12.0,6.0,4,24,52.11,1,1,1,0,9780000,187680,RPTPMLTKQHPFFCA86EA,1,1,1,109,577476.923076923,36.92307692307692,160.33846153846153,1,0,0,0,0,0,0,0,0,0,0,0,0,0,0,1,0,25.0535826,121.5390631,1,20,20,6,14,20,1,2,0,0
1954,松江路151~180號,13.05,14.0,4,44,129.67000000000002,0,0,0,1,31000000,239068,RPXQMLOLPHPFFCA86EA,1,2,0,109,735593.8461538461,40.15384615384615,398.98461538461544,1,0,0,0,0,0,0,0,0,0,0,0,1,0,0,0,0,25.0554652,121.5332848,1,20,20,8,13,20,2,3,2,0
1955,長安東路二段151~180號,3.93,12.0,4,33,52.17,1,1,1,1,10400000,199348,RPORMLOLPHPFFCA68EA,1,1,0,109,613378.4615384615,12.092307692307692,160.52307692307693,1,0,0,0,0,0,0,0,0,0,0,0,1,0,0,0,0,25.0483836,121.5375487,0,20,20,12,8,20,1,1,0,0
1956,長春路61~90號,2.93,12.0,4,41,28.060000000000002,1,1,1,1,4000000,142552,RPOPMLLLQHPFFCA28EA,1,1,0,109,438621.53846153844,9.015384615384615,86.33846153846154,1,0,0,0,0,0,0,0,0,0,0,0,1,0,0,0,0,25.0550126,121.5262836,0,20,20,9,8,20,1,0,0,0
1957,民權東路三段60巷1~30號,29.06,7.0,4,41,150.44,7,0,7,0,28500000,189444,RPPPMLLLQHPFFCA38EA,2,1,0,109,582904.6153846154,89.41538461538461,462.89230769230767,1,0,0,0,0,0,0,0,0,0,0,0,0,0,0,1,0,25.061311,121.54248,0,20,20,5,8,11,1,2,1,0
1958,中山北路三段1~30號,0.92,14.0,4,43,17.740000000000002,0,0,0,1,2565000,144589,RPRQMLLLQHPFFCA68EA,2,1,0,109,444889.23076923075,2.830769230769231,54.58461538461539,1,0,0,0,0,0,0,0,0,0,0,0,1,0,0,0,0,25.0639349,121.522626,0,20,20,20,10,20,2,4,2,1
1959,復興北路488巷1弄1~30號,11.07,7.0,4,37,69.86,2,1,1,0,18000000,257658,RPUQMLLLQHPFFCA98EA,3,1,0,109,792793.8461538461,34.06153846153846,214.95384615384614,1,0,0,0,0,0,0,0,0,0,0,0,0,1,0,0,0,25.0652229,121.543906,0,12,14,1,1,3,1,1,1,0
1960,錦州街31~60號,6.37,11.0,4,39,64.85,2,1,1,0,10000000,154202,RPVQMLLLQHPFFCA09EA,1,1,0,109,474467.6923076923,19.6,199.53846153846152,1,0,0,0,0,0,0,0,0,0,0,0,1,0,0,0,0,25.0604245,121.5264838,0,20,20,20,9,20,2,1,1,1
1961,渭水路3巷1~30號,24.38,7.0,4,39,138.0,3,2,2,0,27000000,195652,RPXNMLOLQHPFFCA66EA,1,1,0,109,602006.1538461539,75.0153846153846,424.6153846153846,1,0,0,0,0,0,0,0,0,0,0,0,0,0,0,1,0,25.0467239,121.5334116,1,15,19,8,9,20,2,1,0,0
1962,德惠街1~30號,14.71,10.0,4,34,105.44,3,2,2,0,18000000,170713,RPOQMLTKQHPFFCA09EA,1,1,0,109,525270.7692307692,45.261538461538464,324.4307692307692,1,0,0,0,0,0,0,0,0,0,0,0,0,0,0,1,0,25.0668904,121.5229555,0,17,20,15,12,20,1,1,0,1
1963,新生北路三段61~90號,5.81,9.0,4,45,40.45,0,0,0,1,6980000,172559,RPPQMLTKQHPFFCA56EA,4,1,0,109,530950.7692307692,17.876923076923074,124.46153846153847,1,0,0,0,0,0,0,0,0,0,0,0,0,0,0,1,0,25.0659966,121.5280981,0,12,20,14,14,20,2,1,1,1
1964,民生東路一段1~30號,4.21,12.0,4,15,38.64,0,0,0,1,8450000,218685,RPWPMLTKQHPFFCA17EA,1,1,0,109,672876.923076923,12.953846153846154,118.8923076923077,1,0,0,0,0,0,0,0,0,0,0,0,1,0,0,0,0,25.0579831,121.5250958,0,20,20,16,12,20,0,1,1,1
1965,松江路402巷1~30號,30.75,4.0,4,49,78.35,3,1,2,0,10000000,127632,RPOPMLOLQHPFFCA58EA,1,1,0,109,392713.8461538461,94.61538461538461,241.07692307692304,1,0,0,0,0,0,0,0,0,0,0,0,0,1,0,0,0,25.0639815,121.5322456,0,9,20,9,10,19,0,0,1,20
1966,中山北路一段83巷1~30號,4.8,9.0,4,43,40.949999999999996,1,1,1,1,7840000,191453,RPPPMLOLQHPFFCA68EA,1,1,0,109,589086.1538461539,14.769230769230768,125.99999999999999,1,0,0,0,0,0,0,0,0,0,0,0,0,0,0,1,0,25.0504647,121.5225109,0,20,20,7,9,20,0,2,1,0
1967,吉林路121~150號,42.73,13.0,4,11,349.15999999999997,3,2,2,1,67800000,259668,RPPRMLOLPHPFFCA78EA,2,1,3,109,798978.4615384615,131.47692307692307,1074.3384615384614,1,0,0,0,0,0,0,0,0,0,0,0,1,0,0,0,0,25.0570157,121.5303219,1,20,20,10,11,20,2,0,1,0
1968,吉林路10巷1~30號,24.15,6.0,4,33,112.69,3,2,2,0,9100000,80753,RPQQMLLLQHPFFCA48DA,1,1,0,109,248470.76923076922,74.3076923076923,346.73846153846154,1,0,0,0,0,0,0,0,0,0,0,0,0,0,0,1,0,25.0498402,121.5299192,1,20,20,13,11,20,2,2,1,0
1969,八德路二段241~270號,7.54,12.0,4,43,65.53999999999999,2,1,1,1,11000000,167836,RPQNMLSJQHPFFCA68DA,2,1,0,109,516418.4615384615,23.2,201.66153846153844,1,0,0,0,0,0,0,0,0,0,0,0,1,0,0,0,0,25.0469703,121.5407529,0,18,18,7,10,20,2,1,0,0
1970,中山北路二段77巷1~30號,14.22,13.0,4,4,143.13,2,2,1,1,33000000,318850,RPSQMLKKQHPFFCA48DA,1,1,1,109,981076.923076923,43.753846153846155,440.4,1,0,0,0,0,0,0,0,0,0,0,0,1,0,0,0,0,25.0576596,121.5230491,0,20,20,17,10,20,0,0,1,1
1971,中山北路二段77巷1~30號,20.64,13.0,4,4,227.3,0,0,0,1,52000000,353437,RPTQMLKKQHPFFCA58DA,1,1,2,109,1087498.4615384615,63.50769230769231,699.3846153846154,1,0,0,0,0,0,0,0,0,0,0,0,1,0,0,0,0,25.0576596,121.5230491,0,20,20,17,10,20,0,0,1,1
1972,中山北路二段77巷1~30號,14.22,13.0,4,4,143.13,2,2,1,1,34000000,329270,RPUQMLKKQHPFFCA68DA,1,1,1,109,1013138.4615384615,43.753846153846155,440.4,1,0,0,0,0,0,0,0,0,0,0,0,1,0,0,0,0,25.0576596,121.5230491,0,20,20,17,10,20,0,0,1,1
1973,中山北路二段77巷1~30號,14.2,13.0,4,4,143.0,2,2,1,1,34000000,329716,RPVQMLKKQHPFFCA78DA,1,1,1,109,1014510.7692307692,43.692307692307686,440.0,1,0,0,0,0,0,0,0,0,0,0,0,1,0,0,0,0,25.0576596,121.5230491,0,20,20,17,10,20,0,0,1,1
1974,興安街61~90號,21.32,15.0,4,35,105.03999999999999,3,2,1,1,20500000,195164,RPPNMLKLQHPFFCA97DA,1,1,0,109,600504.6153846154,65.6,323.2,1,0,0,0,0,0,0,0,0,0,0,0,1,0,0,0,0,25.0562445,121.5425052,0,20,20,9,14,20,0,0,0,0
1975,敬業一路128巷31~60號,12.68,7.0,4,13,61.09,0,0,0,1,12950000,211982,RPSOMLOLQHPFFCA78DA,1,1,1,109,652252.3076923076,39.01538461538461,187.96923076923076,1,0,0,0,0,0,0,0,0,0,0,0,0,0,0,1,0,25.0835087,121.5534435,0,15,11,1,6,20,0,0,1,0
1976,中山北路一段61~90號,3.04,13.0,4,12,34.07,1,1,1,1,7700000,226005,RPPRMLPLQHPFFCA88DA,1,1,0,109,695400.0,9.353846153846154,104.83076923076923,1,0,0,0,0,0,0,0,0,0,0,0,1,0,0,0,0,25.0499695,121.5219583,0,20,20,8,8,20,0,2,1,0
1977,錦州街31~60號,4.8,13.0,4,37,50.65,1,1,1,1,5670000,111945,RPPQMLOLPHPFFCA68EA,3,1,0,109,344446.1538461538,14.769230769230768,155.84615384615384,1,0,0,0,0,0,0,0,0,0,0,0,1,0,0,0,0,25.0604245,121.5264838,0,20,20,20,9,20,2,1,1,1
1978,錦州街30巷1~30號,2.09,10.0,4,42,18.11,1,1,1,1,2800000,154611,RPVNMLPLQHPFFCA56EA,1,1,0,109,475726.1538461538,6.43076923076923,55.72307692307692,1,0,0,0,0,0,0,0,0,0,0,0,0,0,0,1,0,25.0601539,121.5249221,0,20,20,20,11,20,2,1,1,1
1979,敬業二路69巷1~30號,53.42,11.0,4,11,258.74,0,0,0,1,72000000,278272,RPWNMLPLQHPFFCA66EA,1,2,1,109,856221.5384615384,164.36923076923077,796.123076923077,1,0,0,0,0,0,0,0,0,0,0,0,1,0,0,0,0,25.0816364,121.5539649,0,14,11,3,7,20,0,0,1,0
1980,新生北路三段61~90號,18.2,11.0,4,39,180.26,4,0,4,1,13500000,74892,RPOOMLPLQHPFFCA58EA,1,2,0,109,230436.92307692306,55.99999999999999,554.6461538461538,1,0,0,0,0,0,0,0,0,0,0,0,1,0,0,0,0,25.0659966,121.5280981,0,12,20,14,14,20,2,1,1,1
1981,松江路38巷1~30號,27.48,12.0,4,2,182.52,0,0,0,1,50960000,312937,RPPOMLPLQHPFFCA68EA,2,1,1,109,962883.0769230769,84.55384615384615,561.6,1,0,0,0,0,0,0,0,0,0,0,0,1,0,0,0,0,25.0476359,121.5325294,1,20,19,10,9,20,1,1,1,0
1982,農安街31~60號,4.48,10.0,4,42,41.9,2,1,1,1,7800000,186158,RPVNNLPLQHPFFCA66EA,1,1,0,109,572793.8461538461,13.784615384615385,128.9230769230769,1,0,0,0,0,0,0,0,0,0,0,0,0,0,0,1,0,25.0650091,121.5250094,0,20,20,19,11,20,2,2,1,1
1983,新生北路三段11巷31~60號,43.25,4.0,4,47,119.12,3,2,2,0,22000000,184688,RPVNMLLLQHPFFCA78EA,1,1,0,109,568270.7692307692,133.07692307692307,366.5230769230769,1,0,0,0,0,0,0,0,0,0,0,0,0,1,0,0,0,25.0636494,121.5287071,0,10,20,16,10,20,2,1,1,1
1984,林森北路571~600號,4.73,11.0,4,44,44.14,1,1,1,1,7810000,176937,RPVNMLQLQHPFFCA66EA,1,1,0,109,544421.5384615385,14.553846153846155,135.8153846153846,1,0,0,0,0,0,0,0,0,0,0,0,1,0,0,0,0,25.056629,121.525492,0,20,20,15,10,20,1,0,0,1
1985,林森北路391~420號,3.06,12.0,4,39,34.81,1,1,1,1,4000000,114910,RPQOMLPLQHPFFCA78EA,1,1,0,109,353569.23076923075,9.415384615384616,107.10769230769232,1,0,0,0,0,0,0,0,0,0,0,0,1,0,0,0,0,25.056629,121.525492,0,20,20,15,10,20,1,0,0,1
1986,松江路38巷1~30號,35.09,12.0,4,2,217.76999999999998,0,0,0,1,68680000,315379,RPQNMLPLQHPFFCA68EA,2,1,0,109,970396.923076923,107.96923076923078,670.0615384615384,1,0,0,0,0,0,0,0,0,0,0,0,1,0,0,0,0,25.0476359,121.5325294,1,20,19,10,9,20,1,1,1,0
1987,遼寧街62巷1~30號,5.6,4.0,4,38,16.84,3,2,2,0,2220000,131751,RPTOMLRLPHPFFCA56EA,1,1,0,109,405387.6923076923,17.23076923076923,51.815384615384616,1,0,0,0,0,0,0,0,0,0,0,0,0,1,0,0,0,25.050661,121.5420355,0,20,20,10,9,20,1,2,1,0
1988,新生北路二段121~150號,12.43,7.0,4,43,53.28,0,0,0,0,12650000,237425,RPWOMLPLQHPFFCA66DA,1,1,0,109,730538.4615384615,38.246153846153845,163.93846153846152,1,0,0,0,0,0,0,0,0,0,0,0,0,0,0,1,0,25.0592578,121.5279608,0,17,20,15,11,20,0,1,1,0
1989,錦州街31~60號,5.27,13.0,4,37,58.73,1,1,1,1,7880000,134173,RPTRMLTKQHPFFCA96DA,3,1,0,109,412840.0,16.215384615384615,180.7076923076923,1,0,0,0,0,0,0,0,0,0,0,0,1,0,0,0,0,25.0604245,121.5264838,0,20,20,20,9,20,2,1,1,1
1990,林森北路571~600號,13.0,13.0,4,10,160.97,2,1,1,1,31800000,197552,RPRRMLTKQHPFFCA76DA,1,1,1,109,607852.3076923076,40.0,495.29230769230765,1,0,0,0,0,0,0,0,0,0,0,0,1,0,0,0,0,25.056629,121.525492,0,20,20,15,10,20,1,0,0,1
1991,林森北路301~330號,4.55,14.0,4,18,41.14,1,1,1,1,7500000,182304,RPOSMLMKQHPFFCA48DA,1,1,0,109,560935.3846153846,13.999999999999998,126.58461538461538,1,0,0,0,0,0,0,0,0,0,0,0,1,0,0,0,0,25.056629,121.525492,0,20,20,15,10,20,1,0,0,1
1992,新生北路三段56巷1~30號,4.01,12.0,4,40,43.06,0,0,0,1,7800000,181143,RPSNMLRLQHPFFCA98DA,1,1,0,109,557363.0769230769,12.338461538461537,132.4923076923077,1,0,0,0,0,0,0,0,0,0,0,0,1,0,0,0,0,25.0654685,121.5273556,0,15,20,16,12,20,2,1,1,1
1993,民權東路一段61~90號,13.17,11.0,4,43,116.89,14,1,14,1,15912000,136128,RPQNMLSLQHPFFCA98EA,1,1,0,109,418855.3846153846,40.52307692307692,359.66153846153844,1,0,0,0,0,0,0,0,0,0,0,0,1,0,0,0,0,25.0629119,121.525043,0,20,20,20,13,20,2,2,1,1
1994,南京東路一段132巷31~60號,10.0,6.0,4,36,50.92,0,0,0,0,7500000,147290,RPSNMLSLQHPFFCA56EA,1,1,0,109,453200.0,30.769230769230766,156.6769230769231,1,0,0,0,0,0,0,0,0,0,0,0,0,0,0,1,0,25.0505227,121.5270535,0,20,20,8,9,20,2,2,0,0
1995,松江路160巷1~30號,41.75,4.0,4,48,101.86,3,2,2,0,14866650,145952,RPRQMLSLQHPFFCA76EA,1,1,0,109,449083.07692307694,128.46153846153845,313.4153846153846,1,0,0,0,0,0,0,0,0,0,0,0,0,1,0,0,0,25.0553763,121.5308047,1,20,20,6,8,20,2,3,1,0
1996,中山北路二段91~120號,9.5,14.0,4,2,109.91999999999999,2,2,1,1,31000000,309859,RPOOMLRLQHPFFCA78EA,2,1,1,109,953412.3076923076,29.23076923076923,338.21538461538455,1,0,0,0,0,0,0,0,0,0,0,0,1,0,0,0,0,25.059308,121.523262,0,20,20,19,10,20,0,1,2,1
1997,德惠街31~60號,3.03,11.0,4,42,38.02,1,1,1,1,5000000,131510,RPXNMLPLQHPFFCA76EA,1,1,0,109,404646.1538461538,9.323076923076922,116.9846153846154,1,0,0,0,0,0,0,0,0,0,0,0,1,0,0,0,0,25.0667707,121.5265786,0,11,20,15,15,20,2,0,1,1
1998,民生東路一段70巷1~30號,6.85,7.0,4,14,44.42,1,1,1,1,7500000,168843,RPTOMLSLQHPFFCA76EA,1,1,1,109,519516.92307692306,21.076923076923077,136.6769230769231,1,0,0,0,0,0,0,0,0,0,0,0,0,0,0,1,0,25.0576197,121.5264837,0,20,20,17,7,20,1,1,0,1
1999,林森北路485巷22弄1~30號,37.0,5.0,4,43,152.78,4,2,2,0,16500000,107998,RPRPMLSLQHPFFCA66EA,8,2,0,109,332301.53846153844,113.84615384615384,470.09230769230766,1,0,0,0,0,0,0,0,0,0,0,0,0,1,0,0,0,25.0610155,121.5265621,0,20,20,20,9,20,2,1,1,1
2000,敬業二路69巷31~60號,10.2,10.0,4,14,42.1,0,0,0,1,10380000,246556,RPSOMLLMQHPFFCA58DA,1,1,0,109,758633.8461538461,31.38461538461538,129.53846153846155,1,0,0,0,0,0,0,0,0,0,0,0,0,0,0,1,0,25.0821294,121.5533892,0,18,12,2,8,20,0,0,1,0
2001,明水路631~660號,11.4,9.0,4,14,61.650000000000006,0,1,1,1,13200000,214077,RPROMLSLQHPFFCA09DA,1,1,1,109,658698.4615384615,35.07692307692308,189.6923076923077,1,0,0,0,0,0,0,0,0,0,0,0,0,0,0,1,0,25.0825588,121.5509111,0,16,13,1,6,18,1,0,1,0
2002,長安東路一段1~30號,87.0,4.0,3,35,237.56,1,4,4,0,51800000,218050,RPSQMLRLQHPFFCA66DA,1,1,0,108,670923.0769230769,267.6923076923077,730.9538461538461,1,0,0,0,0,0,0,0,0,0,0,0,0,0,0,0,1,25.049818,121.522081,0,20,20,7,8,20,0,2,1,0
2003,民生東路一段61~90號,6.4,12.0,4,37,65.61,2,2,1,1,10600000,161561,RPRRMLQLQHPFFCA56DA,1,1,0,109,497110.7692307692,19.692307692307693,201.87692307692308,1,0,0,0,0,0,0,0,0,0,0,0,1,0,0,0,0,25.0581862,121.5265178,0,20,20,17,7,20,0,1,0,1
2004,敬業二路69巷31~60號,10.17,10.0,4,14,42.1,0,0,0,1,10000000,237530,RPSPMLRLQHPFFCA56DA,1,1,0,109,730861.5384615384,31.29230769230769,129.53846153846155,1,0,0,0,0,0,0,0,0,0,0,0,0,0,0,1,0,25.0821294,121.5533892,0,18,12,2,8,20,0,0,1,0
2005,八德路二段61~90號,7.45,11.0,4,15,34.09,1,1,1,1,10200000,299208,RPPOMLOLQHPFFCA48DA,1,1,0,109,920640.0,22.923076923076923,104.8923076923077,1,0,0,0,0,0,0,0,0,0,0,0,1,0,0,0,0,25.0452175,121.5348345,1,17,19,7,10,20,1,0,1,0
2006,新生北路二段60巷31~60號,20.37,6.0,4,24,96.67,3,2,1,0,17200000,177925,RPVOMLRLQHPFFCA76DA,1,1,1,109,547461.5384615385,62.676923076923075,297.44615384615383,1,0,0,0,0,0,0,0,0,0,0,0,0,0,0,1,0,25.0557852,121.5264657,0,20,20,8,8,20,1,0,0,0
2007,南京東路一段13巷7弄1~30號,21.25,4.0,3,53,68.73,3,2,1,0,18000000,261894,RPTPMLSLQHPFFCA76DA,1,1,0,109,805827.6923076923,65.38461538461539,211.47692307692307,1,0,0,0,0,0,0,0,0,0,0,0,0,1,0,0,0,25.0536292,121.5238778,0,20,20,9,7,20,0,0,1,0
2008,中山北路一段83巷1~30號,5.18,9.0,4,43,43.690000000000005,1,1,1,1,7180000,164340,RPRPMLLMQHPFFCA58DA,1,1,0,109,505661.53846153844,15.938461538461537,134.43076923076924,1,0,0,0,0,0,0,0,0,0,0,0,0,0,0,1,0,25.0504647,121.5225109,0,20,20,7,9,20,0,2,1,0
2009,民生東路一段1~30號,3.75,12.0,4,41,40.480000000000004,0,0,0,1,6200000,153162,RPQPMLLMQHPFFCA58EA,1,1,0,109,471267.6923076923,11.538461538461538,124.55384615384617,1,0,0,0,0,0,0,0,0,0,0,0,1,0,0,0,0,25.0579831,121.5250958,0,20,20,16,12,20,0,1,1,1
2010,合江街105巷1~30號,34.0,4.0,4,41,94.63,3,2,1,0,16700000,176477,RPROMLLJRHPFFCA38EA,1,1,0,109,543006.1538461539,104.61538461538461,291.16923076923075,1,0,0,0,0,0,0,0,0,0,0,0,0,1,0,0,0,25.0599474,121.5394206,0,19,20,8,10,20,0,0,1,12
2011,八德路二段174巷7弄1~30號,68.0,2.0,3,35,95.14,1,1,1,0,22000000,231238,RPTOMLLJRHPFFCA58EA,1,1,0,109,711501.5384615384,209.23076923076923,292.73846153846154,1,0,0,0,0,0,0,0,0,0,0,0,0,0,0,0,1,25.0460015,121.5384857,0,11,11,6,11,20,1,1,0,0
2012,南京東路二段1~30號,15.82,12.0,4,32,177.87,0,0,0,1,40100000,225446,RPPPMLMJRHPFFCA38EA,3,1,1,109,693680.0,48.676923076923075,547.2923076923076,1,0,0,0,0,0,0,0,0,0,0,0,1,0,0,0,0,25.0523303,121.5279494,0,20,20,12,8,20,2,2,0,0
2013,中山北路二段93巷1~30號,3.24,14.0,4,18,33.05,1,1,1,1,6660000,201513,RPPOMLLLQHPFFCA28EA,1,1,0,109,620040.0,9.96923076923077,101.69230769230768,1,0,0,0,0,0,0,0,0,0,0,0,1,0,0,0,0,25.0594195,121.5233012,0,20,20,18,10,20,0,1,2,1
2014,撫順街1~30號,6.86,11.0,4,25,57.49,2,1,1,1,10500000,182640,RPQOMLLLQHPFFCA38EA,1,1,0,109,561969.2307692308,21.107692307692307,176.8923076923077,1,0,0,0,0,0,0,0,0,0,0,0,1,0,0,0,0,25.0638973,121.5219221,0,20,20,20,10,20,2,4,2,1
2015,松江路63巷1~30號,50.87,5.0,4,25,127.81,3,2,3,1,26000000,203427,RPQPMLLMPHPFFCA38DA,1,1,0,109,625929.2307692308,156.5230769230769,393.26153846153846,1,0,0,0,0,0,0,0,0,0,0,0,0,0,0,1,0,25.0490479,121.5335369,1,20,20,11,8,20,1,3,1,0
2016,長安東路一段1~30號,10.88,12.0,4,33,139.26,3,0,3,1,21000000,150797,RPQNMLLJRHPFFCA18EA,1,2,0,109,463990.7692307692,33.47692307692308,428.49230769230763,1,0,0,0,0,0,0,0,0,0,0,0,1,0,0,0,0,25.049818,121.522081,0,20,20,7,8,20,0,2,1,0
2017,大直街39巷1~30號,30.3,5.0,4,37,108.58,3,2,2,0,18800000,173144,RPPOMLLJRHPFFCA18EA,1,1,0,109,532750.7692307692,93.23076923076923,334.09230769230766,1,0,0,0,0,0,0,0,0,0,0,0,0,1,0,0,0,25.0825571,121.5466513,0,9,11,1,10,4,1,0,1,0
2018,德惠街31~60號,6.8,11.0,4,39,87.25999999999999,3,2,2,1,12080000,138437,RPQOMLLJRHPFFCA28EA,1,2,0,109,425960.0,20.923076923076923,268.49230769230763,1,0,0,0,0,0,0,0,0,0,0,0,1,0,0,0,0,25.0667707,121.5265786,0,11,20,15,15,20,2,0,1,1
2019,林森北路421~450號,4.05,10.0,4,25,39.22,1,1,1,1,6200000,158083,RPUNMLMJRHPFFCA68EA,1,1,0,109,486409.23076923075,12.46153846153846,120.67692307692307,1,0,0,0,0,0,0,0,0,0,0,0,0,0,0,1,0,25.056629,121.525492,0,20,20,15,10,20,1,0,0,1
2020,雙城街17巷1~30號,5.65,14.0,4,16,53.9,0,0,0,1,26300000,487941,RPUOMLLJRHPFFCA68EA,1,1,0,109,1501356.923076923,17.384615384615387,165.84615384615384,1,0,0,0,0,0,0,0,0,0,0,0,1,0,0,0,0,25.0644383,121.5247643,0,20,20,19,10,20,2,2,1,1
2021,中山北路二段65巷1~30號,13.37,12.0,4,1,137.18,0,0,0,1,31860000,302519,RPWOMLSLQHPFFCA96DA,1,1,1,106,930827.6923076923,41.138461538461534,422.0923076923077,1,0,0,0,0,0,0,0,0,0,0,0,1,0,0,0,0,25.0571759,121.52326,0,20,20,15,8,20,0,0,1,1
2022,長安東路二段151~180號,13.85,12.0,4,38,156.95,3,2,2,1,29000000,184772,RPRNMLPKQHPFFCA58DA,1,1,0,109,568529.2307692308,42.61538461538461,482.92307692307685,1,0,0,0,0,0,0,0,0,0,0,0,1,0,0,0,0,25.0483836,121.5375487,0,20,20,12,8,20,1,1,0,0
2023,中原街1~30號,4.92,7.0,4,44,30.46,0,0,0,1,5100000,167433,RPWQMLRKQHPFFCA96DA,1,1,0,109,515178.4615384615,15.138461538461538,93.72307692307692,1,0,0,0,0,0,0,0,0,0,0,0,0,0,0,1,0,25.0077638,121.4915665,0,0,7,0,1,5,0,0,1,0
2024,中山北路二段65巷2弄31~60號,13.24,7.0,4,13,77.02,3,2,2,1,18500000,240197,RPSOMLNJRHPFFCA58DA,1,1,1,109,739067.6923076923,40.738461538461536,236.98461538461535,1,0,0,0,0,0,0,0,0,0,0,0,0,0,0,1,0,25.0567729,121.524972,0,20,20,15,13,20,0,0,1,1
2025,民生東路一段1~30號,4.01,12.0,4,41,45.85,1,1,1,1,6880000,150055,RPXPMLLMQHPFFCA56DA,1,1,0,109,461707.6923076923,12.338461538461537,141.07692307692307,1,0,0,0,0,0,0,0,0,0,0,0,1,0,0,0,0,25.0579831,121.5250958,0,20,20,16,12,20,0,1,1,1
2026,民權東路一段31~60號,5.42,12.0,4,14,60.17,1,1,1,1,12500000,226151,RPROMLLLQHPFFCA48EA,1,1,1,109,695849.2307692308,16.676923076923075,185.13846153846154,1,0,0,0,0,0,0,0,0,0,0,0,1,0,0,0,0,25.0629946,121.5241052,0,20,20,20,11,20,2,2,2,2
2027,長春路241~270號,3.67,11.0,4,25,32.28,1,0,1,1,7900000,244734,RPTOMLLLQHPFFCA68EA,3,1,0,109,753027.6923076923,11.292307692307691,99.32307692307693,1,0,0,0,0,0,0,0,0,0,0,0,1,0,0,0,0,25.054837,121.5393235,1,20,20,4,14,20,1,2,0,0
2028,民權東路一段31~60號,7.4,12.0,4,14,65.53999999999999,1,1,1,1,14650000,223528,RPQPMLNJRHPFFCA58EA,1,2,0,109,687778.4615384615,22.76923076923077,201.66153846153844,1,0,0,0,0,0,0,0,0,0,0,0,1,0,0,0,0,25.0629946,121.5241052,0,20,20,20,11,20,2,2,2,2
2029,新生北路三段84巷1~30號,17.26,6.0,4,43,97.78999999999999,2,1,1,0,14350000,146743,RPTNMLNJRHPFFCA68EA,2,1,0,109,451516.92307692306,53.10769230769231,300.89230769230767,1,0,0,0,0,0,0,0,0,0,0,0,0,0,0,1,0,25.0673935,121.5260242,0,12,20,14,15,17,2,1,0,1
2030,新生北路一段1~30號,4.1,12.0,4,41,49.22,1,1,1,1,10500000,213328,RPXPMLMJRHPFFCA09DA,1,1,0,109,656393.8461538461,12.615384615384613,151.44615384615383,1,0,0,0,0,0,0,0,0,0,0,0,1,0,0,0,0,25.0448235,121.5332199,1,18,20,5,7,20,1,0,1,0
2031,樂群二路271~300號,9.32,11.0,4,13,52.59,0,1,1,1,11680000,222095,RPWQMLMJRHPFFCA09DA,1,1,0,109,683369.2307692308,28.676923076923078,161.81538461538463,1,0,0,0,0,0,0,0,0,0,0,0,1,0,0,0,0,25.0802463,121.5604236,0,5,12,2,9,20,2,1,0,0
2032,農安街181~210號,24.0,7.0,4,37,217.46,0,0,0,0,50000000,229938,RPROMLNJRHPFFCA48DA,1,1,0,109,707501.5384615384,73.84615384615384,669.1076923076923,1,0,0,0,0,0,0,0,0,0,0,0,0,0,0,1,0,25.0649654,121.531836,0,8,20,6,7,18,0,0,0,15
2033,錦州街1~30號,6.4,9.0,4,32,53.76,1,1,1,1,8950000,166481,RPVNMLMJRHPFFCA68DA,1,1,0,109,512249.23076923075,19.692307692307693,165.4153846153846,1,0,0,0,0,0,0,0,0,0,0,0,0,0,0,1,0,25.0604415,121.5318562,0,20,20,13,12,20,0,0,1,15
2034,敬業一路121~150號,19.83,9.0,4,16,70.52,1,1,1,1,16160000,229155,RPROMLMJRHPFFCA38DA,1,1,1,109,705092.3076923076,61.015384615384605,216.98461538461535,1,0,0,0,0,0,0,0,0,0,0,0,0,0,0,1,0,25.0834859,121.5522877,0,16,9,1,6,19,0,0,1,0
2035,新生北路三段61~90號,6.81,9.0,4,45,46.06,1,1,1,1,7800000,169344,RPPNMLRLQHPFFCA68DA,4,1,0,109,521058.4615384615,20.95384615384615,141.72307692307692,1,0,0,0,0,0,0,0,0,0,0,0,0,0,0,1,0,25.0659966,121.5280981,0,12,20,14,14,20,2,1,1,1
2036,新生北路二段58巷1~30號,2.44,12.0,4,36,28.02,1,1,1,1,4365000,155782,RPSQMLQLQHPFFCA56DA,1,1,0,109,479329.23076923075,7.507692307692308,86.21538461538461,1,0,0,0,0,0,0,0,0,0,0,0,1,0,0,0,0,25.0554368,121.5271907,0,20,20,9,11,20,1,0,0,0
2037,中山北路二段59巷1~30號,5.73,5.0,4,32,81.96000000000001,1,1,1,0,11150000,136042,RPTOMLLJRHPFFCA48DA,2,1,0,109,418590.7692307692,17.630769230769232,252.1846153846154,1,0,0,0,0,0,0,0,0,0,0,0,0,1,0,0,0,25.0559648,121.5232067,0,20,20,18,11,20,0,0,2,1
2038,新生北路一段91~120號,2.98,12.0,4,43,23.93,1,1,1,1,3450000,144170,RPPPMLRJRHPFFCA78DA,6,1,0,109,443600.0,9.169230769230769,73.63076923076923,1,0,0,0,0,0,0,0,0,0,0,0,1,0,0,0,0,25.0463313,121.5323976,1,17,18,8,10,20,2,1,0,0
2039,建國北路二段3巷1~30號,10.21,9.0,4,29,73.09,1,1,1,1,14600000,199754,RPUOMLRJRHPFFCA66EA,1,1,0,109,614627.6923076923,31.415384615384617,224.8923076923077,1,0,0,0,0,0,0,0,0,0,0,0,0,0,0,1,0,25.0526041,121.5372001,1,20,20,8,10,20,2,3,1,0
2040,吉林路199巷31~60號,36.0,4.0,4,49,101.39,3,2,1,0,15900000,156820,RPRPMLOJRHPFFCA78EA,1,1,0,109,482523.0769230769,110.76923076923076,311.96923076923076,1,0,0,0,0,0,0,0,0,0,0,0,0,1,0,0,0,25.0600242,121.5311261,0,20,20,12,12,20,0,0,1,4
2041,林森北路571~600號,9.29,13.0,4,10,128.9,2,2,1,1,20700000,202853,RPSPMLOJRHPFFCA88EA,1,1,1,109,624163.0769230769,28.584615384615383,396.61538461538464,1,0,0,0,0,0,0,0,0,0,0,0,1,0,0,0,0,25.056629,121.525492,0,20,20,15,10,20,1,0,0,1
2042,新生北路一段91~120號,5.16,12.0,4,44,39.23,0,0,0,1,5900000,150395,RPPPMLOJRHPFFCA58EA,1,1,0,109,462753.8461538461,15.876923076923077,120.7076923076923,1,0,0,0,0,0,0,0,0,0,0,0,1,0,0,0,0,25.0463313,121.5323976,1,17,18,8,10,20,2,1,0,0
2043,中山北路二段128巷1~30號,26.35,8.0,4,17,105.03999999999999,2,2,1,1,24800000,236101,RPXNMLMKQHPFFCA98EA,1,1,1,109,726464.6153846154,81.07692307692308,323.2,1,0,0,0,0,0,0,0,0,0,0,0,0,0,0,1,0,25.0618431,121.5220979,0,20,20,20,13,20,2,3,3,1
2044,錦州街30巷1~30號,3.48,10.0,4,42,34.54,1,1,1,1,6240000,180660,RPOQMLRLPHPFFCA78DA,1,1,0,109,555876.923076923,10.707692307692307,106.27692307692307,1,0,0,0,0,0,0,0,0,0,0,0,0,0,0,1,0,25.0601539,121.5249221,0,20,20,20,11,20,2,1,1,1
2045,天津街61~90號,5.73,9.0,4,44,44.24,1,1,1,1,5000000,113020,RPSNMLSJRHPFFCA09EA,1,1,0,109,347753.8461538461,17.630769230769232,136.12307692307692,1,0,0,0,0,0,0,0,0,0,0,0,0,0,0,1,0,25.0514108,121.5234794,0,20,20,11,8,20,0,2,1,0
2046,松江路25巷1~30號,24.8,5.0,4,49,93.54,3,2,2,0,16500000,176395,RPQPMLOJRHPFFCA68EA,1,1,0,109,542753.8461538461,76.3076923076923,287.81538461538463,1,0,0,0,0,0,0,0,0,0,0,0,0,1,0,0,0,25.0472178,121.5333921,1,19,20,8,10,20,2,1,0,0
2047,松江路38巷1~30號,0.04,12.0,4,36,5.57,3,2,2,1,1200000,215440,RPVOMLRJRHPFFCA76EA,1,1,0,109,662892.3076923076,0.12307692307692307,17.138461538461538,1,0,0,0,0,0,0,0,0,0,0,0,1,0,0,0,0,25.0476359,121.5325294,1,20,19,10,9,20,1,1,1,0
2048,德惠街1~30號,1.95,12.0,4,15,36.34,1,1,1,1,7200000,198129,RPTNMLLJRHPFFCA38DA,1,1,0,109,609627.6923076923,6.0,111.81538461538462,1,0,0,0,0,0,0,0,0,0,0,0,1,0,0,0,0,25.0668904,121.5229555,0,17,20,15,12,20,1,1,0,1
2049,新生北路三段82巷1~30號,10.58,6.0,4,29,61.41,2,1,1,1,9600000,156326,RPVPMLMJRHPFFCA88DA,1,1,0,109,481003.0769230769,32.55384615384615,188.95384615384614,1,0,0,0,0,0,0,0,0,0,0,0,0,0,0,1,0,25.0671118,121.5273123,0,11,20,13,16,20,2,0,1,1
2050,南京東路一段132巷1~30號,28.62,7.0,4,43,142.19,4,2,3,0,26000000,182854,RPPRMLRJRHPFFCA98DA,1,1,0,109,562627.6923076923,88.06153846153846,437.5076923076923,1,0,0,0,0,0,0,0,0,0,0,0,0,0,0,1,0,25.0515054,121.5272951,0,20,20,11,9,20,2,2,0,0
2051,松江路391~420號,27.55,17.0,4,6,321.66999999999996,4,2,3,1,77690000,278831,RPPNMLSJRHPFFCA68DA,2,1,2,109,857941.5384615384,84.76923076923077,989.753846153846,1,0,0,0,0,0,0,0,0,0,0,0,1,0,0,0,0,25.065064,121.533545,0,7,20,4,7,20,0,0,0,20
2052,北安路578巷8弄1~30號,42.86,6.0,4,22,174.18,3,2,2,1,40200000,230796,RPVOMLOJRHPFFCA98DA,1,1,1,109,710141.5384615384,131.87692307692308,535.9384615384615,1,0,0,0,0,0,0,0,0,0,0,0,0,0,0,1,0,25.080687,121.548885,0,15,15,2,9,9,2,0,1,0
2053,中山北路一段53巷1~30號,5.24,12.0,4,13,35.08,1,1,1,1,8600000,245154,RPURMLQLQHPFFCA86DA,1,1,0,109,754320.0,16.123076923076923,107.93846153846152,1,0,0,0,0,0,0,0,0,0,0,0,1,0,0,0,0,25.049378,121.5219264,0,20,20,9,5,20,0,3,1,0
2054,中山北路一段53巷1~30號,7.79,12.0,4,13,89.78999999999999,1,1,1,1,11220000,124958,RPVRMLQLQHPFFCA96DA,1,1,2,109,384486.1538461538,23.96923076923077,276.276923076923,1,0,0,0,0,0,0,0,0,0,0,0,1,0,0,0,0,25.049378,121.5219264,0,20,20,9,5,20,0,3,1,0
2055,復興北路514巷31~60號,27.0,4.0,4,45,93.31,0,0,0,0,24500000,262566,RPTRMLMKQHPFFCA88DA,1,1,0,109,807895.3846153846,83.07692307692308,287.10769230769233,1,0,0,0,0,0,0,0,0,0,0,0,0,1,0,0,0,25.0660734,121.5428334,0,8,14,1,3,5,1,1,0,0
2056,中山北路二段65巷1~30號,25.0,4.0,3,35,84.09,4,0,1,0,15000000,178380,RPURMLTKQHPFFCA07DA,1,1,0,109,548861.5384615385,76.92307692307692,258.73846153846154,1,0,0,0,0,0,0,0,0,0,0,0,0,1,0,0,0,25.0571759,121.52326,0,20,20,15,8,20,0,0,1,1
2057,伊通街125巷1~30號,27.27,6.0,4,40,135.18,3,2,2,0,30500000,225625,RPUOMLRLQHPFFCA66DA,1,1,0,109,694230.7692307692,83.9076923076923,415.9384615384615,1,0,0,0,0,0,0,0,0,0,0,0,0,0,0,1,0,25.0539114,121.5362106,1,20,20,9,11,20,2,2,1,0
2058,林森北路416巷1~30號,6.6,11.0,4,45,68.61,3,1,1,1,12360000,180149,RPTNMLQLQHPFFCA98DA,1,1,0,109,554304.6153846154,20.307692307692307,211.1076923076923,1,0,0,0,0,0,0,0,0,0,0,0,1,0,0,0,0,25.059956,121.5248924,0,20,20,20,11,20,2,1,2,1
2059,龍江路415巷1~30號,32.0,4.0,4,44,91.56,3,2,1,0,14450000,157820,RPUNMLQLQHPFFCA09DA,1,1,0,109,485600.0,98.46153846153845,281.7230769230769,1,0,0,0,0,0,0,0,0,0,0,0,0,1,0,0,0,25.0664486,121.5413256,0,9,12,1,3,8,1,1,0,0
2060,撫順街1~30號,6.86,11.0,4,25,57.49,1,1,1,1,11800000,205253,RPWOMLRJRHPFFCA76DA,1,1,0,109,631547.6923076923,21.107692307692307,176.8923076923077,1,0,0,0,0,0,0,0,0,0,0,0,1,0,0,0,0,25.0638973,121.5219221,0,20,20,20,10,20,2,4,2,1
2061,北安路805巷4弄1~30號,27.83,5.0,4,34,116.64,3,2,2,0,18000000,154321,RPUOMLSJRHPFFCA66DA,2,1,0,109,474833.8461538461,85.63076923076922,358.89230769230767,1,0,0,0,0,0,0,0,0,0,0,0,0,1,0,0,0,25.0860253,121.554461,0,7,5,1,4,12,0,0,1,0
2062,敬業二路69巷31~60號,14.43,10.0,4,14,100.3,1,1,1,1,16480000,164307,RPTQMLSJRHPFFCA76DA,1,1,1,109,505560.0,44.4,308.6153846153846,1,0,0,0,0,0,0,0,0,0,0,0,0,0,0,1,0,25.0821294,121.5533892,0,18,12,2,8,20,0,0,1,0
2063,天祥路1~30號,12.37,12.0,4,5,67.08,1,1,1,1,17880000,266547,RPPPMLTJRHPFFCA98DA,2,1,0,109,820144.6153846154,38.06153846153846,206.39999999999998,1,0,0,0,0,0,0,0,0,0,0,0,1,0,0,0,0,25.0605808,121.521107,0,20,20,20,11,20,1,1,2,1
2064,林森北路91~120號,4.01,12.0,4,39,38.19,0,0,0,1,6500000,170202,RPPNMLLJRHPFFCA97DA,2,1,0,109,523698.4615384615,12.338461538461537,117.5076923076923,1,0,0,0,0,0,0,0,0,0,0,0,1,0,0,0,0,25.0500055,121.5249729,0,20,20,9,11,20,0,0,0,0
2065,大直街31~60號,21.43,7.0,4,36,103.42,3,2,2,0,25000000,241733,RPRQMLTJRHPFFCA76EA,1,1,0,109,743793.8461538461,65.93846153846154,318.2153846153846,1,0,0,0,0,0,0,0,0,0,0,0,0,0,0,1,0,25.0820208,121.5465291,0,9,12,1,9,3,2,1,1,0
2066,建國北路一段121~150號,4.29,13.0,4,11,33.16,1,2,1,1,9430000,284379,RPTNMLMKQHPFFCA58EA,1,1,0,109,875012.3076923076,13.2,102.03076923076922,1,0,0,0,0,0,0,0,0,0,0,0,1,0,0,0,0,25.0515458,121.5370066,1,20,20,12,10,20,1,3,1,0
2067,遼寧街211~240號,16.19,15.0,4,35,84.7,2,2,1,1,17650000,208383,RPUNMLMKQHPFFCA68EA,1,1,0,109,641178.4615384615,49.815384615384616,260.61538461538464,1,0,0,0,0,0,0,0,0,0,0,0,1,0,0,0,0,25.055327,121.542584,0,20,20,9,18,20,0,0,1,0
2068,林森北路399巷1~30號,4.25,13.0,4,37,48.0,2,1,1,1,8050000,167708,RPVPMLRLQHPFFCA86DA,3,1,0,109,516024.6153846154,13.076923076923077,147.69230769230768,1,0,0,0,0,0,0,0,0,0,0,0,1,0,0,0,0,25.059267,121.5256771,0,20,20,20,11,20,2,1,1,1
2069,中山北路二段59巷1~30號,15.0,6.0,4,44,74.95,5,1,1,1,24200000,322882,RPRNMLLJRHPFFCA18DA,3,1,0,109,993483.0769230769,46.15384615384615,230.6153846153846,1,0,0,0,0,0,0,0,0,0,0,0,0,0,0,1,0,25.0559648,121.5232067,0,20,20,18,11,20,0,0,2,1
2070,民生東路一段61~90號,5.85,12.0,4,32,43.32000000000001,0,0,0,1,6900000,159243,RPTQMLMJRHPFFCA78DA,1,1,0,109,489978.4615384615,18.0,133.2923076923077,1,0,0,0,0,0,0,0,0,0,0,0,1,0,0,0,0,25.0581862,121.5265178,0,20,20,17,7,20,0,1,0,1
2071,松江路1~30號,1.72,12.0,4,44,21.09,1,0,1,1,4690000,222380,RPQQMLOJRHPFFCA68DA,1,1,0,109,684246.1538461539,5.292307692307692,64.8923076923077,1,0,0,0,0,0,0,0,0,0,0,0,1,0,0,0,0,25.045864,121.5331196,1,15,18,6,8,20,1,1,1,0
2072,新生北路三段1~30號,3.82,14.0,4,40,37.81,1,1,1,1,5600000,148109,RPWPMLSJRHPFFCA96DA,1,1,0,109,455720.0,11.753846153846153,116.33846153846154,1,0,0,0,0,0,0,0,0,0,0,0,1,0,0,0,0,25.0628897,121.5281771,0,11,20,16,10,20,2,1,1,0
2073,德惠街1~30號,5.94,12.0,4,17,72.94,3,1,2,1,11700000,185279,RPRNMLMKQHPFFCA38EA,1,2,1,109,570089.2307692308,18.276923076923076,224.43076923076922,1,0,0,0,0,0,0,0,0,0,0,0,1,0,0,0,0,25.0668904,121.5229555,0,17,20,15,12,20,1,1,0,1
2074,錦州街31~60號,3.38,13.0,4,37,37.86,1,1,1,1,5000000,132066,RPORMLSJRHPFFCA09EA,3,1,0,109,406356.92307692306,10.399999999999999,116.49230769230769,1,0,0,0,0,0,0,0,0,0,0,0,1,0,0,0,0,25.0604245,121.5264838,0,20,20,20,9,20,2,1,1,1
2075,林森北路91~120號,10.4,12.0,4,39,92.88000000000001,2,1,1,1,12785500,137656,RPSNMLTJRHPFFCA56EA,2,1,0,109,423556.92307692306,32.0,285.7846153846154,1,0,0,0,0,0,0,0,0,0,0,0,1,0,0,0,0,25.0500055,121.5249729,0,20,20,9,11,20,0,0,0,0
2076,林森北路91~120號,4.84,12.0,4,39,50.45,1,1,1,1,8100000,160555,RPQPMLTJRHPFFCA56EA,2,1,0,109,494015.3846153846,14.892307692307691,155.23076923076923,1,0,0,0,0,0,0,0,0,0,0,0,1,0,0,0,0,25.0500055,121.5249729,0,20,20,9,11,20,0,0,0,0
2077,林森北路121~150號,2.42,12.0,4,40,22.35,1,0,1,1,4000000,178971,RPSQMLTJRHPFFCA86EA,1,1,0,109,550680.0,7.4461538461538455,68.76923076923077,1,0,0,0,0,0,0,0,0,0,0,0,1,0,0,0,0,25.0507481,121.5252106,0,20,20,10,10,20,0,0,0,0
2078,中山北路二段27巷1~30號,3.01,8.0,4,44,24.759999999999998,1,1,1,1,3580000,144588,RPTNMLKKRHPFFCA48EA,1,1,0,109,444886.1538461538,9.26153846153846,76.18461538461537,1,0,0,0,0,0,0,0,0,0,0,0,0,0,0,1,0,25.0532749,121.5232266,0,20,20,5,10,20,0,2,1,0
2079,松江路362巷31~60號,9.48,7.0,4,40,45.38,2,1,1,1,8600000,189511,RPSOMLKKRHPFFCA48EA,1,1,0,109,583110.7692307692,29.16923076923077,139.63076923076923,1,0,0,0,0,0,0,0,0,0,0,0,0,0,0,1,0,25.0620297,121.5320177,0,18,20,12,10,20,0,0,1,18
2080,民生東路一段31~60號,2.5,12.0,4,42,28.9,0,0,0,1,5000000,173010,RPTOMLKKRHPFFCA58EA,1,1,0,109,532338.4615384615,7.692307692307692,88.92307692307692,1,0,0,0,0,0,0,0,0,0,0,0,1,0,0,0,0,25.0582147,121.5252053,0,20,20,16,12,20,0,1,1,1
2081,吉林路241~270號,20.16,7.0,4,7,83.48,2,2,1,1,19200000,229995,RPRQMLLKRHPFFCA68EA,1,1,0,109,707676.923076923,62.03076923076923,256.8615384615385,1,0,0,0,0,0,0,0,0,0,0,0,0,0,0,1,0,25.051276,121.5299271,1,20,20,11,10,20,2,2,1,0
2082,林森北路416巷1~30號,3.62,11.0,4,45,67.78999999999999,2,1,1,1,10000000,147514,RPVPMLKKRHPFFCA88EA,1,1,0,109,453889.23076923075,11.138461538461538,208.58461538461535,1,0,0,0,0,0,0,0,0,0,0,0,1,0,0,0,0,25.059956,121.5248924,0,20,20,20,11,20,2,1,2,1
2083,新生北路一段47巷1~30號,12.14,7.0,4,13,71.69999999999999,2,2,1,1,12240000,191717,RPOOMLMKQHPFFCA18EA,1,1,1,109,589898.4615384615,37.353846153846156,220.61538461538458,1,0,0,0,0,0,0,0,0,0,0,0,0,0,0,1,0,25.0480788,121.5304079,1,20,20,12,9,20,1,2,0,0
2084,林森北路107巷31~60號,6.0,7.0,4,36,33.620000000000005,1,1,1,0,4990000,148424,RPPOMLSKRHPFFCA98EA,1,1,0,109,456689.23076923075,18.46153846153846,103.44615384615386,1,0,0,0,0,0,0,0,0,0,0,0,0,1,0,0,0,25.0502007,121.526122,0,20,20,7,10,20,1,0,0,0
2085,林森北路271~300號,8.58,11.0,4,47,72.92,3,2,1,1,9900000,135765,RPQNMLKKRHPFFCA08DA,1,2,0,109,417738.4615384615,26.4,224.36923076923077,1,0,0,0,0,0,0,0,0,0,0,0,1,0,0,0,0,25.056629,121.525492,0,20,20,15,10,20,1,0,0,1
2086,中山北路二段77巷1~30號,9.8,9.0,4,45,79.85,2,2,1,1,15500000,194114,RPVRMLTJRHPFFCA17DA,1,1,0,109,597273.8461538461,30.153846153846153,245.69230769230768,1,0,0,0,0,0,0,0,0,0,0,0,0,0,0,1,0,25.0576596,121.5230491,0,20,20,17,10,20,0,0,1,1
2087,新生北路三段31~60號,4.69,12.0,4,39,50.43000000000001,1,1,1,1,9180000,182035,RPPRMLSJRHPFFCA09DA,1,1,0,109,560107.6923076923,14.430769230769231,155.16923076923078,1,0,0,0,0,0,0,0,0,0,0,0,1,0,0,0,0,25.0646869,121.5280576,0,13,20,16,15,20,2,1,1,1
2088,新生北路三段1~30號,4.41,11.0,4,9,42.38,0,1,1,1,8380000,197735,RPWPMLTJRHPFFCA07DA,1,1,0,109,608415.3846153846,13.569230769230769,130.4,1,0,0,0,0,0,0,0,0,0,0,0,1,0,0,0,0,25.0628897,121.5281771,0,11,20,16,10,20,2,1,1,0
2089,長安東路一段43巷1~30號,32.33,5.0,4,36,139.47,4,2,2,0,19000000,136230,RPQOMLKKRHPFFCA18DA,1,1,0,109,419169.23076923075,99.47692307692307,429.1384615384615,1,0,0,0,0,0,0,0,0,0,0,0,0,1,0,0,0,25.0492367,121.5257376,0,20,20,8,9,20,1,0,0,0
2090,遼寧街91~120號,16.73,7.0,4,37,122.27,0,0,0,1,27120000,221804,RPTOMLKKRHPFFCA48DA,1,1,0,109,682473.8461538461,51.47692307692308,376.2153846153846,1,0,0,0,0,0,0,0,0,0,0,0,0,0,0,1,0,25.0500371,121.5422841,0,20,20,12,9,20,2,3,1,0
2091,遼寧街91~120號,17.51,7.0,4,37,130.22,0,0,0,1,28880000,221779,RPVOMLKKRHPFFCA68DA,1,1,0,109,682396.923076923,53.87692307692308,400.67692307692306,1,0,0,0,0,0,0,0,0,0,0,0,0,0,0,1,0,25.0500371,121.5422841,0,20,20,12,9,20,2,3,1,0
2092,遼寧街76巷1~30號,12.77,5.0,4,14,35.96,1,1,1,0,9650000,268354,RPQRMLKKRHPFFCA48DA,1,1,0,109,825704.6153846154,39.29230769230769,110.64615384615385,1,0,0,0,0,0,0,0,0,0,0,0,0,1,0,0,0,25.0512262,121.5415911,0,20,20,10,11,20,1,2,1,0
2093,吉林路391~420號,28.0,4.0,4,47,74.08,2,2,1,0,11780000,159017,RPSPMLSJRHPFFCA56DA,1,1,0,109,489283.0769230769,86.15384615384615,227.93846153846152,1,0,0,0,0,0,0,0,0,0,0,0,0,1,0,0,0,25.065582,121.5305005,0,9,20,8,9,15,2,0,0,3
2094,中山北路二段65巷1~30號,13.04,12.0,4,1,143.59,2,2,1,1,30490000,272177,RPVNMLNJRHPFFCA78DA,1,1,1,106,837467.6923076923,40.123076923076916,441.81538461538463,1,0,0,0,0,0,0,0,0,0,0,0,1,0,0,0,0,25.0571759,121.52326,0,20,20,15,8,20,0,0,1,1
2095,五常街11巷1~30號,13.74,17.0,4,2,126.08,2,2,1,1,24230000,249091,RPQOMLSLQHPFFCA98DA,2,1,1,109,766433.8461538461,42.276923076923076,387.9384615384615,1,0,0,0,0,0,0,0,0,0,0,0,1,0,0,0,0,25.0645708,121.5377789,0,7,19,2,4,18,1,0,0,20
2096,五常街11巷1~30號,15.99,17.0,4,2,142.95999999999998,2,1,1,1,30500000,268776,RPTOMLSLQHPFFCA66DA,2,1,1,109,827003.0769230769,49.199999999999996,439.876923076923,1,0,0,0,0,0,0,0,0,0,0,0,1,0,0,0,0,25.0645708,121.5377789,0,7,19,2,4,18,1,0,0,20
2097,大直街67巷1~30號,24.0,4.0,4,45,68.94,3,2,1,0,13800000,200174,RPPQMLRJRHPFFCA88DA,1,1,0,109,615920.0,73.84615384615384,212.12307692307692,1,0,0,0,0,0,0,0,0,0,0,0,0,1,0,0,0,25.083829,121.546626,0,9,10,0,7,3,1,0,1,0
2098,中山北路二段85巷1~30號,10.04,7.0,4,2,53.61,1,1,1,1,14450000,269539,RPPNMLKKRHPFFCA97DA,1,1,0,109,829350.7692307692,30.89230769230769,164.95384615384614,1,0,0,0,0,0,0,0,0,0,0,0,0,0,0,1,0,25.0588815,121.5235197,0,20,20,19,10,20,0,1,1,1
2099,農安街181~210號,24.87,7.0,4,36,118.97000000000001,4,1,1,0,23400000,196688,RPUQMLKKRHPFFCA78DA,1,1,0,109,605193.8461538461,76.52307692307693,366.0615384615385,1,0,0,0,0,0,0,0,0,0,0,0,0,0,0,1,0,25.0649654,121.531836,0,8,20,6,7,18,0,0,0,15
2100,林森北路138巷31~60號,5.16,6.0,4,14,23.71,1,1,1,1,2400000,101223,RPPOMLLKRHPFFCA18DA,1,1,0,109,311455.3846153846,15.876923076923077,72.95384615384616,1,0,0,0,0,0,0,0,0,0,0,0,0,0,0,1,0,25.0517433,121.524264,0,20,20,10,9,20,0,0,1,0
2101,新生北路二段91~120號,6.88,12.0,4,39,70.04,2,1,1,1,10700000,152770,RPROMLLKRHPFFCA38DA,3,1,0,109,470061.53846153844,21.16923076923077,215.5076923076923,1,0,0,0,0,0,0,0,0,0,0,0,1,0,0,0,0,25.0573288,121.5278946,0,15,20,9,10,20,1,0,0,0
2102,農安街125巷31~60號,19.24,7.0,4,3,74.6,1,1,1,1,15590000,208981,RPPOMLKKRHPFFCA08DA,1,1,0,109,643018.4615384615,59.199999999999996,229.53846153846152,1,0,0,0,0,0,0,0,0,0,0,0,0,0,0,1,0,25.065936,121.5299649,0,10,20,7,11,14,2,0,0,1
2103,華陰街1~30號,202.0,3.0,4,51,481.33,16,3,16,0,210000000,436291,RPTOMLQJQHPFFCA98EA,1,1,0,109,1342433.846153846,621.5384615384615,1481.0153846153846,1,0,0,0,0,0,0,0,0,0,0,0,0,0,0,0,1,25.0491281,121.5207067,0,20,20,10,5,20,0,3,2,0
2104,民族東路512巷13弄1~30號,40.52,4.0,4,40,109.68,3,2,2,0,18600000,169584,RPWOMLQJQHPFFCA66EA,1,1,0,109,521796.92307692306,124.67692307692309,337.4769230769231,1,0,0,0,0,0,0,0,0,0,0,0,0,1,0,0,0,25.067392,121.542358,0,4,9,1,1,4,1,1,0,0
2105,新生北路二段61~90號,2.81,12.0,4,24,30.53,1,1,1,1,6200000,203079,RPPPMLQJQHPFFCA68EA,1,1,0,109,624858.4615384615,8.646153846153846,93.93846153846154,1,0,0,0,0,0,0,0,0,0,0,0,1,0,0,0,0,25.0562845,121.5277511,0,20,20,9,13,20,1,0,0,0
2106,民生東路一段70巷1~30號,5.39,8.0,4,14,35.489999999999995,1,1,1,1,7000000,197239,RPPNMLOKRHPFFCA48EA,1,1,0,109,606889.2307692308,16.584615384615383,109.19999999999997,1,0,0,0,0,0,0,0,0,0,0,0,0,0,0,1,0,25.0576197,121.5264837,0,20,20,17,7,20,1,1,0,1
2107,五常街53巷1~30號,24.26,5.0,4,42,101.06,3,2,2,0,16180000,160103,RPVQMLSJRHPFFCA07EA,2,1,0,109,492624.6153846154,74.64615384615385,310.95384615384614,1,0,0,0,0,0,0,0,0,0,0,0,0,1,0,0,0,25.064474,121.539681,0,12,18,4,4,16,1,1,0,15
2108,農安街1~30號,5.31,9.0,4,37,38.05,1,1,1,1,6550000,172142,RPQQMLLKRHPFFCA58EA,1,1,0,109,529667.6923076923,16.338461538461537,117.07692307692307,1,0,0,0,0,0,0,0,0,0,0,0,0,0,0,1,0,25.0650285,121.523401,0,20,20,18,9,20,2,2,2,1
2109,北安路630巷25弄1~30號,29.43,7.0,4,28,141.84,3,2,2,1,27500000,193880,RPUQMLLKRHPFFCA98EA,1,1,1,109,596553.8461538461,90.55384615384615,436.4307692307692,1,0,0,0,0,0,0,0,0,0,0,0,0,0,0,1,0,25.0828201,121.5504699,0,16,12,1,7,17,2,0,1,0
2110,長安東路二段151~180號,17.3,9.0,4,49,124.04,5,2,1,1,25000000,201548,RPXNMLOKRHPFFCA66EA,1,1,0,109,620147.6923076923,53.23076923076923,381.66153846153844,1,0,0,0,0,0,0,0,0,0,0,0,0,0,0,1,0,25.0483836,121.5375487,0,20,20,12,8,20,1,1,0,0
2111,錦州街30巷1~30號,3.78,10.0,4,42,32.81,0,0,0,1,4200000,128010,RPROMLOKRHPFFCA78EA,1,1,0,109,393876.92307692306,11.63076923076923,100.95384615384616,1,0,0,0,0,0,0,0,0,0,0,0,0,0,0,1,0,25.0601539,121.5249221,0,20,20,20,11,20,2,1,1,1
2112,北安路518巷14弄1~30號,28.21,5.0,4,37,140.35999999999999,2,1,1,0,25000000,178113,RPTNMLLJRHPFFCA48EA,1,1,0,109,548040.0,86.8,431.876923076923,1,0,0,0,0,0,0,0,0,0,0,0,0,1,0,0,0,25.0793843,121.5455992,0,1,9,1,6,5,2,2,1,0
2113,天祥路61~90號,4.05,14.0,4,17,43.67,2,1,1,1,11880000,272040,RPPNMLMKQHPFFCA18EA,1,1,0,109,837046.1538461539,12.46153846153846,134.36923076923077,1,0,0,0,0,0,0,0,0,0,0,0,1,0,0,0,0,25.0634043,121.5208559,0,20,20,19,12,20,2,3,1,1
2114,吉林路1~30號,12.9,12.0,4,44,111.99,0,0,0,1,20500000,183052,RPXQMLTJRHPFFCA27DA,1,1,0,109,563236.923076923,39.69230769230769,344.58461538461535,1,0,0,0,0,0,0,0,0,0,0,0,1,0,0,0,0,25.0489388,121.5300995,1,20,20,12,10,20,1,2,1,0
2115,林森北路259巷1~30號,1.61,7.0,4,37,16.580000000000002,1,1,1,0,3380000,203860,RPQOMLLKRHPFFCA28DA,1,1,0,109,627261.5384615385,4.953846153846154,51.01538461538462,1,0,0,0,0,0,0,0,0,0,0,0,0,1,0,0,0,25.0544669,121.5263076,0,20,20,9,8,20,1,0,0,0
2116,中山北路二段77巷1~30號,14.22,13.0,4,4,143.13,2,2,1,1,36000000,350109,RPQNMLSJRHPFFCA78DA,1,1,1,109,1077258.4615384615,43.753846153846155,440.4,1,0,0,0,0,0,0,0,0,0,0,0,1,0,0,0,0,25.0576596,121.5230491,0,20,20,17,10,20,0,0,1,1
2117,民權東路三段61~90號,17.27,19.0,4,35,160.91,3,2,2,1,34000000,211298,RPVNMLSJRHPFFCA66DA,1,1,1,109,650147.6923076923,53.138461538461534,495.1076923076923,1,0,0,0,0,0,0,0,0,0,0,0,1,0,0,0,0,25.0625501,121.5432045,0,20,18,5,8,7,1,2,1,0
2118,松江路133巷1~30號,35.82,11.0,4,2,292.4,3,2,2,1,65000000,323130,RPPNMLRJQHPFFCA48DA,1,1,3,109,994246.1538461538,110.21538461538461,899.6923076923076,1,0,0,0,0,0,0,0,0,0,0,0,1,0,0,0,0,25.0542366,121.5342282,1,20,20,9,12,20,1,3,1,0
2119,松江路124巷1~30號,56.9,6.0,4,42,306.90000000000003,7,2,2,0,65300000,212773,RPVPMLKLQHPFFCA78DA,1,1,0,109,654686.1538461539,175.07692307692307,944.3076923076924,1,0,0,0,0,0,0,0,0,0,0,0,0,0,0,1,0,25.0527065,121.5326525,1,20,20,9,11,20,3,4,1,0
2120,長春路258巷1~30號,0.0,10.0,4,25,135.03,1,1,1,1,11000000,81463,RPRRMLSLQHPFFCA76DA,0,1,1,109,250655.3846153846,0.0,415.4769230769231,1,0,0,0,0,0,0,0,0,0,0,0,0,0,0,1,0,25.0536589,121.53897,1,20,20,6,14,20,1,2,0,0
2121,松江路133巷1~30號,34.15,11.0,4,2,254.81,3,2,2,1,60880000,312969,RPPOMLLMQHPFFCA28DA,1,1,2,109,962981.5384615384,105.07692307692307,784.0307692307692,1,0,0,0,0,0,0,0,0,0,0,0,1,0,0,0,0,25.0542366,121.5342282,1,20,20,9,12,20,1,3,1,0
2122,建國北路三段61~90號,8.78,14.0,4,6,88.11,2,2,1,1,21380000,242651,RPVPMLOKRHPFFCA56DA,2,1,0,109,746618.4615384615,27.015384615384612,271.1076923076923,1,0,0,0,0,0,0,0,0,0,0,0,1,0,0,0,0,25.0647501,121.537375,0,6,18,2,4,18,1,0,0,20
2123,民生東路二段91~120號,13.99,7.0,4,45,86.13,1,2,2,1,17000000,197376,RPVPMLOKRHPFFCA66EA,1,1,0,109,607310.7692307692,43.04615384615384,265.0153846153846,1,0,0,0,0,0,0,0,0,0,0,0,0,0,0,1,0,25.0580937,121.5308511,1,20,20,11,10,20,2,0,1,0
2124,天祥路61~90號,5.69,14.0,4,17,58.67999999999999,3,1,1,1,14200000,241990,RPWPMLOKRHPFFCA76EA,1,1,0,109,744584.6153846154,17.50769230769231,180.55384615384614,1,0,0,0,0,0,0,0,0,0,0,0,1,0,0,0,0,25.0634043,121.5208559,0,20,20,19,12,20,2,3,1,1
2125,林森北路631~660號,3.2,10.0,4,17,26.87,1,1,1,1,4600000,171195,RPQPNLRKRHPFFCA56EA,1,1,0,109,526753.8461538461,9.846153846153847,82.67692307692307,1,0,0,0,0,0,0,0,0,0,0,0,0,0,0,1,0,25.056629,121.525492,0,20,20,15,10,20,1,0,0,1
2126,新生北路二段61~90號,5.17,7.0,4,42,29.33,0,0,0,1,4500000,153427,RPTSMLQKRHPFFCA96EA,1,1,0,109,472083.0769230769,15.907692307692306,90.24615384615383,1,0,0,0,0,0,0,0,0,0,0,0,0,0,0,1,0,25.0562845,121.5277511,0,20,20,9,13,20,1,0,0,0
2127,合江街180巷1~30號,12.34,7.0,4,38,83.61,2,2,1,0,14000000,167444,RPUNMLQKRHPFFCA56EA,3,1,0,109,515212.3076923077,37.96923076923077,257.26153846153846,1,0,0,0,0,0,0,0,0,0,0,0,0,0,0,1,0,25.0611879,121.5390886,0,16,20,7,8,20,1,1,0,16
2128,新生北路一段91~120號,5.4,12.0,4,33,43.89,0,0,0,1,7380000,168148,RPUPMLQKRHPFFCA76EA,1,1,0,109,517378.4615384615,16.615384615384617,135.04615384615386,1,0,0,0,0,0,0,0,0,0,0,0,1,0,0,0,0,25.0463313,121.5323976,1,17,18,8,10,20,2,1,0,0
2129,新生北路二段60巷1~30號,18.24,6.0,4,25,64.8,2,2,1,0,12480000,192593,RPVPMLQKRHPFFCA86EA,1,2,0,109,592593.8461538461,56.123076923076916,199.38461538461536,1,0,0,0,0,0,0,0,0,0,0,0,0,0,0,1,0,25.0557499,121.5271722,0,20,20,9,11,20,1,0,0,0
2130,雙城街13巷1~30號,12.32,15.0,4,9,172.03,3,2,2,1,32500000,188921,RPOQMLQKRHPFFCA88EA,1,1,1,109,581295.3846153846,37.90769230769231,529.3230769230769,1,0,0,0,0,0,0,0,0,0,0,0,1,0,0,0,0,25.06417,121.5245646,0,20,20,19,11,20,2,2,1,1
2131,吉林路10巷1~30號,5.71,9.0,4,16,36.12,1,1,1,1,9900000,274086,RPRNMLPKRHPFFCA78EA,1,1,0,109,843341.5384615384,17.569230769230767,111.13846153846153,1,0,0,0,0,0,0,0,0,0,0,0,0,0,0,1,0,25.0498402,121.5299192,1,20,20,13,11,20,2,2,1,0
2132,龍江路271~300號,26.93,7.0,4,38,133.54999999999998,3,2,2,1,23000000,172220,RPOOMLLJRHPFFCA08EA,1,1,0,109,529907.6923076923,82.86153846153846,410.92307692307685,1,0,0,0,0,0,0,0,0,0,0,0,0,0,0,1,0,25.0595362,121.540871,0,20,20,6,9,20,0,1,1,0
2133,復興北路190巷1~30號,18.51,15.0,4,35,98.44999999999999,3,2,1,1,21600000,219401,RPVNMLLJRHPFFCA68EA,1,1,0,109,675080.0,56.95384615384616,302.9230769230769,1,0,0,0,0,0,0,0,0,0,0,0,1,0,0,0,0,25.055574,121.543237,0,20,20,11,17,20,0,0,1,0
2134,明水路397巷7弄1~30號,24.35,6.0,4,29,91.75999999999999,2,2,1,0,20000000,217960,RPXQMLPKRHPFFCA96DA,1,1,0,109,670646.1538461539,74.92307692307692,282.3384615384615,1,0,0,0,0,0,0,0,0,0,0,0,0,0,0,1,0,25.0781699,121.548691,0,5,8,2,9,5,2,0,1,0
2135,基湖路157巷1~30號,186.17,11.0,4,18,527.24,4,3,3,1,126000000,282875,RPXOMLPKRHPFFCA76DA,1,1,2,109,870384.6153846154,572.8307692307692,1622.2769230769231,1,0,0,0,0,0,0,0,0,0,0,0,1,0,0,0,0,25.076773,121.563503,0,5,6,0,14,16,2,1,0,0
2136,中山北路二段85巷1~30號,14.21,7.0,4,2,74.65,1,1,1,1,20320000,272204,RPRNMLOKRHPFFCA58DA,1,1,0,109,837550.7692307692,43.723076923076924,229.6923076923077,1,0,0,0,0,0,0,0,0,0,0,0,0,0,0,1,0,25.0588815,121.5235197,0,20,20,19,10,20,0,1,1,1
2137,新生北路二段62巷31~60號,4.73,9.0,4,30,44.09,1,1,1,1,7400000,167839,RPPOMLOKRHPFFCA48DA,1,1,0,109,516427.6923076923,14.553846153846155,135.66153846153847,1,0,0,0,0,0,0,0,0,0,0,0,0,0,0,1,0,25.0562793,121.526301,0,20,20,15,10,20,1,0,0,1
2138,敬業二路69巷31~60號,6.39,10.0,4,14,26.479999999999997,1,1,1,1,6800000,256798,RPXPMLOKRHPFFCA76DA,1,1,0,109,790147.6923076923,19.66153846153846,81.47692307692306,1,0,0,0,0,0,0,0,0,0,0,0,0,0,0,1,0,25.0821294,121.5533892,0,18,12,2,8,20,0,0,1,0
2139,長春路91~120號,116.0,4.0,3,52,383.96,0,0,0,0,88880000,231482,RPXTMLQKRHPFFCA37DA,1,1,0,109,712252.3076923076,356.9230769230769,1181.4153846153845,1,0,0,0,0,0,0,0,0,0,0,0,0,0,0,0,1,25.0550175,121.5289209,0,20,20,7,9,20,1,1,0,0
2140,復興北路421~450號,7.14,12.0,4,13,40.86,0,0,0,1,9500000,232501,RPWPMLKKRHPFFCA88DA,2,1,0,109,715387.6923076923,21.969230769230766,125.72307692307692,1,0,0,0,0,0,0,0,0,0,0,0,1,0,0,0,0,25.0632342,121.5444647,0,20,19,5,4,6,1,2,1,0
2141,新生北路三段1~30號,6.01,11.0,4,9,73.66,1,1,1,1,13000000,194981,RPRNMLOJRHPFFCA48DA,1,1,1,109,599941.5384615385,18.49230769230769,226.64615384615382,1,0,0,0,0,0,0,0,0,0,0,0,1,0,0,0,0,25.0628897,121.5281771,0,11,20,16,10,20,2,1,1,0
2142,林森北路259巷1~30號,5.05,7.0,4,37,30.130000000000003,1,1,1,1,4450000,147693,RPPPMLRLQHPFFCA88DA,1,1,0,109,454440.0,15.538461538461537,92.70769230769231,1,0,0,0,0,0,0,0,0,0,0,0,0,0,0,1,0,25.0544669,121.5263076,0,20,20,9,8,20,1,0,0,0
2143,德惠街31~60號,4.0,9.0,4,42,36.81,1,1,1,1,6600000,179299,RPROMLSKQHPFFCA98DA,1,1,0,109,551689.2307692308,12.307692307692307,113.26153846153846,1,0,0,0,0,0,0,0,0,0,0,0,0,0,0,1,0,25.0667707,121.5265786,0,11,20,15,15,20,2,0,1,1
2144,松江路16巷1~30號,81.0,3.0,3,35,196.74,2,2,2,0,52000000,264308,RPQOMLNKQHPFFCA38DA,1,1,0,109,813255.3846153846,249.23076923076923,605.3538461538461,1,0,0,0,0,0,0,0,0,0,0,0,0,0,0,0,1,25.0467018,121.5326475,1,16,18,8,9,20,2,1,0,0
2145,民生西路45巷7弄1~30號,23.75,4.0,3,53,59.0,3,0,3,0,12080000,204746,RPPNMLTLQHPFFCA88DA,1,1,0,109,629987.6923076923,73.07692307692308,181.53846153846152,1,0,0,0,0,0,0,0,0,0,0,0,0,1,0,0,0,25.058788,121.5209394,0,20,20,17,10,20,1,1,2,1
2146,五常街11巷1~30號,9.93,17.0,4,2,64.56,1,1,1,1,15880000,245973,RPOOMLSJRHPFFCA68DA,2,1,0,109,756840.0,30.553846153846152,198.64615384615385,1,0,0,0,0,0,0,0,0,0,0,0,1,0,0,0,0,25.0645708,121.5377789,0,7,19,2,4,18,1,0,0,20
2147,五常街11巷1~30號,13.57,17.0,4,2,123.16,2,1,1,1,24050000,250454,RPROMLSJRHPFFCA98DA,2,1,1,109,770627.6923076923,41.753846153846155,378.95384615384614,1,0,0,0,0,0,0,0,0,0,0,0,1,0,0,0,0,25.0645708,121.5377789,0,7,19,2,4,18,1,0,0,20
2148,五常街11巷1~30號,13.67,17.0,4,2,87.75,2,1,1,1,21680000,247066,RPTOMLSJRHPFFCA56DA,2,1,0,109,760203.0769230769,42.06153846153846,270.0,1,0,0,0,0,0,0,0,0,0,0,0,1,0,0,0,0,25.0645708,121.5377789,0,7,19,2,4,18,1,0,0,20
2149,五常街11巷1~30號,13.74,17.0,4,2,126.08,2,1,1,1,24000000,247615,RPWOMLSJRHPFFCA86DA,2,1,1,109,761892.3076923076,42.276923076923076,387.9384615384615,1,0,0,0,0,0,0,0,0,0,0,0,1,0,0,0,0,25.0645708,121.5377789,0,7,19,2,4,18,1,0,0,20
2150,復興北路451~480號,5.46,13.0,4,19,38.230000000000004,1,1,1,1,9350000,244572,RPRNMLRJRHPFFCA78DA,1,1,0,109,752529.2307692308,16.8,117.63076923076923,1,0,0,0,0,0,0,0,0,0,0,0,1,0,0,0,0,25.0639844,121.544483,0,19,19,4,2,4,1,2,1,0
2151,長春路1~30號,3.69,14.0,4,11,41.980000000000004,0,1,1,1,10680000,254407,RPORMLOJRHPFFCA58DA,1,1,0,109,782790.7692307692,11.353846153846153,129.16923076923078,1,0,0,0,0,0,0,0,0,0,0,0,1,0,0,0,0,25.054741,121.542881,0,20,20,9,17,20,0,0,1,0
2152,雙城街25巷1~30號,5.79,8.0,4,45,37.2,2,1,1,1,7360000,197849,RPOOMLSKRHPFFCA78DA,1,1,0,109,608766.1538461539,17.815384615384616,114.46153846153847,1,0,0,0,0,0,0,0,0,0,0,0,0,0,0,1,0,25.066379,121.524449,0,15,20,16,10,20,2,1,1,1
2153,明水路475巷1~30號,54.65,8.0,4,24,248.05,3,2,2,1,47880000,193033,RPOOMLPKRHPFFCA48DA,1,1,2,109,593947.6923076923,168.15384615384613,763.2307692307693,1,0,0,0,0,0,0,0,0,0,0,0,0,0,0,1,0,25.0781959,121.5513427,0,6,4,1,9,11,1,0,1,0
2154,中山北路二段121~150號,15.99,13.0,4,1,173.63,3,2,2,1,53680000,331602,RPVSMLQKRHPFFCA07DA,1,2,1,107,1020313.8461538461,49.199999999999996,534.2461538461538,1,0,0,0,0,0,0,0,0,0,0,0,1,0,0,0,0,25.0612094,121.5231156,0,20,20,20,12,20,2,2,3,1
2155,中山北路二段121~150號,15.98,13.0,4,1,154.03,3,2,2,1,49650000,322340,RPXSMLQKRHPFFCA27DA,1,2,0,107,991815.3846153846,49.16923076923077,473.9384615384615,1,0,0,0,0,0,0,0,0,0,0,0,1,0,0,0,0,25.0612094,121.5231156,0,20,20,20,12,20,2,2,3,1
2156,中山北路二段121~150號,15.92,13.0,4,1,172.92000000000002,3,2,2,1,51940000,323746,SPXSMLQKRHPFFCA37DA,1,2,1,107,996141.5384615384,48.98461538461538,532.0615384615385,1,0,0,0,0,0,0,0,0,0,0,0,1,0,0,0,0,25.0612094,121.5231156,0,20,20,20,12,20,2,2,3,1
2157,基湖路151巷1~30號,15.68,5.0,4,17,65.31,1,2,1,1,10150000,198238,RPOSMLQKRHPFFCA09EA,1,1,1,109,609963.0769230769,48.246153846153845,200.95384615384614,1,0,0,0,0,0,0,0,0,0,0,0,0,0,0,1,0,25.0777378,121.5639561,0,7,9,0,14,20,2,1,0,0
2158,北安路821巷3弄1~30號,47.66,4.0,4,45,116.21,3,2,2,0,15000000,129077,RPPSMLQKRHPFFCA56EA,2,1,0,109,397160.0,146.64615384615382,357.5692307692307,1,0,0,0,0,0,0,0,0,0,0,0,0,1,0,0,0,25.0856102,121.556601,0,1,7,1,7,17,1,0,1,0
2159,建國北路二段91~120號,35.24,10.0,4,37,224.09,0,0,0,0,50780000,226605,RPQNMLRKRHPFFCA88EA,2,1,0,109,697246.1538461539,108.43076923076923,689.5076923076923,1,0,0,0,0,0,0,0,0,0,0,0,0,0,0,1,0,25.0587151,121.5373897,1,20,20,9,7,20,1,2,1,14
2160,北安路781~810號,9.84,14.0,4,8,98.72,1,2,1,1,22400000,226904,RPVNMLRKRHPFFCA76EA,1,1,1,109,698166.1538461539,30.276923076923076,303.75384615384615,1,0,0,0,0,0,0,0,0,0,0,0,1,0,0,0,0,25.085743,121.553669,0,9,6,1,4,13,0,0,1,0
2161,松江路271~300號,3.89,13.0,4,11,36.28,1,1,1,1,9150000,252205,RPWONLRKRHPFFCA07EA,1,1,0,109,776015.3846153846,11.96923076923077,111.63076923076923,1,0,0,0,0,0,0,0,0,0,0,0,1,0,0,0,0,25.0598864,121.5334014,1,20,20,10,9,20,1,0,1,18
2162,明水路397巷18弄1~30號,44.26,15.0,4,14,245.44,3,2,2,1,74600000,380884,RPSPNLRKRHPFFCA76EA,1,1,2,109,1171950.7692307692,136.18461538461537,755.1999999999999,1,0,0,0,0,0,0,0,0,0,0,0,1,0,0,0,0,25.0787954,121.5476849,0,4,11,2,9,3,2,1,1,0
2163,新生北路二段31~60號,22.5,12.0,4,41,200.0,0,0,2,1,35695000,178475,RPTPNLRKRHPFFCA86EA,2,2,0,109,549153.8461538461,69.23076923076923,615.3846153846154,1,0,0,0,0,0,0,0,0,0,0,0,1,0,0,0,0,25.0542013,121.5278274,0,20,20,9,11,20,1,1,0,0
2164,合江街91~120號,18.55,5.0,4,36,72.48,6,1,5,0,12800000,176600,RPTQNLRKRHPFFCA96EA,2,1,0,109,543384.6153846154,57.07692307692308,223.01538461538462,1,0,0,0,0,0,0,0,0,0,0,0,0,1,0,0,0,25.059432,121.539345,0,19,20,7,13,20,0,0,0,8
2165,民權東路二段92巷7弄1~30號,18.38,4.0,4,50,53.13,3,2,2,0,8000000,150574,RPWNMLSKRHPFFCA96EA,1,1,0,109,463304.6153846154,56.55384615384615,163.47692307692307,1,0,0,0,0,0,0,0,0,0,0,0,0,1,0,0,0,25.0608545,121.5319801,0,20,20,13,12,20,0,0,1,18
2166,林森北路601~630號,7.02,9.0,4,30,53.519999999999996,2,1,1,1,9850000,184043,RPOQMLSKRHPFFCA09EA,1,1,0,109,566286.1538461539,21.599999999999998,164.67692307692306,1,0,0,0,0,0,0,0,0,0,0,0,0,0,0,1,0,25.056629,121.525492,0,20,20,15,10,20,1,0,0,1
2167,中山北路二段93巷1~30號,3.29,14.0,4,18,33.66,0,0,0,1,7000000,207962,RPOOMLLLRHPFFCA28EA,1,1,0,109,639883.0769230769,10.123076923076923,103.56923076923076,1,0,0,0,0,0,0,0,0,0,0,0,1,0,0,0,0,25.0594195,121.5233012,0,20,20,18,10,20,0,1,2,1
2168,明水路541~570號,11.46,16.0,4,25,50.160000000000004,2,2,1,1,11880000,236842,RPORNLRKRHPFFCA09DA,1,1,0,109,728744.6153846154,35.261538461538464,154.33846153846156,1,0,0,0,0,0,0,0,0,0,0,0,1,0,0,0,0,25.078471,121.551841,0,7,5,1,8,11,1,0,1,0
2169,明水路631~660號,11.23,9.0,4,14,60.980000000000004,1,1,1,1,12300000,201672,RPPRNLRKRHPFFCA56DA,1,1,1,109,620529.2307692308,34.55384615384615,187.63076923076923,1,0,0,0,0,0,0,0,0,0,0,0,0,0,0,1,0,25.0825588,121.5509111,0,16,13,1,6,18,1,0,1,0
2170,新生北路三段1~30號,7.06,12.0,4,36,73.84,2,1,1,1,13770000,186484,RPQNMLPKRHPFFCA58DA,2,1,0,109,573796.923076923,21.72307692307692,227.2,1,0,0,0,0,0,0,0,0,0,0,0,1,0,0,0,0,25.0628897,121.5281771,0,11,20,16,10,20,2,1,1,0
2171,長安東路二段91~120號,7.97,11.0,4,49,53.0,1,1,0,1,9880000,186415,RPRQMLOJRHPFFCA78DA,2,1,0,109,573584.6153846154,24.52307692307692,163.07692307692307,1,0,0,0,0,0,0,0,0,0,0,0,1,0,0,0,0,25.0484276,121.5347191,1,20,19,11,9,20,1,2,1,0
2172,民權東路三段61~90號,18.32,19.0,4,35,179.08999999999997,4,2,2,1,38200000,213289,RPWQMLRJRHPFFCA96DA,1,1,0,109,656273.8461538461,56.36923076923077,551.0461538461537,1,0,0,0,0,0,0,0,0,0,0,0,1,0,0,0,0,25.0625501,121.5432045,0,20,18,5,8,7,1,2,1,0
2173,復興北路211~240號,21.32,14.0,4,35,105.03999999999999,3,2,1,1,21660000,206207,RPQNMLTLQHPFFCA98DA,1,1,0,109,634483.0769230769,65.6,323.2,1,0,0,0,0,0,0,0,0,0,0,0,1,0,0,0,0,25.056428,121.544505,0,20,20,8,16,20,0,1,1,0
2174,中山北路二段151~180號,13.21,12.0,4,40,136.52,2,1,1,1,27680000,202754,RPPQNLOKQHPFFCA68DA,1,1,0,109,623858.4615384615,40.646153846153844,420.0615384615385,1,0,0,0,0,0,0,0,0,0,0,0,1,0,0,0,0,25.0621888,121.5229898,0,20,20,20,13,20,2,3,2,2
2175,中原街31~60號,23.75,7.0,4,38,132.26999999999998,3,2,2,1,23560000,178121,RPRQMLRJRHPFFCA09DA,1,1,0,109,548064.6153846154,73.07692307692308,406.9846153846153,1,0,0,0,0,0,0,0,0,0,0,0,0,0,0,1,0,25.0085632,121.4896498,0,3,8,0,2,9,0,0,1,0
2176,錦州街331~360號,31.67,7.0,4,36,170.82999999999998,5,2,2,0,29750000,174150,RPWNMLOJRHPFFCA98DA,1,1,0,109,535846.1538461539,97.44615384615385,525.6307692307691,1,0,0,0,0,0,0,0,0,0,0,0,0,0,0,1,0,25.0603641,121.5389614,0,17,20,8,9,20,1,0,0,14
2177,松江路121~150號,57.98,14.0,4,50,599.22,0,0,0,1,280000000,467274,RPSRMLSKRHPFFCA86DA,1,2,0,109,1437766.1538461538,178.39999999999998,1843.753846153846,1,0,0,0,0,0,0,0,0,0,0,0,1,0,0,0,0,25.0528197,121.5333502,1,20,20,10,12,20,3,4,1,0
2178,敬業三路162巷1~30號,47.09,10.0,4,21,155.43,3,2,2,1,24000000,154410,RPWOMLLLRHPFFCA98DA,1,1,1,109,475107.6923076923,144.8923076923077,478.24615384615385,1,0,0,0,0,0,0,0,0,0,0,0,0,0,0,1,0,25.0791581,121.5572576,0,3,6,2,8,12,2,1,0,0
2179,雙城街25巷1~30號,14.99,13.0,4,6,179.0,2,1,2,1,38500000,215084,RPPQMLSKRHPFFCA09DA,1,1,2,109,661796.923076923,46.12307692307692,550.7692307692307,1,0,0,0,0,0,0,0,0,0,0,0,1,0,0,0,0,25.066379,121.524449,0,15,20,16,10,20,2,1,1,1
2180,林森北路301~330號,5.37,14.0,4,18,48.730000000000004,1,0,1,1,8860000,181818,RPQNMLQKRHPFFCA68DA,1,1,0,109,559440.0,16.52307692307692,149.93846153846155,1,0,0,0,0,0,0,0,0,0,0,0,1,0,0,0,0,25.056629,121.525492,0,20,20,15,10,20,1,0,0,1
2181,遼寧街105巷31~60號,23.35,6.0,4,41,93.79,2,2,1,0,20390000,217401,RPSNMLLJRHPFFCA38EA,1,1,0,109,668926.1538461539,71.84615384615385,288.5846153846154,1,0,0,0,0,0,0,0,0,0,0,0,0,0,0,1,0,25.0510972,121.5429871,0,20,20,12,12,20,2,2,1,0
2182,復興北路151~180號,12.68,12.0,4,41,137.39,0,1,1,1,28100000,204527,RPOQMLLKRHPFFCA38EA,1,1,0,109,629313.8461538461,39.01538461538461,422.7384615384615,1,0,0,0,0,0,0,0,0,0,0,0,1,0,0,0,0,25.0536578,121.5444713,0,20,20,10,14,20,0,1,1,0
2183,北安路805巷4弄1~30號,21.32,7.0,4,3,115.95,2,2,1,0,27540000,242008,RPUOMLOLRHPFFCA56EA,1,1,1,109,744640.0,65.6,356.7692307692308,1,0,0,0,0,0,0,0,0,0,0,0,0,0,0,1,0,25.0860253,121.554461,0,7,5,1,4,12,0,0,1,0
2184,松江路1~30號,16.39,12.0,4,35,156.97,4,2,2,1,27500000,213675,RPVPMLLLRHPFFCA09EA,1,1,1,109,657461.5384615384,50.43076923076923,482.9846153846154,1,0,0,0,0,0,0,0,0,0,0,0,1,0,0,0,0,25.045864,121.5331196,1,15,18,6,8,20,1,1,1,0
2185,中山北路二段72巷1~30號,9.39,10.0,4,13,56.06,1,1,1,1,12750000,227435,RPWPMLLLRHPFFCA56EA,1,1,0,109,699800.0,28.892307692307693,172.4923076923077,1,0,0,0,0,0,0,0,0,0,0,0,0,0,0,1,0,25.0572664,121.5224366,0,20,20,16,9,20,0,0,1,1
2186,遼寧街105巷1~30號,26.25,4.0,4,50,72.33,4,0,2,0,15000000,207383,RPVNMLMLRHPFFCA98EA,1,2,0,109,638101.5384615385,80.76923076923076,222.55384615384614,1,0,0,0,0,0,0,0,0,0,0,0,0,1,0,0,0,25.0508043,121.542301,0,20,20,11,10,20,1,2,1,0
2187,松江路77巷1~30號,6.25,11.0,4,17,65.04,0,0,0,1,12900000,198339,RPTNMLMLRHPFFCA78EA,2,1,1,109,610273.8461538461,19.23076923076923,200.12307692307692,1,0,0,0,0,0,0,0,0,0,0,0,1,0,0,0,0,25.0497037,121.5339815,1,20,20,12,9,20,1,3,1,0
2188,中山北路一段135巷31~60號,75.5,3.0,3,35,208.08,5,5,4,0,48000000,230681,RPUNMLMLRHPFFCA88EA,1,1,0,109,709787.6923076923,232.3076923076923,640.2461538461539,1,0,0,0,0,0,0,0,0,0,0,0,0,0,0,0,1,25.0513073,121.5242072,0,20,20,11,10,20,0,0,1,0
2189,天津街31~60號,4.22,9.0,4,43,33.88,0,0,0,1,16000000,472255,RPVOMLMLRHPFFCA09EA,1,1,0,109,1453092.3076923077,12.984615384615383,104.24615384615385,1,0,0,0,0,0,0,0,0,0,0,0,0,0,0,1,0,25.0487508,121.5227075,0,20,20,10,6,20,0,1,2,0
2190,雙城街28巷1~30號,16.23,16.0,4,31,128.93,3,2,2,1,27000000,209416,RPWNMLMLRHPFFCA09EA,2,1,0,109,644356.923076923,49.93846153846154,396.7076923076923,1,0,0,0,0,0,0,0,0,0,0,0,1,0,0,0,0,25.0659489,121.5238551,0,20,20,16,8,20,2,1,1,1
2191,農安街77巷1~30號,24.67,5.0,4,37,103.95,3,2,1,0,14700000,141414,RPXNMLMLRHPFFCA56EA,1,1,0,109,435120.0,75.90769230769232,319.84615384615387,1,0,0,0,0,0,0,0,0,0,0,0,0,1,0,0,0,25.0653641,121.5285004,0,13,20,14,12,20,2,1,1,1
2192,復興北路151~180號,16.81,12.0,4,41,186.69,4,1,1,1,44000000,235685,RPOOMLMLRHPFFCA38EA,2,1,0,109,725184.6153846154,51.72307692307692,574.4307692307692,1,0,0,0,0,0,0,0,0,0,0,0,1,0,0,0,0,25.0536578,121.5444713,0,20,20,10,14,20,0,1,1,0
2193,農安街1~30號,5.94,11.0,4,17,46.46,3,1,1,1,13770000,296384,RPQQMLLLRHPFFCA68EA,1,1,0,109,911950.7692307692,18.276923076923076,142.95384615384614,1,0,0,0,0,0,0,0,0,0,0,0,1,0,0,0,0,25.0650285,121.523401,0,20,20,18,9,20,2,2,2,1
2194,天祥路61~90號,4.25,14.0,4,17,44.03,2,1,1,1,11700000,265728,RPXPMLLLRHPFFCA66EA,1,1,0,109,817624.6153846154,13.076923076923077,135.47692307692307,1,0,0,0,0,0,0,0,0,0,0,0,1,0,0,0,0,25.0634043,121.5208559,0,20,20,19,12,20,2,3,1,1
2195,中山北路二段91~120號,11.22,14.0,4,2,143.73000000000002,2,2,1,1,34710000,283068,RPQQMLMLRHPFFCA78EA,2,1,2,109,870978.4615384615,34.52307692307692,442.2461538461539,1,0,0,0,0,0,0,0,0,0,0,0,1,0,0,0,0,25.059308,121.523262,0,20,20,19,10,20,0,1,2,1
2196,中山北路二段91~120號,5.68,14.0,4,2,72.57,1,1,1,1,17200000,269336,RPSQMLMLRHPFFCA98EA,2,1,1,109,828726.1538461539,17.476923076923075,223.29230769230767,1,0,0,0,0,0,0,0,0,0,0,0,1,0,0,0,0,25.059308,121.523262,0,20,20,19,10,20,0,1,2,1
2197,松江路121~150號,19.76,14.0,4,50,207.09,0,0,0,1,41000000,197982,RPXPMLLKRHPFFCA56EA,1,2,0,109,609175.3846153846,60.800000000000004,637.2,1,0,0,0,0,0,0,0,0,0,0,0,1,0,0,0,0,25.0528197,121.5333502,1,20,20,10,12,20,3,4,1,0
2198,長安東路二段181~210號,7.14,12.0,4,38,65.87,1,1,1,1,13200000,200395,RPTPMLLKRHPFFCA78EA,1,1,0,109,616600.0,21.969230769230766,202.6769230769231,1,0,0,0,0,0,0,0,0,0,0,0,1,0,0,0,0,25.0484442,121.5425594,0,20,20,10,8,20,3,3,1,0
2199,吉林路1~30號,19.35,12.0,4,44,168.69,3,2,0,1,29000000,171913,RPPPMLLKRHPFFCA38EA,1,1,0,109,528963.0769230769,59.53846153846154,519.0461538461539,1,0,0,0,0,0,0,0,0,0,0,0,1,0,0,0,0,25.0489388,121.5300995,1,20,20,12,10,20,1,2,1,0
2200,松江路150巷1~30號,27.6,5.0,4,41,99.08,3,2,2,0,27000000,272507,RPPRMLQKRHPFFCA09EA,1,1,0,109,838483.0769230769,84.92307692307692,304.86153846153843,1,0,0,0,0,0,0,0,0,0,0,0,0,1,0,0,0,25.0541363,121.5322944,1,20,20,9,11,20,2,4,1,0
2201,林森北路91~120號,3.1,12.0,4,33,37.45,0,0,0,1,5800000,154873,RPUNMLSKRHPFFCA66DA,1,1,0,109,476532.3076923077,9.538461538461538,115.23076923076924,1,0,0,0,0,0,0,0,0,0,0,0,1,0,0,0,0,25.0500055,121.5249729,0,20,20,9,11,20,0,0,0,0
2202,德惠街31~60號,6.49,10.0,4,43,57.230000000000004,2,2,1,0,9700000,169492,RPUPMLLLRHPFFCA88DA,1,1,0,109,521513.8461538461,19.96923076923077,176.09230769230768,1,0,0,0,0,0,0,0,0,0,0,0,0,0,0,1,0,25.0667707,121.5265786,0,11,20,15,15,20,2,0,1,1
2203,新生北路三段31~60號,4.69,12.0,4,39,50.43000000000001,1,1,1,1,9000000,178465,RPQOMLLLRHPFFCA38DA,1,1,0,109,549123.0769230769,14.430769230769231,155.16923076923078,1,0,0,0,0,0,0,0,0,0,0,0,1,0,0,0,0,25.0646869,121.5280576,0,13,20,16,15,20,2,1,1,1
2204,民權東路三段1~30號,15.16,12.0,4,33,153.23000000000002,5,1,2,1,36500000,238204,RPQPMLLLRHPFFCA48DA,1,1,0,109,732935.3846153846,46.646153846153844,471.47692307692313,1,0,0,0,0,0,0,0,0,0,0,0,1,0,0,0,0,25.0625217,121.5388592,0,14,20,5,7,18,1,1,0,19
2205,復興北路31~60號,9.47,12.0,4,41,83.25,0,1,1,1,16800000,201802,RPSQMLKKRHPFFCA58DA,1,1,0,109,620929.2307692308,29.138461538461538,256.15384615384613,1,0,0,0,0,0,0,0,0,0,0,0,1,0,0,0,0,25.049515,121.544416,0,20,20,12,9,20,2,2,1,0
2206,中山北路二段65巷1~30號,24.25,4.0,3,35,77.57,3,2,2,0,13000000,167591,RPPPMLSLQHPFFCA98DA,1,1,0,109,515664.6153846154,74.61538461538461,238.67692307692306,1,0,0,0,0,0,0,0,0,0,0,0,0,1,0,0,0,25.0571759,121.52326,0,20,20,15,8,20,0,0,1,1
2207,民生東路二段115巷25弄1~30號,34.67,4.0,3,55,82.6,3,1,1,0,14000000,169492,RPPOMLNJRHPFFCA28DA,1,1,0,109,521513.8461538461,106.67692307692307,254.15384615384613,1,0,0,0,0,0,0,0,0,0,0,0,0,1,0,0,0,25.0594718,121.5317982,1,20,20,12,12,20,1,0,1,8
2208,明水路571~600號,12.35,10.0,4,20,78.08,0,0,0,1,12080000,154713,RPRRMLKKRHPFFCA58DA,1,1,1,109,476040.0,38.0,240.24615384615385,1,0,0,0,0,0,0,0,0,0,0,0,0,0,0,1,0,25.0798567,121.5515087,0,14,7,2,9,13,1,0,1,0
2209,中山北路二段65巷1~30號,12.07,12.0,4,1,119.06,0,0,0,1,29000000,299495,RPQSMLTJRHPFFCA76DA,1,1,1,109,921523.0769230769,37.13846153846154,366.33846153846156,1,0,0,0,0,0,0,0,0,0,0,0,1,0,0,0,0,25.0571759,121.52326,0,20,20,15,8,20,0,0,1,1
2210,中山北路二段65巷1~30號,17.07,12.0,4,1,137.5,0,0,0,1,39800000,289455,RPRSMLTJRHPFFCA86DA,1,1,0,109,890630.7692307692,52.52307692307692,423.07692307692304,1,0,0,0,0,0,0,0,0,0,0,0,1,0,0,0,0,25.0571759,121.52326,0,20,20,15,8,20,0,0,1,1
2211,中山北路二段65巷1~30號,17.07,12.0,4,1,172.56,0,0,0,1,40000000,283019,RPSSMLTJRHPFFCA96DA,1,1,1,109,870827.6923076923,52.52307692307692,530.9538461538461,1,0,0,0,0,0,0,0,0,0,0,0,1,0,0,0,0,25.0571759,121.52326,0,20,20,15,8,20,0,0,1,1
2212,中山北路二段65巷1~30號,15.54,12.0,4,1,155.53,2,2,2,1,33500000,266585,RPUSMLTJRHPFFCA17DA,1,1,1,109,820261.5384615384,47.81538461538461,478.55384615384617,1,0,0,0,0,0,0,0,0,0,0,0,1,0,0,0,0,25.0571759,121.52326,0,20,20,15,8,20,0,0,1,1
2213,新生北路三段84巷1~30號,19.77,5.0,4,40,90.35,3,1,1,0,13960000,154510,RPRRMLSKRHPFFCA76DA,2,1,0,109,475415.3846153846,60.83076923076923,278.0,1,0,0,0,0,0,0,0,0,0,0,0,0,1,0,0,0,25.0673935,121.5260242,0,12,20,14,15,17,2,1,0,1
2214,林森北路259巷1~30號,5.35,7.0,4,37,32.57,1,1,1,1,5000000,153516,RPTQMLNLRHPFFCA09DA,1,1,0,109,472356.92307692306,16.46153846153846,100.21538461538461,1,0,0,0,0,0,0,0,0,0,0,0,0,0,0,1,0,25.0544669,121.5263076,0,20,20,9,8,20,1,0,0,0
2215,敬業一路36巷1~30號,60.56,11.0,4,11,310.38,3,2,2,1,93850000,302371,RPPPMLLLRHPFFCA38DA,1,1,2,109,930372.3076923076,186.33846153846153,955.0153846153846,1,0,0,0,0,0,0,0,0,0,0,0,1,0,0,0,0,25.0812819,121.5534591,0,16,11,3,7,20,1,0,1,0
2216,北安路811~840號,5.71,14.0,4,11,44.81,1,0,1,1,11000000,245481,RPUNMLPKRHPFFCA98DA,2,1,0,109,755326.1538461539,17.569230769230767,137.87692307692308,1,0,0,0,0,0,0,0,0,0,0,0,1,0,0,0,0,25.085196,121.5554409,0,6,6,1,4,18,1,0,1,0
2217,民權西路61~90號,30.86,11.0,4,29,273.84,0,0,0,1,60000000,219106,RPORMLQKRHPFFCA98EA,4,1,1,109,674172.3076923076,94.95384615384614,842.5846153846153,1,0,0,0,0,0,0,0,0,0,0,0,1,0,0,0,0,25.0630441,121.5201991,0,20,20,16,13,20,3,3,1,0
2218,林森北路571~600號,9.29,13.0,4,10,129.55,1,1,1,1,21000000,205821,RPQPMLLKRHPFFCA48EA,1,1,1,109,633295.3846153846,28.584615384615383,398.61538461538464,1,0,0,0,0,0,0,0,0,0,0,0,1,0,0,0,0,25.056629,121.525492,0,20,20,15,10,20,1,0,0,1
2219,興安街61~90號,27.36,14.0,4,35,131.69,3,2,2,1,25800000,195915,RPOPMLLKRHPFFCA28EA,1,1,0,109,602815.3846153846,84.18461538461538,405.2,1,0,0,0,0,0,0,0,0,0,0,0,1,0,0,0,0,25.0562445,121.5425052,0,20,20,9,14,20,0,0,0,0
2220,中山北路二段93巷1~30號,5.78,12.0,4,16,42.510000000000005,0,1,1,1,12500000,294048,RPQNMLNLRHPFFCA58EA,1,1,0,109,904763.0769230769,17.784615384615385,130.8,1,0,0,0,0,0,0,0,0,0,0,0,1,0,0,0,0,25.0594195,121.5233012,0,20,20,18,10,20,0,1,2,1
2221,明水路601~630號,14.3,10.0,4,20,50.27,0,0,0,1,11600000,230754,RPQOMLNLRHPFFCA68EA,1,1,0,109,710012.3076923076,44.0,154.6769230769231,1,0,0,0,0,0,0,0,0,0,0,0,0,0,0,1,0,25.0808551,121.551534,0,16,8,2,9,15,1,0,1,0
2222,農安街1~30號,17.1,11.0,4,41,143.4,2,2,1,1,40000000,278940,RPROMLNLRHPFFCA78EA,1,1,0,109,858276.923076923,52.61538461538462,441.2307692307692,1,0,0,0,0,0,0,0,0,0,0,0,1,0,0,0,0,25.0650285,121.523401,0,20,20,18,9,20,2,2,2,1
2223,長安東路二段1~30號,7.57,8.0,4,14,36.04,1,1,1,1,7800000,216426,RPSNMLOLRHPFFCA88EA,1,1,0,109,665926.1538461539,23.29230769230769,110.89230769230768,1,0,0,0,0,0,0,0,0,0,0,0,0,0,0,1,0,25.0486369,121.5302099,1,20,20,12,9,20,1,2,1,0
2224,明水路571~600號,43.79,16.0,4,26,287.34,4,2,2,1,65300000,286897,RPPQMLLLRHPFFCA58EA,1,1,2,109,882760.0,134.73846153846154,884.1230769230768,1,0,0,0,0,0,0,0,0,0,0,0,1,0,0,0,0,25.0798567,121.5515087,0,14,7,2,9,13,1,0,1,0
2225,明水路571~600號,39.43,14.0,4,23,261.88,4,2,2,1,58000000,221475,RPROMLLLRHPFFCA58EA,1,1,3,109,681461.5384615384,121.32307692307691,805.7846153846153,1,0,0,0,0,0,0,0,0,0,0,0,1,0,0,0,0,25.0798567,121.5515087,0,14,7,2,9,13,1,0,1,0
2226,林森北路259巷1~30號,6.17,7.0,4,37,37.58,1,1,1,1,5830000,155136,RPSQMLPLRHPFFCA66EA,1,1,0,109,477341.53846153844,18.984615384615385,115.63076923076922,1,0,0,0,0,0,0,0,0,0,0,0,0,0,0,1,0,25.0544669,121.5263076,0,20,20,9,8,20,1,0,0,0
2227,林森北路451~480號,4.56,14.0,4,12,47.13,1,1,1,1,9360000,198600,RPVNMLOLRHPFFCA56EA,1,1,0,109,611076.923076923,14.030769230769229,145.01538461538462,1,0,0,0,0,0,0,0,0,0,0,0,1,0,0,0,0,25.056629,121.525492,0,20,20,15,10,20,1,0,0,1
2228,雙城街31~60號,22.92,7.0,4,41,133.62,3,2,2,0,24000000,179614,RPXNMLOLRHPFFCA76EA,1,1,0,109,552658.4615384615,70.52307692307693,411.1384615384615,1,0,0,0,0,0,0,0,0,0,0,0,0,0,0,1,0,25.0664503,121.5243593,0,15,20,16,10,20,2,1,1,1
2229,合江街83巷1~30號,28.86,7.0,4,39,175.47,4,2,2,1,32880000,219235,RPQRMLOLRHPFFCA09EA,1,1,1,109,674569.2307692308,88.8,539.9076923076923,1,0,0,0,0,0,0,0,0,0,0,0,0,0,0,1,0,25.0591885,121.5394589,0,20,20,4,12,20,0,0,0,5
2230,樂群二路271~300號,15.76,11.0,4,13,53.1,0,1,1,1,12320000,232015,RPTRMLOLRHPFFCA76EA,1,1,0,109,713892.3076923076,48.49230769230769,163.3846153846154,1,0,0,0,0,0,0,0,0,0,0,0,1,0,0,0,0,25.0802463,121.5604236,0,5,12,2,9,20,2,1,0,0
2231,明水路672巷1~30號,15.22,7.0,4,16,44.010000000000005,1,1,1,1,12000000,272665,RPPNMLOLRHPFFCA48DA,1,1,0,109,838969.2307692308,46.83076923076923,135.41538461538462,1,0,0,0,0,0,0,0,0,0,0,0,0,0,0,1,0,25.0837654,121.5508912,0,16,12,1,8,17,0,0,1,0
2232,中山北路一段61~90號,3.76,13.0,4,12,49.08,1,1,1,1,10500000,213893,RPPQMLOLRHPFFCA78DA,1,1,1,109,658132.3076923076,11.569230769230769,151.01538461538462,1,0,0,0,0,0,0,0,0,0,0,0,1,0,0,0,0,25.0499695,121.5219583,0,20,20,8,8,20,0,2,1,0
2233,民族東路421~450號,22.19,5.0,4,39,90.78,3,2,2,0,11900000,131086,RPSOMLNLRHPFFCA78DA,1,1,0,109,403341.53846153844,68.27692307692308,279.32307692307694,1,0,0,0,0,0,0,0,0,0,0,0,0,1,0,0,0,25.0642602,121.5474546,1,11,11,1,3,9,0,2,2,0
2234,長安東路一段56巷1弄1~30號,14.65,7.0,4,12,69.80000000000001,1,1,1,1,13050000,186963,RPXOMLLKRHPFFCA98DA,1,1,1,109,575270.7692307692,45.07692307692307,214.7692307692308,1,0,0,0,0,0,0,0,0,0,0,0,0,0,0,1,0,25.0476704,121.5291837,1,18,20,9,8,20,1,2,0,0
2235,民族東路410巷31~60號,14.0,5.0,4,44,57.28,3,1,1,0,9420000,164455,RPQQMLMJRHPFFCA48DA,1,1,0,109,506015.3846153846,43.07692307692307,176.24615384615385,1,0,0,0,0,0,0,0,0,0,0,0,0,1,0,0,0,25.066597,121.538439,0,3,12,2,3,12,1,0,0,7
2236,中山北路一段53巷1~30號,7.82,12.0,4,13,90.03,0,1,1,1,13960000,155059,RPPNMLQLRHPFFCA68DA,1,1,2,109,477104.6153846154,24.06153846153846,277.0153846153846,1,0,0,0,0,0,0,0,0,0,0,0,1,0,0,0,0,25.049378,121.5219264,0,20,20,9,5,20,0,3,1,0
2237,龍江路155巷1~30號,5.4,10.0,4,32,43.099999999999994,1,1,1,1,9100000,211137,RPOTMLOLRHPFFCA98DA,3,1,0,109,649652.3076923076,16.615384615384617,132.61538461538458,1,0,0,0,0,0,0,0,0,0,0,0,0,0,0,1,0,25.0543398,121.5407322,0,20,20,6,17,20,1,0,1,0
2238,長安東路一段56巷1弄31~60號,28.65,7.0,4,38,146.37,3,2,2,0,20700000,141422,RPRPMLPLRHPFFCA98DA,1,1,0,109,435144.6153846154,88.15384615384615,450.36923076923074,1,0,0,0,0,0,0,0,0,0,0,0,0,0,0,1,0,25.0471549,121.5298445,1,15,20,11,11,20,2,1,0,0
2239,中山北路二段121~150號,15.99,13.0,4,1,173.63,3,2,2,1,55550000,343742,RPWPMLPLRHPFFCA86DA,1,2,1,106,1057667.6923076923,49.199999999999996,534.2461538461538,1,0,0,0,0,0,0,0,0,0,0,0,1,0,0,0,0,25.0612094,121.5231156,0,20,20,20,12,20,2,2,3,1
2240,中山北路二段121~150號,15.92,13.0,4,1,172.92000000000002,3,2,2,1,51750000,320550,SPWPMLPLRHPFFCA96DA,1,2,1,106,986307.6923076923,48.98461538461538,532.0615384615385,1,0,0,0,0,0,0,0,0,0,0,0,1,0,0,0,0,25.0612094,121.5231156,0,20,20,20,12,20,2,2,3,1
2241,中山北路二段65巷1~30號,16.41,12.0,4,1,129.86,3,2,2,1,33289500,256349,RPUQMLPLRHPFFCA76DA,1,1,0,109,788766.1538461539,50.49230769230769,399.5692307692308,1,0,0,0,0,0,0,0,0,0,0,0,1,0,0,0,0,25.0571759,121.52326,0,20,20,15,8,20,0,0,1,1
2242,林森北路107巷61~90號,25.16,7.0,4,49,117.88,5,0,5,1,17300000,146759,RPRQMLOLRHPFFCA98DA,1,2,0,109,451566.1538461538,77.41538461538461,362.7076923076923,1,0,0,0,0,0,0,0,0,0,0,0,0,0,0,1,0,25.0499592,121.5271009,1,20,20,8,9,20,1,2,0,0
2243,林森北路391~420號,7.44,12.0,4,39,94.72999999999999,2,1,2,1,10450000,110314,RPORMLOLRHPFFCA78DA,1,1,0,109,339427.6923076923,22.892307692307693,291.476923076923,1,0,0,0,0,0,0,0,0,0,0,0,1,0,0,0,0,25.056629,121.525492,0,20,20,15,10,20,1,0,0,1
2244,新生北路二段58巷31~60號,19.25,4.0,4,46,66.82,2,1,1,0,11000000,164621,RPXRMLOLRHPFFCA07DA,1,1,0,109,506526.1538461538,59.230769230769226,205.59999999999997,1,0,0,0,0,0,0,0,0,0,0,0,0,1,0,0,0,25.0554073,121.5264466,0,20,20,9,8,20,1,0,0,0
2245,明水路541~570號,19.96,16.0,4,25,85.08,2,2,1,1,20000000,235073,RPVPMLOLRHPFFCA76EA,1,1,0,109,723301.5384615384,61.41538461538462,261.7846153846154,1,0,0,0,0,0,0,0,0,0,0,0,1,0,0,0,0,25.078471,121.551841,0,7,5,1,8,11,1,0,1,0
2246,中山北路二段121~150號,15.99,13.0,4,1,173.63,3,2,2,1,56460000,349649,RPQRMLPLRHPFFCA56EA,1,2,1,107,1075843.076923077,49.199999999999996,534.2461538461538,1,0,0,0,0,0,0,0,0,0,0,0,1,0,0,0,0,25.0612094,121.5231156,0,20,20,20,12,20,2,2,3,1
2247,民權東路二段1~30號,55.65,12.0,4,37,560.69,0,0,0,1,88000000,156949,RPVRMLPLRHPFFCA07EA,1,1,2,109,482920.0,171.23076923076923,1725.2,1,0,0,0,0,0,0,0,0,0,0,0,1,0,0,0,0,25.0628844,121.5280983,0,12,20,17,10,20,2,1,1,1
2248,中山北路二段65巷2弄1~30號,9.58,7.0,4,11,51.21,1,1,1,1,12800000,249951,RPQPMLQLRHPFFCA09EA,1,1,0,109,769080.0,29.476923076923075,157.56923076923076,1,0,0,0,0,0,0,0,0,0,0,0,0,0,0,1,0,25.0567317,121.5238219,0,20,20,15,9,20,0,0,1,1
2249,長春路181~210號,12.67,12.0,4,38,100.13000000000001,4,1,2,1,20800000,207730,RPOTMLQLRHPFFCA66EA,3,1,0,109,639169.2307692308,38.98461538461538,308.0923076923077,1,0,0,0,0,0,0,0,0,0,0,0,1,0,0,0,0,24.9774924,121.2467583,0,2,12,1,3,4,0,0,0,0
2250,中山北路一段83巷31~60號,19.43,15.0,4,13,196.88,3,1,2,1,38000000,193011,RPWTMLQLRHPFFCA47EA,2,1,1,109,593880.0,59.78461538461538,605.7846153846153,1,0,0,0,0,0,0,0,0,0,0,0,1,0,0,0,0,25.0500512,121.5243787,0,20,20,9,11,20,0,0,1,0
2251,中山北路二段59巷3弄1~30號,19.75,4.0,4,47,74.19,2,1,1,0,15000000,202184,RPPVMLQLRHPFFCA96EA,1,1,0,109,622104.6153846154,60.76923076923077,228.27692307692305,1,0,0,0,0,0,0,0,0,0,0,0,0,1,0,0,0,25.056134,121.523567,0,20,20,17,10,20,0,0,2,1
2252,農安街1~30號,5.75,14.0,4,12,92.77,1,1,1,1,14750000,158995,RPXOMLSLRHPFFCA27EA,1,1,1,109,489215.3846153846,17.692307692307693,285.44615384615383,1,0,0,0,0,0,0,0,0,0,0,0,1,0,0,0,0,25.0650285,121.523401,0,20,20,18,9,20,2,2,2,1
2253,林森北路631~660號,4.2,10.0,4,17,35.519999999999996,1,1,1,1,6750000,190034,RPPNMLPLRHPFFCA58DA,1,1,0,109,584720.0,12.923076923076923,109.29230769230767,1,0,0,0,0,0,0,0,0,0,0,0,0,0,0,1,0,25.056629,121.525492,0,20,20,15,10,20,1,0,0,1
2254,敬業三路162巷31~60號,47.09,10.0,4,21,155.47,2,2,2,1,29080000,187046,RPQUMLQLRHPFFCA86DA,1,1,0,109,575526.1538461539,144.8923076923077,478.36923076923074,1,0,0,0,0,0,0,0,0,0,0,0,0,0,0,1,0,25.079056,121.557962,0,3,6,2,9,12,2,1,0,0
2255,長安東路一段31~60號,31.0,7.0,4,41,162.72,2,1,1,1,24750000,152102,RPXPMLSJRHPFFCA07DA,1,1,0,109,468006.1538461538,95.38461538461539,500.67692307692306,1,0,0,0,0,0,0,0,0,0,0,0,0,0,0,1,0,25.0493889,121.5240003,0,20,20,9,11,20,0,0,0,0
2256,雙城街4巷1~30號,11.06,7.0,4,27,80.97,1,1,1,1,15460000,190935,RPQNMLKLQHPFFCA08DA,1,1,0,109,587492.3076923076,34.03076923076923,249.1384615384615,1,0,0,0,0,0,0,0,0,0,0,0,0,0,0,1,0,25.0633268,121.5243751,0,20,20,20,11,20,2,2,2,1
2257,民權東路二段71巷1~30號,23.0,4.0,3,53,64.95,3,1,1,0,10600000,163202,RPVNMLQLRHPFFCA66DA,1,1,0,109,502160.0,70.76923076923077,199.84615384615384,1,0,0,0,0,0,0,0,0,0,0,0,0,1,0,0,0,25.0629182,121.5318183,0,12,20,12,9,20,0,0,1,18
2258,林森北路121~150號,4.8,15.0,4,13,55.68000000000001,1,1,1,1,12500000,224457,RPTNMLSLRHPFFCA66DA,1,2,1,109,690636.923076923,14.769230769230768,171.32307692307694,1,0,0,0,0,0,0,0,0,0,0,0,1,0,0,0,0,25.0507481,121.5252106,0,20,20,10,10,20,0,0,0,0
2259,建國北路一段121~150號,3.97,13.0,4,11,31.07,1,1,1,1,8700000,280013,RPRQMLSKRHPFFCA66DA,1,1,0,109,861578.4615384615,12.215384615384616,95.6,1,0,0,0,0,0,0,0,0,0,0,0,1,0,0,0,0,25.0515458,121.5370066,1,20,20,12,10,20,1,3,1,0
2260,林森北路121~150號,2.49,15.0,4,13,30.17,1,1,1,1,6850000,227047,RPQQMLSLRHPFFCA76EA,1,1,0,109,698606.1538461539,7.661538461538462,92.83076923076923,1,0,0,0,0,0,0,0,0,0,0,0,1,0,0,0,0,25.0507481,121.5252106,0,20,20,10,10,20,0,0,0,0
2261,新生北路二段68巷1~30號,3.24,12.0,4,13,35.02,1,1,1,1,7200000,205597,RPXNNLQLRHPFFCA07EA,1,1,0,109,632606.1538461539,9.96923076923077,107.75384615384615,1,0,0,0,0,0,0,0,0,0,0,0,1,0,0,0,0,25.056497,121.526841,0,20,20,11,11,20,1,0,0,0
2262,長安東路二段181~210號,4.38,12.0,4,38,41.36,1,1,1,1,7750000,187379,RPRNMLSLRHPFFCA56EA,1,1,0,109,576550.7692307692,13.476923076923077,127.26153846153845,1,0,0,0,0,0,0,0,0,0,0,0,1,0,0,0,0,25.0484442,121.5425594,0,20,20,10,8,20,3,3,1,0
2263,建國北路二段151巷1~30號,18.25,14.0,4,39,141.44,3,2,2,1,25000000,176753,RPOQMLMLRHPFFCA58EA,1,1,0,109,543855.3846153846,56.15384615384615,435.2,1,0,0,0,0,0,0,0,0,0,0,0,1,0,0,0,0,25.0618227,121.5376496,0,19,20,9,8,20,1,0,0,19
2264,天祥路61~90號,4.03,14.0,4,17,43.58,3,1,1,1,11500000,263883,RPTQMLQKRHPFFCA76EA,1,1,0,109,811947.6923076923,12.4,134.09230769230768,1,0,0,0,0,0,0,0,0,0,0,0,1,0,0,0,0,25.0634043,121.5208559,0,20,20,19,12,20,2,3,1,1
2265,明水路631~660號,21.37,9.0,4,14,103.48,1,1,1,1,22000000,225149,RPXQMLQKRHPFFCA17EA,1,1,1,109,692766.1538461539,65.75384615384615,318.4,1,0,0,0,0,0,0,0,0,0,0,0,0,0,0,1,0,25.0825588,121.5509111,0,16,13,1,6,18,1,0,1,0
2266,松江路77巷1~30號,4.65,11.0,4,17,25.93,1,1,1,1,9080000,350174,RPTOMLTLRHPFFCA96EA,2,1,0,109,1077458.4615384615,14.307692307692308,79.78461538461538,1,0,0,0,0,0,0,0,0,0,0,0,1,0,0,0,0,25.0497037,121.5339815,1,20,20,12,9,20,1,3,1,0
2267,林森北路391~420號,2.67,12.0,4,39,32.01,0,0,0,1,3800000,118713,RPQNMLKMRHPFFCA38EA,1,1,0,109,365270.7692307692,8.215384615384615,98.49230769230768,1,0,0,0,0,0,0,0,0,0,0,0,1,0,0,0,0,25.056629,121.525492,0,20,20,15,10,20,1,0,0,1
2268,復興北路421~450號,7.26,12.0,4,13,42.51,1,1,1,1,11630000,273583,RPPPMLSLRHPFFCA09DA,2,1,1,109,841793.8461538461,22.338461538461537,130.79999999999998,1,0,0,0,0,0,0,0,0,0,0,0,1,0,0,0,0,25.0632342,121.5444647,0,20,19,5,4,6,1,2,1,0
2269,林森北路511~540號,4.43,14.0,4,16,48.120000000000005,1,1,1,1,12550000,260806,RPROMLSLRHPFFCA56DA,1,1,0,109,802480.0,13.63076923076923,148.06153846153848,1,0,0,0,0,0,0,0,0,0,0,0,1,0,0,0,0,25.056629,121.525492,0,20,20,15,10,20,1,0,0,1
2270,民生東路一段1~30號,5.01,12.0,4,15,60.07000000000001,0,0,0,1,12380000,270378,RPUNMLTLRHPFFCA86DA,1,1,1,109,831932.3076923076,15.415384615384614,184.83076923076925,1,0,0,0,0,0,0,0,0,0,0,0,1,0,0,0,0,25.0579831,121.5250958,0,20,20,16,12,20,0,1,1,1
2271,建國北路一段33巷31~60號,33.1,5.0,4,43,125.42,1,4,1,0,19500000,155478,RPSRMLSLRHPFFCA96DA,1,1,0,109,478393.8461538461,101.84615384615385,385.9076923076923,1,0,0,0,0,0,0,0,0,0,0,0,0,1,0,0,0,25.0478385,121.5393649,0,20,14,9,7,20,2,1,0,0
2272,中山北路二段121~150號,15.99,13.0,4,1,173.63,3,2,2,1,54380000,343287,RPQNMLQLRHPFFCA78DA,1,2,1,108,1056267.6923076923,49.199999999999996,534.2461538461538,1,0,0,0,0,0,0,0,0,0,0,0,1,0,0,0,0,25.0612094,121.5231156,0,20,20,20,12,20,2,2,3,1
2273,新生北路二段61~90號,28.72,12.0,4,37,199.97000000000003,3,2,2,1,32680000,163425,RPQNMLLJRHPFFCA08DA,2,1,1,109,502846.1538461538,88.36923076923077,615.2923076923078,1,0,0,0,0,0,0,0,0,0,0,0,1,0,0,0,0,25.0562845,121.5277511,0,20,20,9,13,20,1,0,0,0
2274,民生東路一段31~60號,7.05,12.0,4,36,81.53999999999999,1,1,1,1,13580000,166544,RPVNMLLJRHPFFCA58DA,1,1,0,109,512443.0769230769,21.69230769230769,250.89230769230767,1,0,0,0,0,0,0,0,0,0,0,0,1,0,0,0,0,25.0582147,121.5252053,0,20,20,16,12,20,0,1,1,1
2275,中山北路二段84巷1~30號,8.2,12.0,4,33,122.53999999999999,2,1,2,1,23680000,193243,RPVNNLQLRHPFFCA76DA,3,1,0,109,594593.8461538461,25.230769230769226,377.0461538461538,1,0,0,0,0,0,0,0,0,0,0,0,1,0,0,0,0,25.0575959,121.5224752,0,20,20,16,9,20,0,0,1,1
2276,長安東路二段61~90號,58.59,11.0,4,30,542.89,10,0,3,1,81500000,150122,RPWNMLKMRHPFFCA88DA,2,1,3,109,461913.8461538461,180.27692307692308,1670.430769230769,1,0,0,0,0,0,0,0,0,0,0,0,1,0,0,0,0,25.0484255,121.5303443,1,20,20,12,9,20,1,2,1,0
2277,農安街1~30號,4.03,14.0,4,12,68.42,0,0,0,1,13720000,200526,RPWNMLLJIIPFFCA87DA,1,1,0,109,617003.0769230769,12.4,210.52307692307693,1,0,0,0,0,0,0,0,0,0,0,0,1,0,0,0,0,25.0650285,121.523401,0,20,20,18,9,20,2,2,2,1
2278,中山北路二段65巷1~30號,13.37,12.0,4,1,137.34,0,0,0,1,31000000,293078,RPROMLOLRHPFFCA78DA,1,1,1,109,901778.4615384615,41.138461538461534,422.5846153846154,1,0,0,0,0,0,0,0,0,0,0,0,1,0,0,0,0,25.0571759,121.52326,0,20,20,15,8,20,0,0,1,1
2279,中山北路二段65巷1~30號,14.35,12.0,4,1,152.29,0,0,0,1,31100000,254565,RPTOMLOLRHPFFCA98DA,1,1,1,109,783276.923076923,44.15384615384615,468.58461538461535,1,0,0,0,0,0,0,0,0,0,0,0,1,0,0,0,0,25.0571759,121.52326,0,20,20,15,8,20,0,0,1,1
2280,松江路63巷1~30號,20.68,5.0,4,25,61.05,1,1,1,0,13650000,223587,RPTQMLOLRHPFFCA56DA,1,2,0,109,687960.0,63.630769230769225,187.84615384615384,1,0,0,0,0,0,0,0,0,0,0,0,0,0,0,1,0,25.0490479,121.5335369,1,20,20,11,8,20,1,3,1,0
2281,林森北路85巷1~30號,9.16,5.0,4,34,41.16,1,1,1,1,4000000,97182,RPUPMLKMRHPFFCA98EA,1,1,0,109,299021.53846153844,28.184615384615384,126.64615384615384,1,0,0,0,0,0,0,0,0,0,0,0,0,0,0,1,0,25.0498693,121.5251226,0,20,20,10,9,20,0,0,0,0
2282,長安東路一段56巷1弄31~60號,33.32,7.0,4,2,162.76999999999998,2,2,1,1,32660000,220934,RPUNMLKMRHPFFCA78EA,2,1,1,109,679796.923076923,102.52307692307691,500.83076923076914,1,0,0,0,0,0,0,0,0,0,0,0,0,0,0,1,0,25.0471549,121.5298445,1,15,20,11,11,20,2,1,0,0
2283,北安路811~840號,5.64,14.0,4,11,44.66,1,0,1,1,11200000,250784,RPWNMLKMRHPFFCA98EA,2,1,0,109,771643.0769230769,17.353846153846153,137.4153846153846,1,0,0,0,0,0,0,0,0,0,0,0,1,0,0,0,0,25.085196,121.5554409,0,6,6,1,4,18,1,0,1,0
2284,中山北路二段115巷1~30號,4.39,6.0,4,42,20.17,1,0,1,1,4300000,213188,RPXNMLPJIIPFFCA48EA,2,1,0,109,655963.0769230769,13.507692307692306,62.06153846153846,1,0,0,0,0,0,0,0,0,0,0,0,0,0,0,1,0,25.0610459,121.5234886,0,20,20,20,12,20,2,1,3,1
2285,錦西街1~30號,23.19,14.0,4,9,251.91,0,2,0,1,59000000,246360,RPVQMLQKRHPFFCA96EA,1,1,2,109,758030.7692307692,71.35384615384615,775.1076923076922,1,0,0,0,0,0,0,0,0,0,0,0,1,0,0,0,0,25.0603714,121.5225367,0,20,20,20,12,20,0,2,3,1
2286,林森北路399巷1~30號,118.0,1.0,2,35,82.81,1,1,1,0,106880000,1290665,RPUPMLMLRHPFFCA09EA,1,1,0,109,3971276.923076923,363.07692307692304,254.8,1,0,0,0,0,0,0,0,0,0,0,0,0,0,0,0,1,25.059267,121.5256771,0,20,20,20,11,20,2,1,1,1
2287,復興南路一段31~60號,4.33,12.0,4,40,44.16,1,1,1,1,10820000,245018,RPVPMLMLRHPFFCA56EA,1,1,0,109,753901.5384615384,13.323076923076924,135.87692307692305,1,0,0,0,0,0,0,0,0,0,0,0,1,0,0,0,0,25.0463947,121.5441547,0,20,20,10,11,20,2,1,0,0
2288,長春路241~270號,4.78,12.0,4,13,50.69,2,1,1,1,11700000,230815,RPXPMLMLRHPFFCA76EA,1,1,0,109,710200.0,14.707692307692309,155.96923076923076,1,0,0,0,0,0,0,0,0,0,0,0,1,0,0,0,0,25.054837,121.5393235,1,20,20,4,14,20,1,2,0,0
2289,民權東路二段31~60號,26.42,12.0,4,8,285.28999999999996,0,1,2,1,54000000,247650,RPTPMLMLRHPFFCA98EA,2,1,2,109,762000.0,81.29230769230769,877.8153846153845,1,0,0,0,0,0,0,0,0,0,0,0,1,0,0,0,0,25.062792,121.529399,0,10,20,14,11,20,2,1,1,0
2290,中山北路二段93巷1~30號,33.79,12.0,4,8,355.69000000000005,5,2,2,1,68000000,191178,RPSQMLQKRHPFFCA66EA,1,1,2,109,588240.0,103.96923076923076,1094.4307692307693,1,0,0,0,0,0,0,0,0,0,0,0,1,0,0,0,0,25.0594195,121.5233012,0,20,20,18,10,20,0,1,2,1
2291,新生北路一段61~90號,6.48,12.0,4,21,43.620000000000005,1,1,1,1,8500000,194865,RPOPMLPJIIPFFCA77EA,1,1,0,109,599584.6153846154,19.93846153846154,134.21538461538464,1,0,0,0,0,0,0,0,0,0,0,0,1,0,0,0,0,25.0491044,121.5292611,1,20,20,10,9,20,1,2,0,0
2292,中山北路二段115巷1~30號,35.25,4.0,4,45,116.62,0,1,2,0,27250000,233665,RPPOMLPJIIPFFCA67DA,1,1,0,109,718969.2307692308,108.46153846153845,358.83076923076925,1,0,0,0,0,0,0,0,0,0,0,0,0,1,0,0,0,25.0610459,121.5234886,0,20,20,20,12,20,2,1,3,1
2293,農安街1~30號,14.05,12.0,4,21,119.07,2,2,2,0,22680000,190476,RPRNMLNJIIPFFCA57DA,1,1,1,109,586080.0,43.23076923076923,366.36923076923074,1,0,0,0,0,0,0,0,0,0,0,0,1,0,0,0,0,25.0650285,121.523401,0,20,20,18,9,20,2,2,2,1
2294,民生東路三段61~90號,27.36,14.0,4,35,131.69,3,2,2,1,25500000,193637,RPSNMLPJIIPFFCA87DA,1,1,0,109,595806.1538461539,84.18461538461538,405.2,1,0,0,0,0,0,0,0,0,0,0,0,1,0,0,0,0,25.058052,121.5412263,0,20,20,7,10,20,0,0,1,0
2295,興安街80巷1~30號,23.5,4.0,4,51,79.86,3,2,1,0,16500000,206612,RPRPMLSLRHPFFCA66DA,1,1,0,109,635729.2307692308,72.3076923076923,245.72307692307692,1,0,0,0,0,0,0,0,0,0,0,0,0,1,0,0,0,25.0557095,121.5413624,0,20,20,5,16,20,0,0,1,0
2296,長安東路一段56巷7弄1~30號,27.56,5.0,4,2,139.92000000000002,3,2,2,1,26580000,189966,RPXOMLKKQHPFFCA78DA,1,1,1,109,584510.7692307692,84.8,430.523076923077,1,0,0,0,0,0,0,0,0,0,0,0,0,0,0,1,0,25.0475524,121.5290038,1,16,20,9,8,20,1,1,0,0
2297,民權西路61~90號,19.72,15.0,4,4,312.03999999999996,0,0,0,1,87200000,320672,RPQNMLTJRHPFFCA88DA,1,1,2,109,986683.0769230769,60.676923076923075,960.1230769230767,1,0,0,0,0,0,0,0,0,0,0,0,1,0,0,0,0,25.0630441,121.5201991,0,20,20,16,13,20,3,3,1,0
2298,五常街11巷1~30號,13.57,17.0,4,2,123.16,2,1,1,1,24300000,252158,RPQNMLLKRHPFFCA18DA,2,1,1,109,775870.7692307692,41.753846153846155,378.95384615384614,1,0,0,0,0,0,0,0,0,0,0,0,1,0,0,0,0,25.0645708,121.5377789,0,7,19,2,4,18,1,0,0,20
2299,合江街180巷1~30號,25.16,7.0,4,44,142.32,2,2,1,0,32200000,226251,RPPNMLKMRHPFFCA18DA,1,1,0,109,696156.923076923,77.41538461538461,437.9076923076923,1,0,0,0,0,0,0,0,0,0,0,0,0,0,0,1,0,25.0611879,121.5390886,0,16,20,7,8,20,1,1,0,16
2300,農安街1~30號,4.32,11.0,4,17,37.15,1,1,1,1,10600000,285330,RPTNMLQJIIPFFCA08DA,1,1,0,109,877938.4615384615,13.292307692307693,114.30769230769229,1,0,0,0,0,0,0,0,0,0,0,0,1,0,0,0,0,25.0650285,121.523401,0,20,20,18,9,20,2,2,2,1
2301,德惠街31~60號,6.64,10.0,4,43,58.77,3,1,1,1,11000000,187170,RPOOMLPJIIPFFCA57DA,1,1,0,109,575907.6923076923,20.43076923076923,180.83076923076922,1,0,0,0,0,0,0,0,0,0,0,0,0,0,0,1,0,25.0667707,121.5265786,0,11,20,15,15,20,2,0,1,1
2302,雙城街23巷1~30號,30.71,6.0,4,46,183.37,4,2,2,1,30000000,163604,RPRPMLPJIIPFFCA08EA,1,1,0,109,503396.92307692306,94.49230769230769,564.2153846153847,1,0,0,0,0,0,0,0,0,0,0,0,0,0,0,1,0,25.0659131,121.5245919,0,18,20,16,8,20,2,2,1,1
2303,長安東路二段91~120號,6.06,13.0,4,13,57.69,1,2,1,1,11600000,234282,RPSPMLQJIIPFFCA28EA,2,1,1,109,720867.6923076923,18.646153846153844,177.50769230769228,1,0,0,0,0,0,0,0,0,0,0,0,1,0,0,0,0,25.0484276,121.5347191,1,20,19,11,9,20,1,2,1,0
2304,中山北路二段72巷1~30號,9.92,10.0,4,13,62.86,2,1,1,1,14000000,222717,RPPQMLQJIIPFFCA08EA,1,1,0,109,685283.0769230769,30.52307692307692,193.4153846153846,1,0,0,0,0,0,0,0,0,0,0,0,0,0,0,1,0,25.0572664,121.5224366,0,20,20,16,9,20,0,0,1,1
2305,松江路133巷31~60號,8.19,8.0,4,17,38.41,1,1,1,1,9450000,246030,RPQQMLQJIIPFFCA18EA,1,1,0,109,757015.3846153846,25.2,118.18461538461537,1,0,0,0,0,0,0,0,0,0,0,0,0,0,0,1,0,25.0543715,121.5331495,1,20,20,9,12,20,2,3,1,0
2306,民權東路一段61~90號,4.98,12.0,4,41,51.800000000000004,1,1,1,1,8400000,162162,RPROMLPJIIPFFCA97EA,1,1,0,109,498960.0,15.323076923076924,159.3846153846154,1,0,0,0,0,0,0,0,0,0,0,0,1,0,0,0,0,25.0629119,121.525043,0,20,20,20,13,20,2,2,1,1
2307,林森北路451~480號,3.42,10.0,4,25,57.17,0,0,0,1,5750000,100577,RPXNMLRJIIPFFCA68EA,1,1,1,109,309467.6923076923,10.523076923076923,175.90769230769232,1,0,0,0,0,0,0,0,0,0,0,0,0,0,0,1,0,25.056629,121.525492,0,20,20,15,10,20,1,0,0,1
2308,長安東路一段30巷8弄1~30號,37.01,11.0,4,10,190.41,2,1,1,0,41840000,231466,RPQPMLMLRHPFFCA68EA,2,1,1,109,712203.0769230769,113.87692307692306,585.876923076923,1,0,0,0,0,0,0,0,0,0,0,0,1,0,0,0,0,25.0479922,121.5260316,1,20,20,7,6,20,1,0,1,0
2309,新生北路二段61~90號,4.9,12.0,4,49,37.98,1,2,1,1,6600000,173776,RPRPMLMLRHPFFCA78EA,1,1,0,109,534695.3846153846,15.076923076923077,116.86153846153844,1,0,0,0,0,0,0,0,0,0,0,0,1,0,0,0,0,25.0562845,121.5277511,0,20,20,9,13,20,1,0,0,0
2310,復興北路511~540號,86.72,7.0,4,38,228.97,2,2,3,1,48000000,209634,RPRPMLPLRHPFFCA09EA,9,2,0,109,645027.6923076923,266.8307692307692,704.5230769230769,1,0,0,0,0,0,0,0,0,0,0,0,0,0,0,1,0,24.1153618,120.6499348,0,3,6,3,1,2,0,0,1,0
2311,建國北路一段121~150號,4.49,13.0,4,11,72.97,1,1,1,1,10780000,262717,RPUPMLRJIIPFFCA58EA,1,1,1,109,808360.0,13.815384615384616,224.5230769230769,1,0,0,0,0,0,0,0,0,0,0,0,1,0,0,0,0,25.0515458,121.5370066,1,20,20,12,10,20,1,3,1,0
2312,農安街31~60號,8.27,10.0,4,42,72.33,2,2,2,1,11930000,164938,RPPRMLRJIIPFFCA28EA,1,1,0,109,507501.53846153844,25.446153846153845,222.55384615384614,1,0,0,0,0,0,0,0,0,0,0,0,0,0,0,1,0,25.0650091,121.5250094,0,20,20,19,11,20,2,2,1,1
2313,農安街227巷3弄1~30號,21.68,7.0,4,36,140.98,0,0,0,1,28000000,198610,RPRPMLRJIIPFFCA28EA,2,2,0,109,611107.6923076923,66.7076923076923,433.78461538461534,1,0,0,0,0,0,0,0,0,0,0,0,0,0,0,1,0,25.0652509,121.5340077,0,4,20,3,8,20,0,0,0,20
2314,長春路1~30號,4.64,12.0,4,37,49.870000000000005,1,1,1,1,8580000,172047,RPXOMLSJIIPFFCA88EA,1,1,0,109,529375.3846153846,14.276923076923076,153.44615384615386,1,0,0,0,0,0,0,0,0,0,0,0,1,0,0,0,0,25.054741,121.542881,0,20,20,9,17,20,0,0,1,0
2315,林森北路121~150號,4.36,15.0,4,13,53.269999999999996,2,1,1,1,11980000,224892,RPVOMLQJIIPFFCA48EA,1,1,0,109,691975.3846153846,13.415384615384616,163.9076923076923,1,0,0,0,0,0,0,0,0,0,0,0,1,0,0,0,0,25.0507481,121.5252106,0,20,20,10,10,20,0,0,0,0
2316,南京東路二段181~210號,13.87,15.0,4,11,152.3,3,2,2,1,40000000,262640,RPTNMLRJIIPFFCA18DA,2,1,1,109,808123.0769230769,42.676923076923075,468.61538461538464,1,0,0,0,0,0,0,0,0,0,0,0,1,0,0,0,0,25.0520954,121.5363533,1,20,20,13,10,20,2,3,1,0
2317,中山北路二段128巷1~30號,10.46,10.0,4,10,56.01,1,1,1,1,13100000,233887,RPWRMLQJIIPFFCA78DA,1,1,0,109,719652.3076923076,32.184615384615384,172.33846153846153,1,0,0,0,0,0,0,0,0,0,0,0,0,0,0,1,0,25.0618431,121.5220979,0,20,20,20,13,20,2,3,3,1
2318,松江路421~450號,18.29,15.0,4,15,172.44,2,2,2,1,39800000,230805,RPPOMLSLRHPFFCA98DA,4,1,1,109,710169.2307692308,56.27692307692307,530.5846153846154,1,0,0,0,0,0,0,0,0,0,0,0,1,0,0,0,0,25.065377,121.533547,0,4,20,4,7,19,0,0,0,20
2319,農安街1~30號,13.8,14.0,4,18,128.61,1,2,1,1,26350000,204883,RPSNMLNJIIPFFCA67DA,1,1,1,109,630409.2307692308,42.46153846153846,395.723076923077,1,0,0,0,0,0,0,0,0,0,0,0,1,0,0,0,0,25.0650285,121.523401,0,20,20,18,9,20,2,2,2,1
2320,新生北路三段61~90號,15.65,9.0,4,45,112.23,2,2,2,1,17300000,154148,RPXNMLQJIIPFFCA48DA,4,1,0,109,474301.53846153844,48.15384615384615,345.32307692307694,1,0,0,0,0,0,0,0,0,0,0,0,0,0,0,1,0,25.0659966,121.5280981,0,12,20,14,14,20,2,1,1,1
2321,北安路811~840號,5.71,14.0,4,11,44.989999999999995,1,1,1,1,10300000,228940,RPRNMLMJIIPFFCA47DA,2,1,0,109,704430.7692307692,17.569230769230767,138.43076923076922,1,0,0,0,0,0,0,0,0,0,0,0,1,0,0,0,0,25.085196,121.5554409,0,6,6,1,4,18,1,0,1,0
2322,民生東路三段91~120號,27.36,15.0,4,35,131.52,3,2,2,1,25750000,195788,RPTRMLRJIIPFFCA58DA,1,1,0,109,602424.6153846154,84.18461538461538,404.6769230769231,1,0,0,0,0,0,0,0,0,0,0,0,1,0,0,0,0,25.0580314,121.5445184,0,20,20,8,13,20,0,1,1,0
2323,中山北路二段42巷1~30號,7.13,8.0,4,2,36.949999999999996,1,1,1,1,11400000,308525,RPPRMLRJIIPFFCA18DA,1,1,0,109,949307.6923076923,21.93846153846154,113.69230769230768,1,0,0,0,0,0,0,0,0,0,0,0,0,0,0,1,0,25.0545879,121.520821,0,20,20,13,9,20,1,2,2,1
2324,民權東路三段61~90號,17.8,19.0,4,35,177.60999999999999,3,2,2,1,36600000,206069,RPWOMLSJIIPFFCA78EA,1,1,0,109,634058.4615384615,54.76923076923077,546.4923076923076,1,0,0,0,0,0,0,0,0,0,0,0,1,0,0,0,0,25.0625501,121.5432045,0,20,18,5,8,7,1,2,1,0
2325,建國北路一段124巷1~30號,29.12,16.0,4,25,195.0,3,2,2,1,13000000,66667,RPSNMLMKIIPFFCA77EA,1,1,1,109,205129.23076923075,89.6,600.0,1,0,0,0,0,0,0,0,0,0,0,0,1,0,0,0,0,25.0508764,121.5356073,0,20,20,13,11,20,1,5,1,0
2326,民權東路一段31~60號,4.23,12.0,4,14,36.73,2,1,1,1,8500000,231418,RPORMLMKIIPFFCA77EA,1,1,0,109,712055.3846153846,13.015384615384617,113.0153846153846,1,0,0,0,0,0,0,0,0,0,0,0,1,0,0,0,0,25.0629946,121.5241052,0,20,20,20,11,20,2,2,2,2
2327,中原街31~60號,20.13,7.0,4,44,133.95,16,4,15,1,17500000,130656,RPPNMLSJIIPFFCA97EA,1,1,0,109,402018.4615384615,61.93846153846153,412.15384615384613,1,0,0,0,0,0,0,0,0,0,0,0,0,0,0,1,0,25.0085632,121.4896498,0,3,8,0,2,9,0,0,1,0
2328,中原街31~60號,20.13,7.0,4,44,133.95,16,4,15,1,17500000,130656,RPQNMLSJIIPFFCA08EA,1,1,0,109,402018.4615384615,61.93846153846153,412.15384615384613,1,0,0,0,0,0,0,0,0,0,0,0,0,0,0,1,0,25.0085632,121.4896498,0,3,8,0,2,9,0,0,1,0
2329,錦西街1~30號,96.06,2.0,3,35,129.85,0,0,0,0,56500000,435117,RPUQMLRJIIPFFCA68EA,8,1,0,109,1338821.5384615385,295.5692307692308,399.5384615384615,1,0,0,0,0,0,0,0,0,0,0,0,0,1,0,0,0,25.0603714,121.5225367,0,20,20,20,12,20,0,2,3,1
2330,林森北路67巷61~90號,23.25,4.0,3,35,79.73,3,2,1,0,7000000,87796,RPWQMLRJIIPFFCA88EA,1,1,0,109,270141.53846153844,71.53846153846153,245.32307692307694,1,0,0,0,0,0,0,0,0,0,0,0,0,1,0,0,0,25.04837,121.5265,1,20,20,7,8,20,1,1,0,0
2331,長春路61~90號,2.6,12.0,4,41,22.5,1,0,1,1,4000000,177778,RPORMLMLRHPFFCA68EA,1,1,0,109,547009.2307692308,8.0,69.23076923076923,1,0,0,0,0,0,0,0,0,0,0,0,1,0,0,0,0,25.0550126,121.5262836,0,20,20,9,8,20,1,0,0,0
2332,中原街1~30號,97.0,3.0,3,35,221.13,2,3,3,0,48500000,219328,RPWQMLMLRHPFFCA76EA,1,3,0,109,674855.3846153846,298.46153846153845,680.4,1,0,0,0,0,0,0,0,0,0,0,0,0,1,0,0,0,25.0077638,121.4915665,0,0,7,0,1,5,0,0,1,0
2333,民生東路一段61~90號,6.19,5.0,4,43,29.61,1,1,1,0,4300000,145221,RPOOMLMKIIPFFCA47EA,3,1,0,109,446833.8461538461,19.046153846153846,91.1076923076923,1,0,0,0,0,0,0,0,0,0,0,0,0,1,0,0,0,25.0581862,121.5265178,0,20,20,17,7,20,0,1,0,1
2334,林森北路107巷61~90號,5.94,7.0,4,45,28.94,1,0,1,1,4700000,162405,RPOQMLMKIIPFFCA67EA,1,1,0,109,499707.6923076923,18.276923076923076,89.04615384615384,1,0,0,0,0,0,0,0,0,0,0,0,0,0,0,1,0,25.0499592,121.5271009,1,20,20,8,9,20,1,2,0,0
2335,林森北路631~660號,3.67,10.0,4,17,30.990000000000002,0,0,1,1,5500000,177477,RPQNMLNKIIPFFCA67EA,1,1,0,109,546083.0769230769,11.292307692307691,95.35384615384616,1,0,0,0,0,0,0,0,0,0,0,0,0,0,0,1,0,25.056629,121.525492,0,20,20,15,10,20,1,0,0,1
2336,大直街1~30號,32.38,4.0,4,46,105.09,3,2,2,0,19100000,181749,RPUQMLMKIIPFFCA18DA,1,1,0,109,559227.6923076923,99.63076923076923,323.3538461538462,1,0,0,0,0,0,0,0,0,0,0,0,0,1,0,0,0,25.0803004,121.5470179,0,8,13,1,8,3,2,1,1,0
2337,明水路691~720號,16.22,12.0,4,13,74.02,0,0,0,1,15000000,202621,RPQNMLTJIIPFFCA08DA,1,1,1,109,623449.2307692308,49.9076923076923,227.75384615384613,1,0,0,0,0,0,0,0,0,0,0,0,1,0,0,0,0,25.0849589,121.5509316,0,16,6,1,6,15,0,0,1,0
2338,松江路469巷31~60號,23.12,11.0,4,33,162.52,4,2,2,1,30300000,186439,RPVOMLLLRHPFFCA88DA,1,1,0,109,573658.4615384615,71.13846153846154,500.0615384615385,1,0,0,0,0,0,0,0,0,0,0,0,1,0,0,0,0,25.0659246,121.5347977,0,3,17,2,4,18,0,0,0,20
2339,中山北路二段121~150號,15.99,13.0,4,1,173.63,3,2,2,1,51070000,314659,RPWNMLQLRHPFFCA76DA,1,2,1,107,968181.5384615384,49.199999999999996,534.2461538461538,1,0,0,0,0,0,0,0,0,0,0,0,1,0,0,0,0,25.0612094,121.5231156,0,20,20,20,12,20,2,2,3,1
2340,長安東路二段61~90號,6.18,12.0,4,38,77.27,0,0,0,1,12820000,165912,RPPRMLMJRHPFFCA48DA,1,1,0,109,510498.4615384615,19.015384615384615,237.75384615384613,1,0,0,0,0,0,0,0,0,0,0,0,1,0,0,0,0,25.0484255,121.5303443,1,20,20,12,9,20,1,2,1,0
2341,長安東路二段61~90號,5.62,12.0,4,38,70.41,0,0,0,1,11680000,165886,RPQRMLMJRHPFFCA58DA,1,1,0,109,510418.4615384615,17.29230769230769,216.64615384615382,1,0,0,0,0,0,0,0,0,0,0,0,1,0,0,0,0,25.0484255,121.5303443,1,20,20,12,9,20,1,2,1,0
2342,中山北路二段65巷1~30號,15.54,12.0,4,1,153.10000000000002,2,2,2,1,36000000,298268,RPTSMLTJRHPFFCA07DA,1,1,1,109,917747.6923076923,47.81538461538461,471.07692307692315,1,0,0,0,0,0,0,0,0,0,0,0,1,0,0,0,0,25.0571759,121.52326,0,20,20,15,8,20,0,0,1,1
2343,民生東路二段61~90號,8.6,7.0,4,41,46.64,1,1,1,0,7000000,150086,RPVNMLRKQHPFFCA56DA,1,1,0,109,461803.0769230769,26.46153846153846,143.5076923076923,1,0,0,0,0,0,0,0,0,0,0,0,0,1,0,0,0,25.058163,121.5297391,0,20,20,13,9,20,1,0,1,0
2344,中山北路二段65巷1~30號,16.2,12.0,4,1,164.39,2,2,2,1,32600000,241746,RPXOMLPJIIPFFCA48DA,1,1,1,109,743833.8461538461,49.84615384615384,505.8153846153846,1,0,0,0,0,0,0,0,0,0,0,0,1,0,0,0,0,25.0571759,121.52326,0,20,20,15,8,20,0,0,1,1
2345,中山北路二段77巷1~30號,14.22,13.0,4,4,143.13,2,2,1,1,34000000,329270,RPOQMLPJIIPFFCA77DA,1,1,1,109,1013138.4615384615,43.753846153846155,440.4,1,0,0,0,0,0,0,0,0,0,0,0,1,0,0,0,0,25.0576596,121.5230491,0,20,20,17,10,20,0,0,1,1
2346,新生北路二段31~60號,6.07,17.0,4,25,61.71,2,2,1,1,12360000,200292,RPTRMLQJIIPFFCA48DA,1,1,0,109,616283.0769230769,18.676923076923078,189.87692307692308,1,0,0,0,0,0,0,0,0,0,0,0,1,0,0,0,0,25.0542013,121.5278274,0,20,20,9,11,20,1,1,0,0
2347,敬業三路162巷31~60號,43.31,12.0,4,21,142.87,3,2,2,1,23080000,161545,RPPNMLNKIIPFFCA47DA,1,1,0,109,497061.53846153844,133.26153846153846,439.6,1,0,0,0,0,0,0,0,0,0,0,0,1,0,0,0,0,25.079056,121.557962,0,3,6,2,9,12,2,1,0,0
2348,松江路63巷1~30號,25.31,5.0,4,25,71.6,2,2,1,0,17400000,243017,RPPUMLMKIIPFFCA08DA,1,1,0,109,747744.6153846154,77.87692307692308,220.3076923076923,1,0,0,0,0,0,0,0,0,0,0,0,0,0,0,1,0,25.0490479,121.5335369,1,20,20,11,8,20,1,3,1,0
2349,復興北路421~450號,7.51,12.0,4,13,43.78,1,1,1,1,10700000,244404,RPURMLNKIIPFFCA38DA,2,1,0,109,752012.3076923076,23.107692307692307,134.7076923076923,1,0,0,0,0,0,0,0,0,0,0,0,1,0,0,0,0,25.0632342,121.5444647,0,20,19,5,4,6,1,2,1,0
2350,吉林路241~270號,27.04,7.0,4,7,122.33000000000001,3,2,2,1,28100000,229707,RPWQMLNKIIPFFCA58EA,1,1,0,109,706790.7692307692,83.19999999999999,376.40000000000003,1,0,0,0,0,0,0,0,0,0,0,0,0,0,0,1,0,25.051276,121.5299271,1,20,20,11,10,20,2,2,1,0
2351,北安路608巷4弄1~30號,33.19,5.0,4,30,135.91,0,0,0,1,27000000,198661,RPTRMLNKIIPFFCA38EA,1,1,0,109,611264.6153846154,102.12307692307691,418.18461538461537,1,0,0,0,0,0,0,0,0,0,0,0,0,0,0,1,0,25.0819149,121.5492851,0,16,15,3,8,14,2,0,1,0
2352,合江街188巷1~30號,22.69,7.0,4,43,117.85,2,2,2,0,22800000,193466,RPQQMLMKIIPFFCA87EA,1,1,0,109,595280.0,69.81538461538462,362.6153846153846,1,0,0,0,0,0,0,0,0,0,0,0,0,0,0,1,0,25.0615307,121.5390991,0,16,20,6,8,20,1,1,0,18
2353,錦州街157巷1~30號,292.0,7.0,4,45,1441.14,24,7,12,1,190000000,131840,RPXQMLMLRHPFFCA86EA,1,8,4,109,405661.53846153844,898.4615384615385,4434.276923076924,1,0,0,0,0,0,0,0,0,0,0,0,0,0,0,1,0,25.0605781,121.5297974,0,20,20,13,8,20,2,1,2,1
2354,松江路170巷1~30號,41.18,8.0,4,15,241.71,4,2,2,1,58300000,275344,RPVQMLMLRHPFFCA66EA,2,1,1,109,847212.3076923076,126.7076923076923,743.723076923077,1,0,0,0,0,0,0,0,0,0,0,0,0,0,0,1,0,25.0561997,121.5331293,1,20,20,9,12,20,2,2,2,0
2355,撫順街41巷1~30號,3.33,6.0,4,39,18.92,1,1,1,1,2700000,142631,RPSOMLNKIIPFFCA97EA,1,1,0,109,438864.6153846154,10.246153846153845,58.21538461538462,1,0,0,0,0,0,0,0,0,0,0,0,0,0,0,1,0,25.064013,121.5193822,0,20,20,13,9,20,3,3,1,0
2356,林森北路107巷61~90號,11.22,6.0,4,27,41.82,1,1,1,1,6800000,162602,RPVQMLOKIIPFFCA58EA,1,1,0,109,500313.8461538461,34.52307692307692,128.67692307692306,1,0,0,0,0,0,0,0,0,0,0,0,0,0,0,1,0,25.0499592,121.5271009,1,20,20,8,9,20,1,2,0,0
2357,合江街170巷1~30號,27.86,5.0,4,36,122.67999999999999,3,2,2,0,18000000,146723,RPWOMLOKIIPFFCA48EA,1,1,0,109,451455.3846153846,85.72307692307692,377.476923076923,1,0,0,0,0,0,0,0,0,0,0,0,0,1,0,0,0,25.0607904,121.53893,0,17,19,8,8,20,1,0,0,16
2358,新生北路三段56巷1~30號,4.01,12.0,4,40,43.06,3,2,1,1,7300000,169531,RPQRMLOKIIPFFCA18EA,1,1,0,109,521633.8461538461,12.338461538461537,132.4923076923077,1,0,0,0,0,0,0,0,0,0,0,0,1,0,0,0,0,25.0654685,121.5273556,0,15,20,16,12,20,2,1,1,1
2359,林森北路511~540號,3.65,14.0,4,16,39.62,1,1,1,1,10100000,254922,RPWRMLOKIIPFFCA78EA,1,1,0,109,784375.3846153846,11.23076923076923,121.9076923076923,1,0,0,0,0,0,0,0,0,0,0,0,1,0,0,0,0,25.056629,121.525492,0,20,20,15,10,20,1,0,0,1
2360,松江路38巷1~30號,37.99,12.0,4,2,259.66999999999996,0,0,0,1,69060000,313514,RPOTMLOKIIPFFCA18EA,2,1,2,109,964658.4615384615,116.8923076923077,798.9846153846153,1,0,0,0,0,0,0,0,0,0,0,0,1,0,0,0,0,25.0476359,121.5325294,1,20,19,10,9,20,1,1,1,0
2361,長安東路二段151~180號,6.27,14.0,4,20,80.59,1,1,1,1,19500000,241966,RPQNMLPKIIPFFCA87EA,1,1,1,109,744510.7692307692,19.29230769230769,247.96923076923076,1,0,0,0,0,0,0,0,0,0,0,0,1,0,0,0,0,25.0483836,121.5375487,0,20,20,12,8,20,1,1,0,0
2362,民生東路一段1~30號,3.7,12.0,4,15,34.2,0,1,1,1,9160000,267836,RPVNMLPKIIPFFCA38EA,1,1,0,109,824110.7692307692,11.384615384615385,105.23076923076924,1,0,0,0,0,0,0,0,0,0,0,0,1,0,0,0,0,25.0579831,121.5250958,0,20,20,16,12,20,0,1,1,1
2363,八德路二段301~330號,50.89,13.0,4,3,298.05,3,2,2,1,87300000,328965,RPQUMLMKIIPFFCA18DA,1,1,1,109,1012200.0,156.58461538461538,917.0769230769231,1,0,0,0,0,0,0,0,0,0,0,0,1,0,0,0,0,25.047332,121.542483,0,20,20,7,11,20,3,2,0,0
2364,五常街11巷1~30號,18.59,17.0,4,2,158.32,2,2,2,1,36380000,229788,RPVSMLMKIIPFFCA48DA,2,1,1,109,707040.0,57.199999999999996,487.1384615384615,1,0,0,0,0,0,0,0,0,0,0,0,1,0,0,0,0,25.0645708,121.5377789,0,7,19,2,4,18,1,0,0,20
2365,新生北路二段133巷1~30號,20.0,5.0,4,37,75.4,3,2,1,0,7000000,92838,RPVPMLOKIIPFFCA38DA,1,1,0,109,285655.3846153846,61.53846153846153,232.0,1,0,0,0,0,0,0,0,0,0,0,0,0,1,0,0,0,25.0609472,121.5280138,0,17,20,20,9,20,2,1,1,0
2366,民權東路三段31~60號,6.06,15.0,4,37,54.12,0,1,0,1,12800000,236511,RPRNMLTLQHPFFCA09DA,1,1,0,109,727726.1538461539,18.646153846153844,166.5230769230769,1,0,0,0,0,0,0,0,0,0,0,0,1,0,0,0,0,25.0625628,121.5419482,0,20,20,5,6,9,1,2,1,0
2367,松江路541~570號,6.2,6.0,4,25,63.47,1,1,1,1,7400000,116591,RPPSMLTJRHPFFCA66DA,4,1,1,109,358741.53846153844,19.076923076923077,195.29230769230767,1,0,0,0,0,0,0,0,0,0,0,0,0,0,0,1,0,25.0698489,121.533873,0,1,3,0,5,5,2,0,0,1
2368,新生北路一段31~60號,10.65,14.0,4,33,104.57000000000001,3,2,1,1,19300000,184565,RPPQMLKKRHPFFCA28DA,1,1,0,109,567892.3076923076,32.76923076923077,321.75384615384615,1,0,0,0,0,0,0,0,0,0,0,0,1,0,0,0,0,25.0472733,121.5310045,1,14,20,11,11,20,2,1,0,0
2369,農安街1~30號,15.12,4.0,3,35,51.84,0,1,1,0,40000000,771605,RPWRMLNKPHPFFCA56DA,1,1,0,109,2374169.2307692305,46.52307692307692,159.5076923076923,1,0,0,0,0,0,0,0,0,0,0,0,0,1,0,0,0,25.0650285,121.523401,0,20,20,18,9,20,2,2,2,1
2370,五常街11巷1~30號,10.45,17.0,4,2,102.6,1,1,1,1,18500000,254027,RPQQMLKMRHPFFCA58DA,2,1,1,109,781621.5384615384,32.15384615384615,315.6923076923077,1,0,0,0,0,0,0,0,0,0,0,0,1,0,0,0,0,25.0645708,121.5377789,0,7,19,2,4,18,1,0,0,20
2371,五常街11巷1~30號,9.93,17.0,4,2,64.56,1,1,1,1,17200000,266419,RPRQMLKMRHPFFCA68DA,2,1,0,109,819750.7692307692,30.553846153846152,198.64615384615385,1,0,0,0,0,0,0,0,0,0,0,0,1,0,0,0,0,25.0645708,121.5377789,0,7,19,2,4,18,1,0,0,20
2372,建國北路三段61~90號,9.67,14.0,4,6,96.97999999999999,0,0,0,1,22800000,235100,RPSRMLRJIIPFFCA48DA,2,1,0,109,723384.6153846154,29.75384615384615,298.4,1,0,0,0,0,0,0,0,0,0,0,0,1,0,0,0,0,25.0647501,121.537375,0,6,18,2,4,18,1,0,0,20
2373,五常街11巷1~30號,13.67,17.0,4,2,89.38,2,1,1,1,21900000,245021,RPSOMLRJIIPFFCA18DA,2,1,0,109,753910.7692307692,42.06153846153846,275.0153846153846,1,0,0,0,0,0,0,0,0,0,0,0,1,0,0,0,0,25.0645708,121.5377789,0,7,19,2,4,18,1,0,0,20
2374,林森北路107巷31~60號,6.34,7.0,4,36,31.25,1,1,1,0,4800000,153600,RPPQMLOKIIPFFCA87DA,1,1,0,109,472615.3846153846,19.507692307692306,96.15384615384615,1,0,0,0,0,0,0,0,0,0,0,0,0,0,0,1,0,25.0502007,121.526122,0,20,20,7,10,20,1,0,0,0
2375,敬業三路162巷121~150號,43.31,12.0,4,21,142.65,3,2,2,1,23400000,164038,RPRSMLOKIIPFFCA28DA,1,1,1,109,504732.3076923077,133.26153846153846,438.9230769230769,1,0,0,0,0,0,0,0,0,0,0,0,1,0,0,0,0,25.0795485,121.5594401,0,3,10,2,9,18,2,1,0,0
2376,林森北路85巷31~60號,135.0,2.0,3,35,186.22,5,2,3,0,46000000,247020,RPRUMLOKIIPFFCA48DA,1,1,0,109,760061.5384615384,415.38461538461536,572.9846153846154,1,0,0,0,0,0,0,0,0,0,0,0,0,0,0,0,1,25.0496178,121.5260445,0,20,20,7,10,20,1,0,0,0
2377,新生北路三段88巷31~60號,19.6,5.0,4,44,75.33,3,2,1,0,12300000,163282,RPPNMLPKIIPFFCA67DA,1,1,0,109,502406.1538461538,60.30769230769231,231.78461538461536,1,0,0,0,0,0,0,0,0,0,0,0,0,1,0,0,0,25.0679882,121.5265624,0,11,18,12,14,16,2,0,0,1
2378,農安街125巷31~60號,27.0,4.0,3,52,77.55,3,2,2,0,13450000,173436,RPWNMLPKIIPFFCA48EA,1,1,0,109,533649.2307692308,83.07692307692308,238.61538461538458,1,0,0,0,0,0,0,0,0,0,0,0,0,1,0,0,0,25.065936,121.5299649,0,10,20,7,11,14,2,0,0,1
2379,松江路16巷1~30號,27.99,6.0,4,38,133.84,3,2,2,0,24260000,181261,RPXOMLPKIIPFFCA68EA,1,1,0,109,557726.1538461539,86.12307692307691,411.81538461538463,1,0,0,0,0,0,0,0,0,0,0,0,0,0,0,1,0,25.0467018,121.5326475,1,16,18,8,9,20,2,1,0,0
2380,南京東路三段14巷1~30號,23.84,7.0,4,11,159.5,2,2,2,1,36500000,248803,RPOPMLPKIIPFFCA87EA,2,1,1,109,765547.6923076923,73.35384615384615,490.7692307692308,1,0,0,0,0,0,0,0,0,0,0,0,0,0,0,1,0,25.0514881,121.5375963,0,20,20,11,13,20,1,3,1,0
2381,大直街94巷1弄1~30號,32.55,5.0,4,33,126.87,3,2,2,1,24180000,190589,RPUPMLPKIIPFFCA48EA,1,1,0,109,586427.6923076923,100.15384615384615,390.3692307692308,1,0,0,0,0,0,0,0,0,0,0,0,0,1,0,0,0,25.084631,121.547658,0,10,9,0,8,8,1,0,0,0
2382,新生北路二段61~90號,3.83,12.0,4,13,33.06,1,1,1,1,6660000,201452,RPVRMLOKIIPFFCA68EA,1,1,0,109,619852.3076923076,11.784615384615384,101.72307692307693,1,0,0,0,0,0,0,0,0,0,0,0,1,0,0,0,0,25.0562845,121.5277511,0,20,20,9,13,20,1,0,0,0
2383,錦西街31~60號,8.13,7.0,4,44,44.96,1,0,1,1,8800000,195730,RPOPMLPLRHPFFCA78EA,1,1,0,109,602246.1538461539,25.015384615384615,138.33846153846153,1,0,0,0,0,0,0,0,0,0,0,0,0,0,0,1,0,25.0604519,121.5207306,0,20,20,19,10,20,1,1,2,1
2384,民生東路三段31~60號,6.36,9.0,4,25,37.379999999999995,1,1,1,1,8900000,238095,RPRQMLMLRHPFFCA88EA,1,1,0,109,732600.0,19.56923076923077,115.01538461538459,1,0,0,0,0,0,0,0,0,0,0,0,0,0,0,1,0,25.0580663,121.539111,0,20,19,5,12,20,0,0,0,0
2385,松江路194巷31~60號,22.0,4.0,3,52,55.5,3,2,1,0,16680000,300541,RPWOMLPLRHPFFCA86EA,1,1,0,109,924741.5384615384,67.6923076923077,170.76923076923077,1,0,0,0,0,0,0,0,0,0,0,0,0,1,0,0,0,25.0571662,121.5317701,1,20,20,12,9,20,2,2,1,0
2386,雙城街19巷1~30號,1.77,14.0,4,13,17.0,1,1,1,1,3900000,229412,RPPRMLOKIIPFFCA08EA,2,1,0,109,705883.0769230769,5.446153846153846,52.30769230769231,1,0,0,0,0,0,0,0,0,0,0,0,1,0,0,0,0,25.0654834,121.5248079,0,20,20,17,9,20,2,2,1,1
2387,伊通街87巷1~30號,35.03,5.0,4,52,79.07,3,2,2,0,16500000,208676,RPVNMLQKIIPFFCA48EA,1,1,0,109,642080.0,107.78461538461538,243.29230769230767,1,0,0,0,0,0,0,0,0,0,0,0,0,1,0,0,0,25.0530373,121.5350479,1,20,20,9,13,20,1,3,1,0
2388,中山北路二段91~120號,11.15,14.0,4,2,126.1,2,2,1,1,30500000,259034,RPWOMLQKIIPFFCA68EA,2,1,1,109,797027.6923076923,34.30769230769231,387.99999999999994,1,0,0,0,0,0,0,0,0,0,0,0,1,0,0,0,0,25.059308,121.523262,0,20,20,19,10,20,0,1,2,1
2389,新生北路三段1~30號,3.67,14.0,4,40,36.75,0,0,0,1,6240000,169796,RPOQMLQKIIPFFCA08EA,1,1,0,109,522449.23076923075,11.292307692307691,113.07692307692307,1,0,0,0,0,0,0,0,0,0,0,0,1,0,0,0,0,25.0628897,121.5281771,0,11,20,16,10,20,2,1,1,0
2390,松江路38巷1~30號,37.76,12.0,4,2,258.68,0,0,0,1,72880000,334484,RPPQMLQKIIPFFCA18EA,2,1,2,109,1029181.5384615384,116.18461538461537,795.9384615384615,1,0,0,0,0,0,0,0,0,0,0,0,1,0,0,0,0,25.0476359,121.5325294,1,20,19,10,9,20,1,1,1,0
2391,吉林路241~270號,9.09,6.0,4,45,42.160000000000004,2,0,2,0,8550000,202799,RPQPMLPKIIPFFCA08EA,1,1,0,109,623996.923076923,27.96923076923077,129.72307692307692,1,0,0,0,0,0,0,0,0,0,0,0,0,0,0,1,0,25.051276,121.5299271,1,20,20,11,10,20,2,2,1,0
2392,復興北路151~180號,6.07,16.0,4,25,45.38,1,1,1,1,9800000,215907,RPSOMLPKIIPFFCA18EA,1,1,0,109,664329.2307692308,18.676923076923078,139.63076923076923,1,0,0,0,0,0,0,0,0,0,0,0,1,0,0,0,0,25.0536578,121.5444713,0,20,20,10,14,20,0,1,1,0
2393,林森北路511~540號,3.47,14.0,4,16,37.69,1,1,1,1,9980000,264792,RPUOMLQKIIPFFCA38DA,1,1,0,109,814744.6153846154,10.676923076923076,115.96923076923076,1,0,0,0,0,0,0,0,0,0,0,0,1,0,0,0,0,25.056629,121.525492,0,20,20,15,10,20,1,0,0,1
2394,樂群二路91~120號,30.44,11.0,4,13,235.62,3,2,2,1,61660000,261693,RPORMLQKIIPFFCA08DA,1,1,2,109,805209.2307692308,93.66153846153846,724.9846153846154,1,0,0,0,0,0,0,0,0,0,0,0,1,0,0,0,0,25.0803097,121.5548308,0,10,10,4,8,18,0,0,0,0
2395,新生北路三段3巷31~60號,31.0,4.0,4,49,74.49,3,2,2,0,15000000,201369,RPUNMLNKIIPFFCA97DA,1,1,0,109,619596.923076923,95.38461538461539,229.2,1,0,0,0,0,0,0,0,0,0,0,0,0,1,0,0,0,25.0646869,121.5280576,0,13,20,16,15,20,2,1,1,1
2396,敬業三路162巷61~90號,47.09,12.0,4,21,155.75,3,2,2,1,25500000,163724,RPPPMLPKIIPFFCA87DA,1,1,0,109,503766.1538461538,144.8923076923077,479.2307692307692,1,0,0,0,0,0,0,0,0,0,0,0,1,0,0,0,0,25.0783319,121.5589955,0,3,7,2,10,10,2,1,0,0
2397,建國北路二段1~30號,10.2,14.0,4,15,127.84,1,1,1,1,20500000,160357,RPSRMLOKIIPFFCA28DA,2,1,1,109,493406.1538461538,31.38461538461538,393.3538461538462,1,0,0,0,0,0,0,0,0,0,0,0,1,0,0,0,0,25.0523809,121.5371887,1,20,20,8,10,20,2,3,1,0
2398,松江路1~30號,4.22,12.0,4,34,47.400000000000006,0,0,0,1,10850000,228903,RPPSMLOLRHPFFCA98DA,1,1,0,109,704316.923076923,12.984615384615383,145.84615384615387,1,0,0,0,0,0,0,0,0,0,0,0,1,0,0,0,0,25.045864,121.5331196,1,15,18,6,8,20,1,1,1,0
2399,新生北路二段31~60號,4.86,17.0,4,25,49.21,2,1,1,1,10380000,210933,RPPRMLSKRHPFFCA56DA,1,1,0,109,649024.6153846154,14.953846153846154,151.41538461538462,1,0,0,0,0,0,0,0,0,0,0,0,1,0,0,0,0,25.0542013,121.5278274,0,20,20,9,11,20,1,1,0,0
2400,民生東路三段88巷1~30號,29.73,15.0,4,35,145.21,4,2,2,1,29350000,202107,RPVOMLOKIIPFFCA28DA,1,1,0,109,621867.6923076923,91.47692307692307,446.8,1,0,0,0,0,0,0,0,0,0,0,0,1,0,0,0,0,25.0572556,121.5432725,0,20,20,9,15,20,0,1,1,0
2401,松江路204巷1~30號,17.72,6.0,4,40,107.43,2,2,2,1,20200000,188029,RPSUMLOKIIPFFCA58DA,1,1,0,109,578550.7692307692,54.52307692307692,330.55384615384617,1,0,0,0,0,0,0,0,0,0,0,0,0,0,0,1,0,25.0573726,121.5325231,1,20,20,12,11,20,2,2,1,0
2402,龍江路342巷1~30號,18.99,7.0,4,37,109.96,3,2,2,0,14750000,134140,RPWSMLMKIIPFFCA58DA,1,1,0,109,412738.4615384615,58.43076923076922,338.3384615384615,1,0,0,0,0,0,0,0,0,0,0,0,0,1,0,0,0,25.0656458,121.5406876,0,10,15,2,3,10,1,1,0,1
2403,雙城街19巷1~30號,4.61,7.0,4,38,30.49,1,1,1,1,6380000,209249,RPXTMLMKIIPFFCA78DA,1,1,0,109,643843.0769230769,14.184615384615386,93.8153846153846,1,0,0,0,0,0,0,0,0,0,0,0,0,0,0,1,0,25.0654834,121.5248079,0,20,20,17,9,20,2,2,1,1
2404,中山北路三段1~30號,7.84,12.0,4,39,75.27,0,2,1,1,13100000,174040,RPVOMLNKIIPFFCA18DA,2,1,0,109,535507.6923076923,24.123076923076923,231.59999999999997,1,0,0,0,0,0,0,0,0,0,0,0,1,0,0,0,0,25.0639349,121.522626,0,20,20,20,10,20,2,4,2,1
2405,中山北路三段1~30號,12.88,12.0,4,39,123.14,2,1,1,1,21400000,173786,RPPPMLNKIIPFFCA67DA,2,1,0,109,534726.1538461539,39.63076923076923,378.89230769230767,1,0,0,0,0,0,0,0,0,0,0,0,1,0,0,0,0,25.0639349,121.522626,0,20,20,20,10,20,2,4,2,1
2406,龍江路384巷1~30號,27.8,5.0,4,42,99.37,3,2,2,0,16680000,167858,RPPNMLQKIIPFFCA77DA,1,1,0,109,516486.1538461538,85.53846153846153,305.75384615384615,1,0,0,0,0,0,0,0,0,0,0,0,0,1,0,0,0,25.0669049,121.5408774,0,4,10,1,3,11,1,1,0,0
2407,松江路188巷1~30號,24.3,6.0,4,5,112.53,3,1,1,1,37500000,333244,RPSPMLQKIIPFFCA28DA,1,1,1,109,1025366.1538461538,74.76923076923077,346.24615384615385,1,0,0,0,0,0,0,0,0,0,0,0,0,0,0,1,0,25.0568621,121.5326069,1,20,20,10,10,20,2,2,1,0
2408,民權東路二段135巷1~30號,9.33,7.0,4,38,60.93,1,2,1,1,8800000,144428,RPSRMLQKIIPFFCA48DA,1,1,0,109,444393.8461538461,28.707692307692305,187.47692307692307,1,0,0,0,0,0,0,0,0,0,0,0,0,0,0,1,0,25.0633207,121.5350758,0,12,20,9,9,20,0,0,1,20
2409,民權東路二段135巷31~60號,16.1,10.0,4,7,93.5,2,2,1,1,18300000,202972,RPXPMLQKIIPFFCA88EA,1,1,1,109,624529.2307692308,49.53846153846154,287.6923076923077,1,0,0,0,0,0,0,0,0,0,0,0,0,0,0,1,0,25.0642927,121.5350979,0,10,20,5,7,20,0,0,0,20
2410,新生北路三段1~30號,3.43,12.0,4,40,32.35,1,1,1,1,5210000,161051,RPRRMLTKIIPFFCA78EA,1,1,0,109,495541.53846153844,10.553846153846154,99.53846153846153,1,0,0,0,0,0,0,0,0,0,0,0,1,0,0,0,0,25.0628897,121.5281771,0,11,20,16,10,20,2,1,1,0
2411,民生西路1~30號,3.79,12.0,4,41,37.3,1,1,1,1,6000000,160858,RPRPMLPKIIPFFCA18EA,3,1,0,109,494947.6923076923,11.661538461538461,114.76923076923076,1,0,0,0,0,0,0,0,0,0,0,0,1,0,0,0,0,25.0575097,121.5210039,0,20,20,16,12,20,0,0,1,1
2412,民生東路一段1~30號,4.51,12.0,4,41,53.32,1,1,1,1,7000000,131283,RPSPMLPKIIPFFCA28EA,1,1,0,109,403947.6923076923,13.876923076923076,164.06153846153845,1,0,0,0,0,0,0,0,0,0,0,0,1,0,0,0,0,25.0579831,121.5250958,0,20,20,16,12,20,0,1,1,1
2413,民生東路一段1~30號,4.35,12.0,4,15,40.25,1,1,1,1,10000000,248447,RPTPMLPKIIPFFCA38EA,1,1,0,109,764452.3076923076,13.384615384615383,123.84615384615384,1,0,0,0,0,0,0,0,0,0,0,0,1,0,0,0,0,25.0579831,121.5250958,0,20,20,16,12,20,0,1,1,1
2414,復興北路190巷1~30號,18.51,15.0,4,35,98.44999999999999,2,2,2,1,21700000,220416,RPRPMLTKIIPFFCA58EA,1,1,0,109,678203.0769230769,56.95384615384616,302.9230769230769,1,0,0,0,0,0,0,0,0,0,0,0,1,0,0,0,0,25.055574,121.543237,0,20,20,11,17,20,0,0,1,0
2415,新生北路二段60巷1~30號,4.92,12.0,4,40,51.56,2,1,1,1,7800000,151280,RPSOMLPLRHPFFCA09EA,1,1,0,109,465476.92307692306,15.138461538461538,158.64615384615385,1,0,0,0,0,0,0,0,0,0,0,0,1,0,0,0,0,25.0557499,121.5271722,0,20,20,9,11,20,1,0,0,0
2416,明水路571~600號,38.84,14.0,4,23,209.36,3,2,2,1,51680000,246848,RPXNMLPLRHPFFCA86EA,1,1,1,109,759532.3076923076,119.50769230769231,644.1846153846154,1,0,0,0,0,0,0,0,0,0,0,0,1,0,0,0,0,25.0798567,121.5515087,0,14,7,2,9,13,1,0,1,0
2417,長春路31~60號,5.85,12.0,4,37,66.71000000000001,0,2,0,1,10650000,159646,RPUQMLMLRHPFFCA56EA,1,1,0,109,491218.4615384615,18.0,205.2615384615385,1,0,0,0,0,0,0,0,0,0,0,0,1,0,0,0,0,25.0551299,121.525757,0,20,20,11,9,20,1,0,0,0
2418,林森北路67巷91~120號,29.41,7.0,4,11,159.5,3,2,2,0,31850000,227031,RPTQMLQKIIPFFCA58EA,1,1,1,109,698556.923076923,90.49230769230769,490.7692307692308,1,0,0,0,0,0,0,0,0,0,0,0,0,0,0,1,0,25.0481177,121.5273407,1,18,20,6,7,20,1,1,0,0
2419,林森北路67巷91~120號,29.41,7.0,4,11,159.5,3,2,2,0,31850000,227031,RPUQMLQKIIPFFCA68EA,1,1,1,109,698556.923076923,90.49230769230769,490.7692307692308,1,0,0,0,0,0,0,0,0,0,0,0,0,0,0,1,0,25.0481177,121.5273407,1,18,20,6,7,20,1,1,0,0
2420,松江路97巷1~30號,21.8,5.0,4,41,77.07,1,2,1,0,14750000,191384,RPSOMLKLIIPFFCA77EA,1,1,0,109,588873.8461538461,67.07692307692308,237.1384615384615,1,0,0,0,0,0,0,0,0,0,0,0,0,1,0,0,0,25.0508989,121.5334945,0,20,20,14,11,20,1,5,1,0
2421,長春路391~420號,3.0,12.0,4,32,32.5,1,1,1,1,8080000,248615,RPXPMLKLIIPFFCA38EA,1,1,0,109,764969.2307692308,9.23076923076923,100.0,1,0,0,0,0,0,0,0,0,0,0,0,1,0,0,0,0,25.0545182,121.5461237,0,20,20,20,15,20,0,1,1,0
2422,林森北路511~540號,4.17,14.0,4,16,45.239999999999995,3,1,1,1,11810000,261052,RPPQMLKLIIPFFCA67EA,1,1,0,109,803236.923076923,12.83076923076923,139.2,1,0,0,0,0,0,0,0,0,0,0,0,1,0,0,0,0,25.056629,121.525492,0,20,20,15,10,20,1,0,0,1
2423,新生北路二段31巷1~30號,26.0,5.0,4,39,102.35000000000001,3,2,2,0,12000000,117245,RPRNMLKLIIPFFCA57EA,1,1,0,109,360753.8461538461,80.0,314.92307692307696,1,0,0,0,0,0,0,0,0,0,0,0,0,1,0,0,0,25.0541153,121.5281614,0,20,20,7,10,20,1,1,0,0
2424,林森北路310巷1~30號,7.9,12.0,4,22,86.24,3,1,2,1,15200000,195096,RPVQMLKLIIPFFCA28EA,2,1,1,109,600295.3846153846,24.307692307692307,265.3538461538461,1,0,0,0,0,0,0,0,0,0,0,0,1,0,0,0,0,25.0562092,121.5243368,0,20,20,18,11,20,0,0,1,1
2425,撫順街31~60號,4.88,8.0,4,45,34.17,1,1,1,1,5500000,160960,RPPNMLLLIIPFFCA47EA,1,1,0,109,495261.53846153844,15.015384615384615,105.13846153846154,1,0,0,0,0,0,0,0,0,0,0,0,0,0,0,1,0,25.0635542,121.5200727,0,20,20,14,11,20,3,3,1,0
2426,林森北路133巷1~30號,26.33,3.0,3,35,60.25,4,0,2,0,11400000,189212,RPTQMLKLIIPFFCA08EA,1,1,0,109,582190.7692307692,81.0153846153846,185.3846153846154,1,0,0,0,0,0,0,0,0,0,0,0,0,1,0,0,0,25.051126,121.5254142,0,20,20,9,10,20,0,0,0,0
2427,中山北路一段83巷31~60號,17.6,15.0,4,13,177.8,2,2,2,1,34200000,192351,RPPNMLRKIIPFFCA87DA,2,1,1,109,591849.2307692308,54.15384615384615,547.0769230769231,1,0,0,0,0,0,0,0,0,0,0,0,1,0,0,0,0,25.0500512,121.5243787,0,20,20,9,11,20,0,0,1,0
2428,中山北路一段53巷1~30號,3.52,7.0,4,39,23.35,1,1,1,1,3800000,162741,RPOOMLKLIIPFFCA27DA,1,1,0,109,500741.53846153844,10.83076923076923,71.84615384615385,1,0,0,0,0,0,0,0,0,0,0,0,0,0,0,1,0,25.049378,121.5219264,0,20,20,9,5,20,0,3,1,0
2429,松江路226巷1~30號,40.75,4.0,4,45,141.74,1,2,2,0,41100000,289968,RPVOMLKLIIPFFCA97DA,1,2,0,109,892209.2307692308,125.38461538461539,436.12307692307695,1,0,0,0,0,0,0,0,0,0,0,0,0,1,0,0,0,25.0586525,121.5324616,1,20,20,11,9,20,1,2,1,4
2430,新生北路三段1~30號,5.32,12.0,4,15,38.04,1,1,1,1,10400000,273396,RPPSMLTKIIPFFCA58DA,3,1,0,109,841218.4615384615,16.369230769230768,117.04615384615384,1,0,0,0,0,0,0,0,0,0,0,0,1,0,0,0,0,25.0628897,121.5281771,0,11,20,16,10,20,2,1,1,0
2431,林森北路259巷1~30號,6.01,7.0,4,37,37.120000000000005,1,0,1,1,6150000,165679,RPUNMLKLIIPFFCA77DA,1,1,0,109,509781.53846153844,18.49230769230769,114.21538461538462,1,0,0,0,0,0,0,0,0,0,0,0,0,0,0,1,0,25.0544669,121.5263076,0,20,20,9,8,20,1,0,0,0
2432,中山北路一段105巷1~30號,15.71,10.0,4,4,158.14,2,1,2,1,31180000,257170,RPWNMLKLIIPFFCA97DA,1,1,1,109,791292.3076923076,48.33846153846154,486.58461538461535,1,0,0,0,0,0,0,0,0,0,0,0,0,0,0,1,0,25.050986,121.522477,0,20,20,7,9,20,0,2,1,0
2433,新生北路三段3巷1~30號,22.0,4.0,3,51,62.99,3,1,2,0,11860000,188284,RPVNMLTKIIPFFCA68DA,1,1,0,109,579335.3846153846,67.6923076923077,193.8153846153846,1,0,0,0,0,0,0,0,0,0,0,0,0,1,0,0,0,25.06327,121.5283205,0,11,20,16,10,20,2,1,1,0
2434,雙城街19巷1~30號,7.14,14.0,4,13,68.0,2,1,1,1,14800000,217647,RPXOMLOKIIPFFCA48DA,2,1,0,109,669683.0769230769,21.969230769230766,209.23076923076923,1,0,0,0,0,0,0,0,0,0,0,0,1,0,0,0,0,25.0654834,121.5248079,0,20,20,17,9,20,2,2,1,1
2435,新生北路二段60巷31~60號,121.0,2.0,3,35,132.56,5,1,2,0,58000000,437538,RPRNMLTJIIPFFCA18DA,1,1,0,109,1346270.7692307692,372.3076923076923,407.87692307692305,1,0,0,0,0,0,0,0,0,0,0,0,0,0,0,0,1,25.0557852,121.5264657,0,20,20,8,8,20,1,0,0,0
2436,新生北路二段60巷31~60號,122.0,2.0,3,35,143.25,2,2,2,0,68680000,479442,RPSNMLTJIIPFFCA28DA,1,1,0,109,1475206.1538461538,375.38461538461536,440.7692307692308,1,0,0,0,0,0,0,0,0,0,0,0,0,0,0,0,1,25.0557852,121.5264657,0,20,20,8,8,20,1,0,0,0
2437,中山北路二段65巷1~30號,15.54,12.0,4,1,153.78,0,0,0,1,33000000,268063,RPWOMLPJIIPFFCA38DA,1,1,1,109,824809.2307692308,47.81538461538461,473.16923076923075,1,0,0,0,0,0,0,0,0,0,0,0,1,0,0,0,0,25.0571759,121.52326,0,20,20,15,8,20,0,0,1,1
2438,新生北路二段137巷31~60號,33.33,3.0,3,55,83.16,3,2,1,0,16660000,200337,RPVRMLKMRHPFFCA56DA,1,1,0,109,616421.5384615385,102.55384615384615,255.87692307692305,1,0,0,0,0,0,0,0,0,0,0,0,0,1,0,0,0,25.0613883,121.5287358,0,16,20,18,9,20,2,1,2,0
2439,松江路133巷1~30號,33.42,11.0,4,2,250.58999999999997,3,2,2,1,60000000,315516,RPVRMLNKIIPFFCA48DA,1,1,2,109,970818.4615384615,102.83076923076923,771.0461538461537,1,0,0,0,0,0,0,0,0,0,0,0,1,0,0,0,0,25.0542366,121.5342282,1,20,20,9,12,20,1,3,1,0
2440,農安街125巷1~30號,16.23,7.0,4,33,116.68,3,2,2,1,21500000,184265,RPVRMLKLIIPFFCA28DA,1,1,0,109,566969.2307692308,49.93846153846154,359.0153846153846,1,0,0,0,0,0,0,0,0,0,0,0,0,0,0,1,0,25.0650721,121.5299326,0,10,20,13,7,17,2,1,1,1
2441,敬業一路121~150號,21.69,9.0,4,6,93.1,1,1,1,1,24500000,263158,RPXNMLLLIIPFFCA18DA,1,1,1,109,809716.923076923,66.73846153846154,286.46153846153845,1,0,0,0,0,0,0,0,0,0,0,0,0,0,0,1,0,25.0834859,121.5522877,0,16,9,1,6,19,0,0,1,0
2442,四平街91~120號,9.35,10.0,4,20,38.9,1,1,1,1,9700000,249293,RPUQMLKLIIPFFCA18EA,1,1,0,109,767055.3846153846,28.769230769230766,119.69230769230768,1,0,0,0,0,0,0,0,0,0,0,0,0,0,0,1,0,25.0537355,121.5351853,1,20,20,9,14,20,1,3,1,0
2443,新生北路二段31~60號,4.43,12.0,4,41,43.75,0,0,0,1,4550000,104000,RPQNMLMLIIPFFCA67EA,2,1,0,109,320000.0,13.63076923076923,134.6153846153846,1,0,0,0,0,0,0,0,0,0,0,0,1,0,0,0,0,25.0542013,121.5278274,0,20,20,9,11,20,1,1,0,0
2444,新生北路二段72巷1~30號,12.72,8.0,4,27,54.599999999999994,1,2,1,1,10200000,186813,RPUPMLLLIIPFFCA18EA,1,1,0,109,574809.2307692308,39.13846153846154,167.99999999999997,1,0,0,0,0,0,0,0,0,0,0,0,0,0,0,1,0,25.0570753,121.5272195,0,16,20,10,9,20,1,0,0,0
2445,林森北路481~510號,4.44,14.0,4,18,43.25,1,1,1,1,9030000,208786,RPVPMLLLIIPFFCA28EA,1,1,0,109,642418.4615384615,13.661538461538463,133.07692307692307,1,0,0,0,0,0,0,0,0,0,0,0,1,0,0,0,0,25.056629,121.525492,0,20,20,15,10,20,1,0,0,1
2446,松江路133巷1~30號,34.15,11.0,4,2,254.81,3,2,2,1,60700000,311954,RPRNMLLLIIPFFCA67EA,1,1,2,109,959858.4615384615,105.07692307692307,784.0307692307692,1,0,0,0,0,0,0,0,0,0,0,0,1,0,0,0,0,25.0542366,121.5342282,1,20,20,9,12,20,1,3,1,0
2447,長春路211~240號,2.56,12.0,4,27,32.52,1,1,1,1,6650000,204490,RPWOMLLLIIPFFCA28EA,2,1,0,109,629200.0,7.8769230769230765,100.06153846153846,1,0,0,0,0,0,0,0,0,0,0,0,1,0,0,0,0,25.0549272,121.5384467,1,20,20,6,13,20,2,2,0,0
2448,民族東路541~570號,34.35,5.0,4,40,114.8,1,1,2,0,27000000,235192,RPXSMLMKIIPFFCA78EA,9,1,0,109,723667.6923076923,105.6923076923077,353.2307692307692,1,0,0,0,0,0,0,0,0,0,0,0,0,1,0,0,0,25.0642602,121.5474546,1,11,11,1,3,9,0,2,2,0
2449,中山北路一段83巷1~30號,5.57,9.0,4,43,46.61,1,1,1,1,7580000,162626,RPWPMLLLIIPFFCA38EA,1,1,0,109,500387.6923076923,17.138461538461538,143.4153846153846,1,0,0,0,0,0,0,0,0,0,0,0,0,0,0,1,0,25.0504647,121.5225109,0,20,20,7,9,20,0,2,1,0
2450,民權東路一段38巷1弄1~30號,95.0,3.0,3,35,202.92,5,5,3,0,22000000,108417,RPXPMLLLIIPFFCA48EA,1,3,0,109,333590.7692307692,292.3076923076923,624.3692307692307,1,0,0,0,0,0,0,0,0,0,0,0,0,1,0,0,0,25.062265,121.5240607,0,20,20,20,13,20,2,2,2,2
2451,新生北路二段91~120號,1.88,14.0,4,42,23.19,0,0,0,1,2663000,114834,RPQQMLLLIIPFFCA87EA,1,1,0,109,353335.3846153846,5.7846153846153845,71.35384615384615,1,0,0,0,0,0,0,0,0,0,0,0,1,0,0,0,0,25.0573288,121.5278946,0,15,20,9,10,20,1,0,0,0
2452,新生北路二段91~120號,2.63,14.0,4,42,38.6,0,0,0,1,4437000,114948,SPQQMLLLIIPFFCA97EA,1,1,0,109,353686.1538461538,8.092307692307692,118.76923076923077,1,0,0,0,0,0,0,0,0,0,0,0,1,0,0,0,0,25.0573288,121.5278946,0,15,20,9,10,20,1,0,0,0
2453,林森北路121~150號,2.18,15.0,4,13,27.38,1,1,1,1,6500000,237400,RPVOMLMLIIPFFCA28EA,1,1,0,109,730461.5384615384,6.707692307692308,84.24615384615385,1,0,0,0,0,0,0,0,0,0,0,0,1,0,0,0,0,25.0507481,121.5252106,0,20,20,10,10,20,0,0,0,0
2454,敬業三路162巷31~60號,47.09,8.0,4,21,155.20999999999998,2,2,1,1,25000000,161072,RPOOMLLLIIPFFCA37DA,1,1,1,109,495606.1538461538,144.8923076923077,477.56923076923067,1,0,0,0,0,0,0,0,0,0,0,0,0,0,0,1,0,25.079056,121.557962,0,3,6,2,9,12,2,1,0,0
2455,新生北路二段61~90號,5.72,7.0,4,42,26.41,1,1,1,1,4480000,169633,RPRRMLKLIIPFFCA87DA,1,1,0,109,521947.6923076923,17.599999999999998,81.26153846153846,1,0,0,0,0,0,0,0,0,0,0,0,0,0,0,1,0,25.0562845,121.5277511,0,20,20,9,13,20,1,0,0,0
2456,民權東路二段61~90號,96.0,3.0,3,35,246.15,2,3,3,0,75500000,306724,RPSRMLLLIIPFFCA08DA,2,1,0,109,943766.1538461538,295.38461538461536,757.3846153846154,1,0,0,0,0,0,0,0,0,0,0,0,0,0,0,0,1,25.0627381,121.5310124,0,12,20,10,9,20,2,1,2,12
2457,中山北路二段65巷1~30號,5.0,14.0,4,20,66.69,2,1,1,1,16000000,239916,RPVRMLLLIIPFFCA38DA,1,1,0,109,738203.0769230769,15.384615384615383,205.2,1,0,0,0,0,0,0,0,0,0,0,0,1,0,0,0,0,25.0571759,121.52326,0,20,20,15,8,20,0,0,1,1
2458,中山北路二段77巷1~30號,2.33,11.0,4,44,53.09,1,1,1,0,8260000,155585,RPWQMLLLIIPFFCA38DA,1,1,0,109,478723.0769230769,7.1692307692307695,163.35384615384615,1,0,0,0,0,0,0,0,0,0,0,0,1,0,0,0,0,25.0576596,121.5230491,0,20,20,17,10,20,0,0,1,1
2459,新生北路二段31巷1~30號,30.07,7.0,4,38,142.29000000000002,3,2,2,1,28280000,198749,RPVPMLPKIIPFFCA48DA,1,1,0,109,611535.3846153846,92.52307692307691,437.8153846153847,1,0,0,0,0,0,0,0,0,0,0,0,0,0,0,1,0,25.0541153,121.5281614,0,20,20,7,10,20,1,1,0,0
2460,北安路805巷1~30號,22.58,5.0,4,31,106.91,3,2,2,0,15800000,147788,RPOOMLSJIIPFFCA87DA,3,1,0,109,454732.3076923077,69.47692307692307,328.95384615384614,1,0,0,0,0,0,0,0,0,0,0,0,0,1,0,0,0,25.08574,121.55469,0,7,6,1,4,14,0,0,1,0
2461,龍江路412巷1~30號,25.56,5.0,4,36,98.24,2,2,1,0,12180000,123982,RPXQMLPLRHPFFCA07DA,1,1,0,109,381483.07692307694,78.64615384615384,302.276923076923,1,0,0,0,0,0,0,0,0,0,0,0,0,1,0,0,0,25.0676769,121.5407527,0,3,9,1,2,8,1,0,0,0
2462,民生東路一段31~60號,10.11,12.0,4,36,94.77,3,2,2,1,17500000,184658,RPROMLLLIIPFFCA67DA,1,1,0,109,568178.4615384615,31.107692307692304,291.59999999999997,1,0,0,0,0,0,0,0,0,0,0,0,1,0,0,0,0,25.0582147,121.5252053,0,20,20,16,12,20,0,1,1,1
2463,中山北路一段53巷1~30號,12.61,10.0,4,13,111.50999999999999,0,1,1,1,16000000,143485,RPPQMLPKIIPFFCA97DA,1,1,2,109,441492.3076923077,38.8,343.1076923076923,1,0,0,0,0,0,0,0,0,0,0,0,0,0,0,1,0,25.049378,121.5219264,0,20,20,9,5,20,0,3,1,0
2464,林森北路571~600號,16.36,13.0,4,10,188.41,2,2,2,1,35000000,185755,RPPNMLQLIIPFFCA87DA,1,1,1,109,571553.8461538461,50.33846153846154,579.7230769230769,1,0,0,0,0,0,0,0,0,0,0,0,1,0,0,0,0,25.056629,121.525492,0,20,20,15,10,20,1,0,0,1
2465,長安東路一段56巷1弄31~60號,33.32,7.0,4,2,162.76999999999998,3,2,1,1,32000000,216208,RPQNMLNLIIPFFCA77EA,2,1,1,109,665255.3846153846,102.52307692307691,500.83076923076914,1,0,0,0,0,0,0,0,0,0,0,0,0,0,0,1,0,25.0471549,121.5298445,1,15,20,11,11,20,2,1,0,0
2466,遼寧街211~240號,16.19,15.0,4,35,84.7,2,2,1,1,16650000,196576,RPUPMLSLIIPFFCA88EA,1,1,0,109,604849.2307692308,49.815384615384616,260.61538461538464,1,0,0,0,0,0,0,0,0,0,0,0,1,0,0,0,0,25.055327,121.542584,0,20,20,9,18,20,0,0,1,0
2467,新生北路三段61~90號,11.01,9.0,4,2,93.78999999999999,2,1,1,1,19480000,206699,RPXOMLNLIIPFFCA58EA,1,1,1,109,635996.923076923,33.87692307692308,288.58461538461535,1,0,0,0,0,0,0,0,0,0,0,0,0,0,0,1,0,25.0659966,121.5280981,0,12,20,14,14,20,2,1,1,1
2468,林森北路391~420號,11.64,13.0,4,37,115.86,3,1,0,1,11200000,96668,RPOTMLMKIIPFFCA97EA,3,1,0,109,297440.0,35.815384615384616,356.4923076923077,1,0,0,0,0,0,0,0,0,0,0,0,1,0,0,0,0,25.056629,121.525492,0,20,20,15,10,20,1,0,0,1
2469,民權東路二段135巷31~60號,18.62,10.0,4,7,96.16,2,2,2,1,20000000,207987,RPTNMLPLRHPFFCA09EA,1,1,0,109,639960.0,57.292307692307695,295.87692307692305,1,0,0,0,0,0,0,0,0,0,0,0,0,0,0,1,0,25.0642927,121.5350979,0,10,20,5,7,20,0,0,0,20
2470,錦州街231巷1~30號,36.0,4.0,4,51,100.57,4,2,2,0,18800000,186934,RPVNMLPLRHPFFCA66EA,3,1,0,109,575181.5384615385,110.76923076923076,309.44615384615383,1,0,0,0,0,0,0,0,0,0,0,0,0,1,0,0,0,25.0606014,121.53259,0,20,20,12,10,20,0,0,1,18
2471,民族東路31~60號,8.87,9.0,4,29,76.72,2,1,1,1,11850000,154458,RPRPMLQLIIPFFCA38EA,1,1,0,109,475255.3846153846,27.292307692307688,236.06153846153845,1,0,0,0,0,0,0,0,0,0,0,0,0,0,0,1,0,25.0682803,121.5338379,0,2,10,1,8,14,0,0,0,3
2472,北安路608巷5弄1~30號,70.48,8.0,4,28,208.04,4,2,2,1,48000000,230725,RPQRMLQLIIPFFCA48EA,1,1,1,109,709923.0769230769,216.86153846153846,640.1230769230768,1,0,0,0,0,0,0,0,0,0,0,0,0,0,0,1,0,25.0821357,121.5493273,0,16,14,2,8,15,2,0,1,0
2473,新生北路一段31~60號,3.67,14.0,4,33,36.78,1,1,1,1,8480000,230497,RPXRMLQLIIPFFCA56EA,1,1,0,109,709221.5384615384,11.292307692307691,113.16923076923077,1,0,0,0,0,0,0,0,0,0,0,0,1,0,0,0,0,25.0472733,121.5310045,1,14,20,11,11,20,2,1,0,0
2474,中山北路三段1~30號,1.15,14.0,4,43,22.5,0,0,0,1,3250000,144444,RPTOMLRLIIPFFCA58EA,2,1,0,109,444443.07692307694,3.538461538461538,69.23076923076923,1,0,0,0,0,0,0,0,0,0,0,0,1,0,0,0,0,25.0639349,121.522626,0,20,20,20,10,20,2,4,2,1
2475,明水路581巷1~30號,42.42,11.0,4,25,182.47,0,1,1,1,80500000,441168,RPSTMLTJRHPFFCA07DA,1,1,1,109,1357440.0,130.52307692307693,561.4461538461538,1,0,0,0,0,0,0,0,0,0,0,0,1,0,0,0,0,25.080164,121.5509431,0,16,11,2,9,12,2,0,1,0
2476,德惠街31~60號,3.03,11.0,4,42,29.09,1,1,1,1,4860000,167068,RPOOMLNLIIPFFCA57DA,1,1,0,109,514055.3846153846,9.323076923076922,89.50769230769231,1,0,0,0,0,0,0,0,0,0,0,0,1,0,0,0,0,25.0667707,121.5265786,0,11,20,15,15,20,2,0,1,1
2477,中山北路二段77巷1~30號,5.14,14.0,4,20,69.84,0,0,0,1,15880000,227377,RPURMLMLIIPFFCA38DA,1,1,0,109,699621.5384615384,15.815384615384614,214.8923076923077,1,0,0,0,0,0,0,0,0,0,0,0,1,0,0,0,0,25.0576596,121.5230491,0,20,20,17,10,20,0,0,1,1
2478,松江路1~30號,3.4,12.0,4,34,38.47,2,1,1,1,9300000,241747,RPQOMLMLIIPFFCA67DA,1,1,0,109,743836.923076923,10.461538461538462,118.36923076923077,1,0,0,0,0,0,0,0,0,0,0,0,1,0,0,0,0,25.045864,121.5331196,1,15,18,6,8,20,1,1,1,0
2479,吉林路361~390號,6.04,7.0,4,42,39.57,1,1,1,1,6900000,174375,RPORMLLLIIPFFCA67DA,1,1,0,109,536538.4615384615,18.584615384615383,121.75384615384615,1,0,0,0,0,0,0,0,0,0,0,0,0,0,0,1,0,25.0649122,121.5304923,0,11,20,8,7,19,2,0,1,5
2480,龍江路443巷1~30號,19.6,5.0,4,41,73.15,2,2,1,0,13680000,187013,RPOQMLRJIIPFFCA97DA,1,1,0,109,575424.6153846154,60.30769230769231,225.0769230769231,1,0,0,0,0,0,0,0,0,0,0,0,0,1,0,0,0,25.0673213,121.541341,0,3,10,1,3,7,1,1,0,0
2481,復興北路280巷1~30號,168.67,3.0,3,54,332.6,5,2,2,0,75000000,225496,RPTVMLQLRHPFFCA27DA,1,2,0,109,693833.8461538461,518.9846153846154,1023.3846153846155,1,0,0,0,0,0,0,0,0,0,0,0,0,1,0,0,0,25.0587044,121.5434396,0,20,20,9,14,20,0,1,1,0
2482,長春路1~30號,5.6,12.0,4,37,60.32,0,2,1,1,10300000,170756,RPPTMLOLRHPFFCA09DA,1,1,0,109,525403.0769230769,17.23076923076923,185.6,1,0,0,0,0,0,0,0,0,0,0,0,1,0,0,0,0,25.054741,121.542881,0,20,20,9,17,20,0,0,1,0
2483,長春路1~30號,6.41,12.0,4,37,68.97,0,2,1,1,11200000,162389,RPQTMLOLRHPFFCA56DA,1,1,0,109,499658.4615384615,19.723076923076924,212.2153846153846,1,0,0,0,0,0,0,0,0,0,0,0,1,0,0,0,0,25.054741,121.542881,0,20,20,9,17,20,0,0,1,0
2484,松江路133巷1~30號,32.82,11.0,4,2,218.16,3,2,2,1,57500000,263568,RPQRMLRJIIPFFCA28DA,1,1,1,109,810978.4615384615,100.98461538461538,671.2615384615384,1,0,0,0,0,0,0,0,0,0,0,0,1,0,0,0,0,25.0542366,121.5342282,1,20,20,9,12,20,1,3,1,0
2485,中山北路二段77巷1~30號,2.97,10.0,4,39,27.89,1,1,1,1,5500000,197203,RPRNMLSKIIPFFCA18DA,1,1,0,109,606778.4615384615,9.138461538461538,85.81538461538462,1,0,0,0,0,0,0,0,0,0,0,0,0,0,0,1,0,25.0576596,121.5230491,0,20,20,17,10,20,0,0,1,1
2486,復興北路211~240號,9.02,13.0,4,35,43.77,3,2,2,1,10000000,228467,RPURMLQLIIPFFCA78DA,1,1,0,109,702975.3846153846,27.75384615384615,134.6769230769231,1,0,0,0,0,0,0,0,0,0,0,0,1,0,0,0,0,25.056428,121.544505,0,20,20,8,16,20,0,1,1,0
2487,松江路1~30號,9.74,12.0,4,35,85.36999999999999,0,0,0,1,30980000,362891,RPVSMLQLIIPFFCA98DA,1,1,0,109,1116587.6923076923,29.96923076923077,262.67692307692306,1,0,0,0,0,0,0,0,0,0,0,0,1,0,0,0,0,25.045864,121.5331196,1,15,18,6,8,20,1,1,1,0
2488,林森北路121~150號,4.36,15.0,4,13,54.18,1,1,1,1,11500000,212255,RPXNMLRLIIPFFCA78DA,1,1,0,109,653092.3076923076,13.415384615384616,166.7076923076923,1,0,0,0,0,0,0,0,0,0,0,0,1,0,0,0,0,25.0507481,121.5252106,0,20,20,10,10,20,0,0,0,0
2489,松江路431巷1~30號,19.75,4.0,4,31,63.0,3,1,1,0,10000000,158730,RPXOMLRLIIPFFCA88DA,1,1,0,109,488400.0,60.76923076923077,193.84615384615384,1,0,0,0,0,0,0,0,0,0,0,0,0,1,0,0,0,25.065472,121.5349701,0,4,19,2,5,20,0,0,0,20
2490,新生北路二段41巷1~30號,25.25,4.0,3,53,86.06,3,2,3,0,17660000,205206,RPXPMLRLIIPFFCA09EA,1,1,0,109,631403.0769230769,77.6923076923077,264.8,1,0,0,0,0,0,0,0,0,0,0,0,0,1,0,0,0,25.0554012,121.5285083,0,20,20,7,9,20,1,1,0,0
2491,明水路481~510號,130.75,10.0,4,20,387.03,4,2,3,1,103030000,266207,RPVRMLQLIIPFFCA98EA,1,2,2,109,819098.4615384615,402.3076923076923,1190.8615384615384,1,0,0,0,0,0,0,0,0,0,0,0,0,0,0,1,0,25.078069,121.551663,0,5,3,1,8,11,1,0,1,0
2492,敬業三路162巷1~30號,47.09,12.0,4,21,155.72,3,2,1,1,26000000,166966,RPWRMLQLIIPFFCA09EA,1,1,1,109,513741.53846153844,144.8923076923077,479.1384615384615,1,0,0,0,0,0,0,0,0,0,0,0,1,0,0,0,0,25.0791581,121.5572576,0,3,6,2,8,12,2,1,0,0
2493,長春路1~30號,8.79,10.0,4,46,75.76,2,1,1,1,12750000,168295,RPUNMLOKIIPFFCA18EA,1,1,0,109,517830.7692307692,27.046153846153842,233.1076923076923,1,0,0,0,0,0,0,0,0,0,0,0,0,0,0,1,0,25.054741,121.542881,0,20,20,9,17,20,0,0,1,0
2494,興安街61~90號,22.82,15.0,4,35,111.59,3,2,2,1,24500000,219554,RPWNMLOKIIPFFCA38EA,1,1,0,109,675550.7692307692,70.21538461538461,343.3538461538462,1,0,0,0,0,0,0,0,0,0,0,0,1,0,0,0,0,25.0562445,121.5425052,0,20,20,9,14,20,0,0,0,0
2495,松江路361~390號,24.2,5.0,4,39,95.26,0,0,0,0,31000000,325425,RPWNMLRLIIPFFCA78EA,1,1,0,109,1001307.6923076923,74.46153846153845,293.10769230769233,1,0,0,0,0,0,0,0,0,0,0,0,0,1,0,0,0,25.0636359,121.533545,0,11,20,11,8,20,0,0,1,20
2496,錦州街331~360號,31.67,7.0,4,36,170.82999999999998,5,2,2,0,31600000,184979,RPXNMLPJJIPFFCA58EA,1,1,0,109,569166.1538461539,97.44615384615385,525.6307692307691,1,0,0,0,0,0,0,0,0,0,0,0,0,0,0,1,0,25.0603641,121.5389614,0,17,20,8,9,20,1,0,0,14
2497,敬業一路31~60號,46.26,7.0,4,14,202.44,3,2,2,1,50500000,249457,RPPNMLSLIIPFFCA08DA,1,1,1,109,767560.0,142.33846153846153,622.8923076923077,1,0,0,0,0,0,0,0,0,0,0,0,0,0,0,1,0,25.0810634,121.5525721,0,16,11,3,8,20,1,0,0,0
2498,林森北路631~660號,9.06,9.0,4,14,97.09,2,1,1,1,15500000,159646,RPXOMLSLIIPFFCA98DA,1,1,1,109,491218.4615384615,27.876923076923077,298.73846153846154,1,0,0,0,0,0,0,0,0,0,0,0,0,0,0,1,0,25.056629,121.525492,0,20,20,15,10,20,1,0,0,1
2499,撫順街31~60號,3.41,10.0,4,32,28.740000000000002,0,1,1,1,6260000,217815,RPOPMLSLIIPFFCA18DA,1,1,0,109,670200.0,10.492307692307692,88.43076923076923,1,0,0,0,0,0,0,0,0,0,0,0,0,0,0,1,0,25.0635542,121.5200727,0,20,20,14,11,20,3,3,1,0
2500,民權西路1~30號,6.36,12.0,4,44,56.39,1,2,2,1,10500000,186236,RPPPMLSLIIPFFCA28DA,2,1,0,109,573033.8461538461,19.56923076923077,173.5076923076923,1,0,0,0,0,0,0,0,0,0,0,0,1,0,0,0,0,25.0629781,121.5221977,0,20,20,20,12,20,2,4,2,2
2501,吉林路26巷1~30號,10.27,5.0,4,31,40.650000000000006,1,1,1,0,8500000,209102,RPPNMLOLIIPFFCA67DA,1,1,0,109,643390.7692307692,31.599999999999998,125.0769230769231,1,0,0,0,0,0,0,0,0,0,0,0,0,0,0,1,0,25.0515472,121.5296311,0,20,20,11,10,20,2,2,1,0
2502,松江路170巷1~30號,35.72,8.0,4,15,211.99,3,2,2,1,36000000,169819,RPUPMLSLIIPFFCA78DA,2,1,1,109,522520.0,109.9076923076923,652.276923076923,1,0,0,0,0,0,0,0,0,0,0,0,0,0,0,1,0,25.0561997,121.5331293,1,20,20,9,12,20,2,2,2,0
2503,敬業一路128巷31~60號,14.37,7.0,4,14,51.07,1,1,1,1,12080000,236538,RPRNMLRKIIPFFCA08DA,1,1,0,109,727809.2307692308,44.215384615384615,157.13846153846154,1,0,0,0,0,0,0,0,0,0,0,0,0,0,0,1,0,25.0835087,121.5534435,0,15,11,1,6,20,0,0,1,0
2504,民生東路一段70巷1~30號,8.05,7.0,4,14,43.3,1,1,1,1,9350000,215935,RPVNMLOLIIPFFCA28DA,1,1,0,109,664415.3846153846,24.76923076923077,133.23076923076923,1,0,0,0,0,0,0,0,0,0,0,0,0,0,0,1,0,25.0576197,121.5264837,0,20,20,17,7,20,1,1,0,1
2505,新生北路三段1~30號,3.67,14.0,4,40,36.75,1,1,1,1,5350000,145578,RPVNMLNKIIPFFCA08DA,1,1,0,109,447932.3076923077,11.292307692307691,113.07692307692307,1,0,0,0,0,0,0,0,0,0,0,0,1,0,0,0,0,25.0628897,121.5281771,0,11,20,16,10,20,2,1,1,0
2506,錦州街91~120號,31.98,7.0,4,35,143.62,3,2,2,1,23500000,163626,RPXQMLQKIIPFFCA88DA,1,1,0,109,503464.6153846154,98.39999999999999,441.9076923076923,1,0,0,0,0,0,0,0,0,0,0,0,0,0,0,1,0,25.060498,121.5280421,0,16,20,19,9,20,2,1,1,0
2507,龍江路21巷1~30號,24.8,5.0,4,39,93.71,2,2,2,0,17100000,182478,RPRQMLPKIIPFFCA18DA,2,1,0,109,561470.7692307692,76.3076923076923,288.3384615384615,1,0,0,0,0,0,0,0,0,0,0,0,0,1,0,0,0,25.0478421,121.5406585,0,20,15,7,8,20,2,1,0,0
2508,農安街77巷1~30號,29.53,5.0,4,37,125.26,3,2,2,0,14500000,115759,RPQNMLSKIIPFFCA08DA,1,1,0,109,356181.53846153844,90.86153846153846,385.4153846153846,1,0,0,0,0,0,0,0,0,0,0,0,0,1,0,0,0,25.0653641,121.5285004,0,13,20,14,12,20,2,1,1,1
2509,林森北路391~420號,3.06,12.0,4,39,34.81,0,0,0,1,5000000,143637,RPROMLKMRHPFFCA48DA,1,1,0,109,441960.0,9.415384615384616,107.10769230769232,1,0,0,0,0,0,0,0,0,0,0,0,1,0,0,0,0,25.056629,121.525492,0,20,20,15,10,20,1,0,0,1
2510,復興北路488巷1弄1~30號,21.63,7.0,4,38,209.37,4,2,1,1,46000000,219707,RPTNMLTJRHPFFCA56DA,1,2,1,109,676021.5384615384,66.55384615384615,644.2153846153846,1,0,0,0,0,0,0,0,0,0,0,0,0,0,0,1,0,25.0652229,121.543906,0,12,14,1,1,3,1,1,1,0
2511,中山北路一段105巷1~30號,5.23,10.0,4,20,34.67,1,1,1,1,7880000,227286,RPWNMLTLIIPFFCA88DA,1,1,0,109,699341.5384615384,16.092307692307692,106.67692307692307,1,0,0,0,0,0,0,0,0,0,0,0,0,0,0,1,0,25.050986,121.522477,0,20,20,7,9,20,0,2,1,0
2512,農安街1~30號,4.66,13.0,4,14,52.48,1,1,1,1,10200000,194360,RPXOMLTLIIPFFCA09DA,1,1,1,109,598030.7692307692,14.338461538461539,161.47692307692307,1,0,0,0,0,0,0,0,0,0,0,0,1,0,0,0,0,25.0650285,121.523401,0,20,20,18,9,20,2,2,2,1
2513,松江路194巷1~30號,17.0,2.0,3,35,31.25,2,2,2,0,7680000,245760,RPUNMLTLIIPFFCA78EA,1,1,0,109,756184.6153846154,52.30769230769231,96.15384615384615,1,0,0,0,0,0,0,0,0,0,0,0,0,0,0,0,1,25.0572701,121.530697,1,20,20,11,11,20,2,0,1,0
2514,林森北路301~330號,4.03,14.0,4,18,36.83,1,1,1,1,7000000,190062,RPPQMLTLIIPFFCA58EA,1,1,0,109,584806.1538461539,12.4,113.32307692307691,1,0,0,0,0,0,0,0,0,0,0,0,1,0,0,0,0,25.056629,121.525492,0,20,20,15,10,20,1,0,0,1
2515,明水路397巷19弄1~30號,44.26,15.0,4,27,214.05,6,2,2,1,55000000,256949,RPQQMLTLIIPFFCA68EA,1,1,1,109,790612.3076923076,136.18461538461537,658.6153846153846,1,0,0,0,0,0,0,0,0,0,0,0,1,0,0,0,0,25.0787857,121.5495772,0,8,10,2,9,9,2,0,1,0
2516,南京東路二段1~30號,24.25,11.0,4,48,195.14000000000001,0,0,0,1,19900000,101978,RPWQMLTLIIPFFCA66EA,1,2,0,109,313778.4615384615,74.61538461538461,600.4307692307692,1,0,0,0,0,0,0,0,0,0,0,0,1,0,0,0,0,25.0523303,121.5279494,0,20,20,12,8,20,2,2,0,0
2517,林森北路451~480號,3.01,10.0,4,25,30.0,0,1,1,1,5650000,188333,RPVNMLKMIIPFFCA08EA,1,1,0,109,579486.1538461539,9.26153846153846,92.3076923076923,1,0,0,0,0,0,0,0,0,0,0,0,0,0,0,1,0,25.056629,121.525492,0,20,20,15,10,20,1,0,0,1
2518,林森北路119巷1~30號,14.81,4.0,4,48,41.55,3,2,1,0,4873725,117298,RPWQMLQKIIPFFCA88EA,1,1,0,109,360916.92307692306,45.56923076923077,127.84615384615384,1,0,0,0,0,0,0,0,0,0,0,0,0,1,0,0,0,25.0508342,121.5252532,0,20,20,9,10,20,0,0,0,0
2519,民生東路一段70巷1~30號,8.77,7.0,4,14,51.15,3,1,1,1,11000000,215054,RPPTMLMKIIPFFCA08EA,1,1,0,109,661704.6153846154,26.98461538461538,157.3846153846154,1,0,0,0,0,0,0,0,0,0,0,0,0,0,0,1,0,25.0576197,121.5264837,0,20,20,17,7,20,1,1,0,1
2520,八德路二段312巷1~30號,28.67,3.0,3,55,67.25,0,1,1,0,23000000,342007,RPQOMLKMIIPFFCA67EA,1,1,0,109,1052329.2307692308,88.21538461538462,206.9230769230769,1,0,0,0,0,0,0,0,0,0,0,0,0,1,0,0,0,25.047104,121.542854,0,20,20,8,11,20,2,1,0,0
2521,林森北路421~450號,4.42,10.0,4,25,42.5,1,1,1,1,6750000,158824,RPXOMLKMIIPFFCA38EA,1,1,0,109,488689.23076923075,13.6,130.76923076923077,1,0,0,0,0,0,0,0,0,0,0,0,0,0,0,1,0,25.056629,121.525492,0,20,20,15,10,20,1,0,0,1
2522,林森北路310巷1~30號,15.17,12.0,4,22,159.99,2,2,2,1,24800000,165946,RPOPMLKMIIPFFCA57EA,1,2,1,109,510603.0769230769,46.676923076923075,492.2769230769231,1,0,0,0,0,0,0,0,0,0,0,0,1,0,0,0,0,25.0562092,121.5243368,0,20,20,18,11,20,0,0,1,1
2523,民生東路一段61~90號,9.67,11.0,4,29,86.68,2,1,1,1,11880000,137056,RPSPMLKMIIPFFCA97EA,1,1,0,109,421710.7692307692,29.75384615384615,266.7076923076923,1,0,0,0,0,0,0,0,0,0,0,0,1,0,0,0,0,25.0581862,121.5265178,0,20,20,17,7,20,0,1,0,1
2524,建國北路二段33巷1~30號,17.36,15.0,4,33,144.98,4,2,2,1,28700000,197958,RPXNMLSLIIPFFCA88DA,5,1,0,109,609101.5384615385,53.41538461538461,446.09230769230766,1,0,0,0,0,0,0,0,0,0,0,0,1,0,0,0,0,25.055336,121.537472,1,20,20,6,13,20,1,2,0,0
2525,樂群二路271~300號,9.32,11.0,4,13,52.59,0,0,0,1,13480000,256322,RPUSMLTLIIPFFCA56DA,1,1,0,109,788683.0769230769,28.676923076923078,161.81538461538463,1,0,0,0,0,0,0,0,0,0,0,0,1,0,0,0,0,25.0802463,121.5604236,0,5,12,2,9,20,2,1,0,0
2526,中山北路一段83巷1~30號,5.62,7.0,4,47,28.060000000000002,1,1,1,1,5200000,185317,RPVSMLTLIIPFFCA66DA,2,1,0,109,570206.1538461539,17.29230769230769,86.33846153846154,1,0,0,0,0,0,0,0,0,0,0,0,0,0,0,1,0,25.0504647,121.5225109,0,20,20,7,9,20,0,2,1,0
2527,天津街61~90號,34.88,7.0,4,48,224.72,4,1,1,1,32650000,145292,RPQNMLKMIIPFFCA47DA,3,1,0,109,447052.3076923077,107.32307692307693,691.4461538461538,1,0,0,0,0,0,0,0,0,0,0,0,0,0,0,1,0,25.0514108,121.5234794,0,20,20,11,8,20,0,2,1,0
2528,松江路481~510號,15.0,12.0,4,37,137.78,3,2,2,1,27200000,197416,RPQPMLKKRHPFFCA28DA,1,1,0,109,607433.8461538461,46.15384615384615,423.9384615384615,1,0,0,0,0,0,0,0,0,0,0,0,1,0,0,0,0,25.0669573,121.5335171,0,2,15,2,7,16,0,0,0,6
2529,長春路331~360號,19.5,8.0,4,44,137.79,3,2,2,0,25000000,181436,RPRPMLTLRHPFFCA76DA,2,1,0,109,558264.6153846154,60.0,423.9692307692307,1,0,0,0,0,0,0,0,0,0,0,0,0,0,0,1,0,25.0547063,121.5443619,0,20,20,8,15,20,0,1,1,0
2530,建國北路二段1~30號,18.1,14.0,4,15,239.51,2,1,2,1,40000000,167008,RPQNMLTKIIPFFCA18DA,2,1,2,109,513870.7692307692,55.69230769230769,736.9538461538461,1,0,0,0,0,0,0,0,0,0,0,0,1,0,0,0,0,25.0523809,121.5371887,1,20,20,8,10,20,2,3,1,0
2531,長安東路二段91~120號,23.1,15.0,4,10,378.34000000000003,4,2,2,1,70000000,274958,RPRPMLMLIIPFFCA87DA,2,1,3,109,846024.6153846154,71.07692307692308,1164.123076923077,1,0,0,0,0,0,0,0,0,0,0,0,1,0,0,0,0,25.0484276,121.5347191,1,20,19,11,9,20,1,2,1,0
2532,林森北路399巷1~30號,7.55,13.0,4,37,81.89,3,1,1,1,12100000,147759,RPXPMLMJJIPFFCA38DA,3,1,0,109,454643.07692307694,23.23076923076923,251.96923076923076,1,0,0,0,0,0,0,0,0,0,0,0,1,0,0,0,0,25.059267,121.5256771,0,20,20,20,11,20,2,1,1,1
2533,林森北路451~480號,8.32,14.0,4,12,86.01,3,2,1,1,17000000,197651,RPOOMLMJJIPFFCA37DA,1,1,0,109,608156.923076923,25.6,264.6461538461539,1,0,0,0,0,0,0,0,0,0,0,0,1,0,0,0,0,25.056629,121.525492,0,20,20,15,10,20,1,0,0,1
2534,市民大道三段151~180號,8.91,13.0,4,13,68.5,2,1,1,1,11000000,160584,RPSNMLMJJIPFFCA67DA,1,1,0,109,494104.6153846154,27.415384615384614,210.76923076923077,1,0,0,0,0,0,0,0,0,0,0,0,1,0,0,0,0,25.0448694,121.5396463,0,19,20,7,12,20,1,0,0,0
2535,中山北路二段77巷1~30號,14.2,13.0,4,4,143.0,2,2,1,1,34500000,334933,RPVOMLSLIIPFFCA78DA,1,1,1,109,1030563.0769230769,43.692307692307686,440.0,1,0,0,0,0,0,0,0,0,0,0,0,1,0,0,0,0,25.0576596,121.5230491,0,20,20,17,10,20,0,0,1,1
2536,建國北路一段121~150號,3.97,13.0,4,11,31.07,1,1,1,1,8580000,276151,RPQSMLQLIIPFFCA48DA,1,1,0,109,849695.3846153846,12.215384615384616,95.6,1,0,0,0,0,0,0,0,0,0,0,0,1,0,0,0,0,25.0515458,121.5370066,1,20,20,12,10,20,1,3,1,0
2537,新生北路一段91~120號,3.85,12.0,4,40,31.25,1,1,1,1,5300000,169600,RPRTMLMKIIPFFCA28EA,1,1,0,109,521846.1538461538,11.846153846153847,96.15384615384615,1,0,0,0,0,0,0,0,0,0,0,0,1,0,0,0,0,25.0463313,121.5323976,1,17,18,8,10,20,2,1,0,0
2538,林森北路511~540號,5.02,14.0,4,16,54.489999999999995,3,1,1,1,14650000,268857,RPTTMLMKIIPFFCA48EA,1,1,0,109,827252.3076923076,15.446153846153845,167.66153846153844,1,0,0,0,0,0,0,0,0,0,0,0,1,0,0,0,0,25.056629,121.525492,0,20,20,15,10,20,1,0,0,1
2539,林森北路361~390號,2.6,12.0,4,36,29.82,1,1,1,1,4300000,144199,RPOPMLMJJIPFFCA57EA,1,1,0,109,443689.23076923075,8.0,91.75384615384615,1,0,0,0,0,0,0,0,0,0,0,0,1,0,0,0,0,25.056629,121.525492,0,20,20,15,10,20,1,0,0,1
2540,建國北路三段61~90號,7.62,14.0,4,6,76.41,0,0,0,1,18000000,235571,RPQPMLMJJIPFFCA77EA,2,1,0,109,724833.8461538461,23.446153846153845,235.10769230769228,1,0,0,0,0,0,0,0,0,0,0,0,1,0,0,0,0,25.0647501,121.537375,0,6,18,2,4,18,1,0,0,20
2541,林森北路631~660號,8.68,9.0,4,14,75.55,2,2,1,1,16300000,215751,RPPOMLNJJIPFFCA67EA,1,1,0,109,663849.2307692308,26.707692307692305,232.46153846153845,1,0,0,0,0,0,0,0,0,0,0,0,0,0,0,1,0,25.056629,121.525492,0,20,20,15,10,20,1,0,0,1
2542,松江路1~30號,9.29,12.0,4,34,101.13,2,1,1,1,18750000,185405,RPWOMLNJJIPFFCA38EA,1,1,0,109,570476.923076923,28.584615384615383,311.16923076923075,1,0,0,0,0,0,0,0,0,0,0,0,1,0,0,0,0,25.045864,121.5331196,1,15,18,6,8,20,1,1,1,0
2543,林森北路107巷1~30號,4.6,8.0,4,39,27.23,1,1,1,1,3500000,128535,RPSOMLNJJIPFFCA97EA,1,1,0,109,395492.3076923077,14.153846153846152,83.78461538461538,1,0,0,0,0,0,0,0,0,0,0,0,0,0,0,1,0,25.0503743,121.5252543,0,20,20,9,10,20,0,0,0,0
2544,明水路541~570號,9.82,16.0,4,25,42.75,2,1,1,1,10620000,248421,RPPPMLMJJIPFFCA67EA,1,1,0,109,764372.3076923076,30.215384615384615,131.53846153846155,1,0,0,0,0,0,0,0,0,0,0,0,1,0,0,0,0,25.078471,121.551841,0,7,5,1,8,11,1,0,1,0
2545,敬業一路128巷31~60號,11.63,7.0,4,14,78.69,1,1,1,1,12000000,152497,RPRNMLOJJIPFFCA87EA,1,1,1,109,469221.53846153844,35.784615384615385,242.1230769230769,1,0,0,0,0,0,0,0,0,0,0,0,0,0,0,1,0,25.0835087,121.5534435,0,15,11,1,6,20,0,0,1,0
2546,合江街1~30號,8.41,9.0,4,13,53.519999999999996,0,0,0,1,12900000,241031,RPVOMLOJJIPFFCA38EA,1,1,0,109,741633.8461538461,25.876923076923077,164.67692307692306,1,0,0,0,0,0,0,0,0,0,0,0,0,0,0,1,0,25.0548463,121.5391576,1,20,20,5,14,20,1,2,0,0
2547,新生北路二段61~90號,1.56,12.0,4,41,22.18,1,1,1,1,2520000,113616,RPUPMLOJJIPFFCA38EA,1,1,0,109,349587.6923076923,4.8,68.24615384615385,1,0,0,0,0,0,0,0,0,0,0,0,1,0,0,0,0,25.0562845,121.5277511,0,20,20,9,13,20,1,0,0,0
2548,中山北路二段59巷31~60號,4.26,16.0,4,22,38.55,1,2,1,1,9880000,256291,RPWPMLOJJIPFFCA58EA,1,1,0,109,788587.6923076923,13.107692307692307,118.6153846153846,1,0,0,0,0,0,0,0,0,0,0,0,1,0,0,0,0,25.0559502,121.5242173,0,20,20,18,10,20,0,0,1,1
2549,民生東路二段115巷25弄1~30號,26.75,4.0,3,53,78.44,3,2,1,0,12100000,154258,RPROMLMJJIPFFCA77EA,1,1,0,109,474640.0,82.3076923076923,241.35384615384615,1,0,0,0,0,0,0,0,0,0,0,0,0,1,0,0,0,25.0594718,121.5317982,1,20,20,12,12,20,1,0,1,8
2550,敬業三路162巷31~60號,47.09,12.0,4,21,155.48,3,2,2,1,32000000,205814,RPVPMLTLIIPFFCA98DA,1,1,1,109,633273.8461538461,144.8923076923077,478.4,1,0,0,0,0,0,0,0,0,0,0,0,1,0,0,0,0,25.079056,121.557962,0,3,6,2,9,12,2,1,0,0
2551,中山北路二段85巷1~30號,11.95,7.0,4,2,64.14,1,1,1,1,17650000,275179,RPQNMLLJJIPFFCA37DA,1,1,0,109,846704.6153846154,36.76923076923077,197.35384615384615,1,0,0,0,0,0,0,0,0,0,0,0,0,0,0,1,0,25.0588815,121.5235197,0,20,20,19,10,20,0,1,1,1
2552,中山北路二段85巷1~30號,8.58,7.0,4,2,45.05,1,1,1,1,12980000,288124,RPRNMLLJJIPFFCA47DA,1,1,0,109,886535.3846153846,26.4,138.6153846153846,1,0,0,0,0,0,0,0,0,0,0,0,0,0,0,1,0,25.0588815,121.5235197,0,20,20,19,10,20,0,1,1,1
2553,長春路211~240號,5.25,12.0,4,27,64.93,1,1,1,1,12800000,197135,RPSOMLMJJIPFFCA77DA,2,1,0,109,606569.2307692308,16.153846153846153,199.7846153846154,1,0,0,0,0,0,0,0,0,0,0,0,1,0,0,0,0,25.0549272,121.5384467,1,20,20,6,13,20,2,2,0,0
2554,中山北路二段50巷1~30號,42.67,6.0,4,47,172.43,4,2,2,0,37600000,218060,RPQQMLMJJIPFFCA77DA,2,1,0,109,670953.8461538461,131.2923076923077,530.5538461538462,1,0,0,0,0,0,0,0,0,0,0,0,0,0,0,1,0,25.0562382,121.5224934,0,20,20,18,10,20,0,0,2,1
2555,樂群二路151~180號,47.09,8.0,4,21,155.39999999999998,3,2,2,1,24000000,154440,RPQNMLOJJIPFFCA67DA,1,1,1,109,475200.0,144.8923076923077,478.1538461538461,1,0,0,0,0,0,0,0,0,0,0,0,0,0,0,1,0,25.0802656,121.557391,0,4,8,3,7,16,1,1,0,0
2556,市民大道三段151~180號,10.08,13.0,4,13,75.16,1,1,1,1,12800000,170303,RPRQMLNLIIPFFCA08DA,1,1,0,109,524009.23076923075,31.015384615384615,231.26153846153844,1,0,0,0,0,0,0,0,0,0,0,0,1,0,0,0,0,25.0448694,121.5396463,0,19,20,7,12,20,1,0,0,0
2557,南京東路二段151~180號,11.46,12.0,4,39,118.36,1,0,0,0,25060000,211727,RPUOMLTKIIPFFCA68DA,1,1,0,109,651467.6923076923,35.261538461538464,364.18461538461537,1,0,0,0,0,0,0,0,0,0,0,0,1,0,0,0,0,25.0522347,121.535662,1,20,20,15,11,20,2,4,1,0
2558,北安路621巷1~30號,34.81,5.0,4,41,110.62,3,2,2,0,22680000,205026,RPORMLKLIIPFFCA57DA,1,1,0,109,630849.2307692308,107.10769230769232,340.3692307692308,1,0,0,0,0,0,0,0,0,0,0,0,0,1,0,0,0,25.0830075,121.5488228,0,16,12,1,9,13,2,0,1,0
2559,松江路133巷1~30號,33.65,11.0,4,2,251.88,3,2,2,1,61000000,318917,RPWRMLNKIIPFFCA58DA,1,1,2,109,981283.0769230769,103.53846153846153,775.0153846153846,1,0,0,0,0,0,0,0,0,0,0,0,1,0,0,0,0,25.0542366,121.5342282,1,20,20,9,12,20,1,3,1,0
2560,八德路二段121~150號,64.0,2.0,1,35,96.69,4,3,2,0,45500000,470576,RPTNMLMKIIPFFCA77DA,1,1,0,109,1447926.1538461538,196.9230769230769,297.5076923076923,1,0,0,0,0,0,0,0,0,0,0,0,0,0,0,0,1,25.046275,121.537149,0,11,12,7,9,20,1,1,0,0
2561,南京東路二段31~60號,15.36,12.0,4,34,180.08,4,2,2,1,41800000,232119,RPOQMLLLIIPFFCA57DA,1,1,0,109,714212.3076923076,47.26153846153846,554.0923076923077,1,0,0,0,0,0,0,0,0,0,0,0,1,0,0,0,0,25.0522749,121.5290334,0,20,20,10,10,20,2,2,1,0
2562,民權東路一段61~90號,6.98,11.0,4,43,69.03,3,1,1,1,11400000,165146,RPVNMLOJJIPFFCA18DA,1,1,0,109,508141.53846153844,21.47692307692308,212.4,1,0,0,0,0,0,0,0,0,0,0,0,1,0,0,0,0,25.0629119,121.525043,0,20,20,20,13,20,2,2,1,1
2563,民權東路一段61~90號,5.67,11.0,4,43,54.67999999999999,1,1,1,1,9100000,166423,RPWNMLOJJIPFFCA28DA,1,1,0,109,512070.7692307692,17.446153846153845,168.24615384615382,1,0,0,0,0,0,0,0,0,0,0,0,1,0,0,0,0,25.0629119,121.525043,0,20,20,20,13,20,2,2,1,1
2564,新生北路三段1~30號,3.82,14.0,4,40,37.81,1,1,1,1,5850000,154721,RPVPMLOJJIPFFCA38DA,1,1,0,109,476064.6153846154,11.753846153846153,116.33846153846154,1,0,0,0,0,0,0,0,0,0,0,0,1,0,0,0,0,25.0628897,121.5281771,0,11,20,16,10,20,2,1,1,0
2565,農安街1~30號,2.88,14.0,4,12,50.06999999999999,1,1,1,1,9600000,191732,RPOOMLOKIIPFFCA67EA,1,1,0,109,589944.6153846154,8.86153846153846,154.06153846153845,1,0,0,0,0,0,0,0,0,0,0,0,1,0,0,0,0,25.0650285,121.523401,0,20,20,18,9,20,2,2,2,1
2566,新生北路二段61~90號,4.9,12.0,4,49,37.98,1,0,1,1,4900000,129015,RPRPMLPJJIPFFCA18EA,1,1,0,109,396969.23076923075,15.076923076923077,116.86153846153844,1,0,0,0,0,0,0,0,0,0,0,0,1,0,0,0,0,25.0562845,121.5277511,0,20,20,9,13,20,1,0,0,0
2567,民生東路一段61~90號,3.08,12.0,4,37,33.44,1,1,1,1,5600000,167464,RPXOMLOJJIPFFCA58EA,1,1,0,109,515273.8461538461,9.476923076923077,102.89230769230768,1,0,0,0,0,0,0,0,0,0,0,0,1,0,0,0,0,25.0581862,121.5265178,0,20,20,17,7,20,0,1,0,1
2568,中山北路一段83巷1~30號,6.14,5.0,4,36,31.479999999999997,0,0,0,1,5521600,175400,RPQOMLOJJIPFFCA87EA,1,1,0,109,539692.3076923076,18.89230769230769,96.86153846153844,1,0,0,0,0,0,0,0,0,0,0,0,0,1,0,0,0,25.0504647,121.5225109,0,20,20,7,9,20,0,2,1,0
2569,雙城街3巷1~30號,4.98,15.0,4,26,33.13,1,1,1,1,4580000,138243,RPTOMLOJJIPFFCA18EA,1,1,0,109,425363.07692307694,15.323076923076924,101.93846153846154,1,0,0,0,0,0,0,0,0,0,0,0,1,0,0,0,0,25.0633663,121.5244776,0,20,20,20,11,20,2,2,2,1
2570,明水路601~630號,13.49,10.0,4,20,47.25,2,1,1,1,11460000,242540,RPOPMLNJJIPFFCA67EA,1,1,0,109,746276.923076923,41.50769230769231,145.3846153846154,1,0,0,0,0,0,0,0,0,0,0,0,0,0,0,1,0,25.0808551,121.551534,0,16,8,2,9,15,1,0,1,0
2571,堤頂大道二段271~300號,58.81,9.0,4,20,213.45,3,2,2,1,40500000,189740,RPRPMLOJJIPFFCA08EA,1,1,1,109,583815.3846153846,180.95384615384614,656.7692307692307,1,0,0,0,0,0,0,0,0,0,0,0,0,0,0,1,0,25.0786215,121.5655756,0,18,14,1,11,20,1,1,1,0
2572,德惠街170巷1~30號,11.8,7.0,4,38,66.82,3,2,1,0,11100000,166118,RPVNMLQJJIPFFCA48EA,1,1,0,109,511132.3076923077,36.30769230769231,205.59999999999997,1,0,0,0,0,0,0,0,0,0,0,0,0,0,0,1,0,25.0662521,121.5318453,0,2,18,3,9,13,0,0,0,5
2573,民生東路一段61~90號,12.54,5.0,4,43,52.86,2,1,1,0,8100000,153235,RPOOMLPJJIPFFCA77EA,3,1,0,109,471492.3076923077,38.58461538461538,162.64615384615385,1,0,0,0,0,0,0,0,0,0,0,0,0,1,0,0,0,25.0581862,121.5265178,0,20,20,17,7,20,0,1,0,1
2574,長安東路一段53巷1~30號,5.31,7.0,4,43,32.54,1,1,1,1,4750000,145974,RPROMLPJJIPFFCA08EA,1,1,0,109,449150.7692307692,16.338461538461537,100.12307692307692,1,0,0,0,0,0,0,0,0,0,0,0,0,0,0,1,0,25.049001,121.526489,1,19,20,7,9,20,1,1,0,0
2575,農安街31~60號,10.28,8.0,4,47,74.82000000000001,1,1,1,1,12380000,165464,RPQPMLPJJIPFFCA08EA,1,1,0,109,509120.0,31.63076923076923,230.21538461538464,1,0,0,0,0,0,0,0,0,0,0,0,0,0,0,1,0,25.0650091,121.5250094,0,20,20,19,11,20,2,2,1,1
2576,林森北路107巷61~90號,10.83,6.0,4,27,39.66,1,1,1,1,5600000,141200,RPUNMLPJJIPFFCA28EA,1,1,0,109,434461.53846153844,33.323076923076925,122.03076923076921,1,0,0,0,0,0,0,0,0,0,0,0,0,0,0,1,0,25.0499592,121.5271009,1,20,20,8,9,20,1,2,0,0
2577,新生北路三段56巷1~30號,21.53,13.0,4,12,179.94,3,2,2,1,35500000,237303,RPPOMLOKIIPFFCA77EA,1,1,1,109,730163.0769230769,66.24615384615385,553.6615384615384,1,0,0,0,0,0,0,0,0,0,0,0,1,0,0,0,0,25.0654685,121.5273556,0,15,20,16,12,20,2,1,1,1
2578,撫順街1~30號,12.69,14.0,4,17,158.26,2,2,2,1,27000000,170605,RPVPMLKMIIPFFCA18DA,1,1,1,109,524938.4615384615,39.04615384615384,486.9538461538461,1,0,0,0,0,0,0,0,0,0,0,0,1,0,0,0,0,25.0638973,121.5219221,0,20,20,20,10,20,2,4,2,1
2579,龍江路120巷1~30號,0.0,11.0,4,22,115.59,4,2,1,1,11300000,97759,RPRRMLSJIIPFFCA48DA,0,1,1,109,300796.92307692306,0.0,355.66153846153844,1,0,0,0,0,0,0,0,0,0,0,0,1,0,0,0,0,25.053706,121.540307,0,20,20,7,15,20,1,0,1,0
2580,中山北路二段65巷1~30號,15.11,12.0,4,1,156.93,2,2,2,1,36180000,289958,RPROMLQLIIPFFCA18DA,1,1,1,106,892178.4615384615,46.49230769230769,482.8615384615385,1,0,0,0,0,0,0,0,0,0,0,0,1,0,0,0,0,25.0571759,121.52326,0,20,20,15,8,20,0,0,1,1
2581,中山北路二段65巷1~30號,17.07,12.0,4,1,170.99,3,2,2,1,40000000,284900,RPOOMLQJJIPFFCA77DA,1,1,1,109,876615.3846153846,52.52307692307692,526.123076923077,1,0,0,0,0,0,0,0,0,0,0,0,1,0,0,0,0,25.0571759,121.52326,0,20,20,15,8,20,0,0,1,1
2582,松江路330巷1~30號,99.0,2.0,3,35,164.24,4,2,2,0,73000000,444472,RPUOMLQJJIPFFCA38DA,1,1,0,109,1367606.1538461538,304.6153846153846,505.3538461538462,1,0,0,0,0,0,0,0,0,0,0,0,0,0,0,0,1,25.0612193,121.532649,0,20,20,12,10,20,0,0,1,18
2583,復興南路一段31~60號,86.02,14.0,4,19,790.49,0,0,0,1,214880000,271831,RPRPMLQJJIPFFCA18DA,1,3,0,109,836403.0769230769,264.67692307692306,2432.276923076923,1,0,0,0,0,0,0,0,0,0,0,0,1,0,0,0,0,25.0463947,121.5441547,0,20,20,10,11,20,2,1,0,0
2584,復興北路190巷1~30號,9.16,15.0,4,35,48.989999999999995,3,1,1,1,8000000,163299,RPOQMLQJJIPFFCA97DA,1,1,0,109,502458.4615384615,28.184615384615384,150.7384615384615,1,0,0,0,0,0,0,0,0,0,0,0,1,0,0,0,0,25.055574,121.543237,0,20,20,11,17,20,0,0,1,0
2585,新生北路三段1~30號,4.41,11.0,4,9,42.38,1,1,1,1,9700000,228882,RPQOMLPJJIPFFCA87DA,1,1,0,109,704252.3076923076,13.569230769230769,130.4,1,0,0,0,0,0,0,0,0,0,0,0,1,0,0,0,0,25.0628897,121.5281771,0,11,20,16,10,20,2,1,1,0
2586,新生北路一段91~120號,6.45,12.0,4,33,53.97,2,1,1,1,9480000,175653,RPWPMLPJJIPFFCA58DA,1,1,0,109,540470.7692307692,19.846153846153847,166.06153846153845,1,0,0,0,0,0,0,0,0,0,0,0,1,0,0,0,0,25.0463313,121.5323976,1,17,18,8,10,20,2,1,0,0
2587,民生東路三段88巷1~30號,21.32,15.0,4,35,105.03999999999999,3,2,1,1,23200000,220868,RPROMLOKIIPFFCA97EA,1,1,0,109,679593.8461538461,65.6,323.2,1,0,0,0,0,0,0,0,0,0,0,0,1,0,0,0,0,25.0572556,121.5432725,0,20,20,9,15,20,0,1,1,0
2588,民生東路二段61~90號,8.6,7.0,4,41,46.120000000000005,1,1,1,1,7600000,164788,RPWOMLQJJIPFFCA68EA,1,1,0,109,507040.0,26.46153846153846,141.90769230769232,1,0,0,0,0,0,0,0,0,0,0,0,0,0,0,1,0,25.058163,121.5297391,0,20,20,13,9,20,1,0,1,0
2589,德惠街3巷1~30號,8.9,7.0,4,15,67.34,1,1,1,1,9380000,139293,RPXOMLQJJIPFFCA78EA,1,1,1,109,428593.8461538461,27.384615384615383,207.20000000000002,1,0,0,0,0,0,0,0,0,0,0,0,0,0,0,1,0,25.067018,121.5231105,0,16,20,15,12,20,0,1,0,1
2590,錦州街23巷1~30號,5.79,14.0,4,6,89.03999999999999,1,1,1,1,13086480,146973,RPOQMLQJJIPFFCA08EA,1,1,1,109,452224.6153846154,17.815384615384616,273.96923076923076,1,0,0,0,0,0,0,0,0,0,0,0,1,0,0,0,0,25.0606662,121.5252036,0,20,20,20,12,20,2,1,1,1
2591,新生北路二段61~90號,3.38,7.0,4,42,23.8,1,0,1,1,3180000,133613,RPQPMLQJJIPFFCA18EA,1,1,0,109,411116.92307692306,10.399999999999999,73.23076923076923,1,0,0,0,0,0,0,0,0,0,0,0,0,0,0,1,0,25.0562845,121.5277511,0,20,20,9,13,20,1,0,0,0
2592,基湖路112巷31~60號,81.52,7.0,4,17,229.03000000000003,3,2,2,1,55500000,274768,RPTPMLQJJIPFFCA48EA,1,2,1,109,845440.0,250.83076923076922,704.7076923076924,1,0,0,0,0,0,0,0,0,0,0,0,0,0,0,1,0,25.0794096,121.5627225,0,11,12,2,11,20,2,1,0,0
2593,敬業三路162巷1~30號,47.09,12.0,4,21,155.45999999999998,3,2,2,1,25150000,161778,RPWNMLPJJIPFFCA48EA,1,1,1,109,497778.4615384615,144.8923076923077,478.33846153846144,1,0,0,0,0,0,0,0,0,0,0,0,1,0,0,0,0,25.0791581,121.5572576,0,3,6,2,8,12,2,1,0,0
2594,農安街31~60號,168.11,10.0,4,42,1436.1499999999999,35,0,0,1,175000000,121854,RPXOMLTJJIPFFCA09EA,1,2,0,109,374935.3846153846,517.2615384615385,4418.923076923076,1,0,0,0,0,0,0,0,0,0,0,0,0,0,0,1,0,25.0650091,121.5250094,0,20,20,19,11,20,2,2,1,1
2595,松江路108巷1~30號,30.1,5.0,4,49,113.47,3,2,2,0,21280000,187539,RPROMLQJJIPFFCA18EA,2,1,0,109,577043.0769230769,92.61538461538461,349.1384615384615,1,0,0,0,0,0,0,0,0,0,0,0,0,1,0,0,0,25.0512904,121.531804,0,20,20,13,11,20,2,2,1,0
2596,民權東路三段61~90號,16.23,19.0,4,35,149.14,3,2,2,1,31880000,213759,RPPQMLTJJIPFFCA48EA,1,1,0,109,657720.0,49.93846153846154,458.8923076923076,1,0,0,0,0,0,0,0,0,0,0,0,1,0,0,0,0,25.0625501,121.5432045,0,20,18,5,8,7,1,2,1,0
2597,民生東路一段61~90號,11.95,12.0,4,40,130.82,3,2,2,1,19000000,145238,RPSOMLTJJIPFFCA58EA,1,1,0,109,446886.1538461538,36.76923076923077,402.52307692307687,1,0,0,0,0,0,0,0,0,0,0,0,1,0,0,0,0,25.0581862,121.5265178,0,20,20,17,7,20,0,1,0,1
2598,建國北路一段23巷31~60號,13.87,9.0,4,24,44.32,1,1,1,1,11680000,263538,RPPQMLKKJIPFFCA67EA,1,1,0,109,810886.1538461539,42.676923076923075,136.36923076923077,1,0,0,0,0,0,0,0,0,0,0,0,0,0,0,1,0,25.0474757,121.5389619,0,20,14,9,7,20,2,1,0,0
2599,雙城街13巷1~30號,22.75,4.0,3,55,68.17,3,2,1,0,12000000,176031,RPQTMLMKIIPFFCA18EA,1,1,0,109,541633.8461538461,70.0,209.75384615384615,1,0,0,0,0,0,0,0,0,0,0,0,0,1,0,0,0,25.06417,121.5245646,0,20,20,19,11,20,2,2,1,1
2600,龍江路65巷1~30號,9.13,5.0,4,30,44.43,1,1,1,0,9400000,211569,RPUPMLTKIIPFFCA88EA,1,1,0,109,650981.5384615385,28.092307692307692,136.7076923076923,1,0,0,0,0,0,0,0,0,0,0,0,0,0,0,1,0,25.0504145,121.5404707,0,20,20,12,10,20,1,1,1,0
2601,南京東路三段89巷27弄1~30號,17.66,10.0,4,4,135.45,1,1,1,1,31500000,317407,RPVPMLTKIIPFFCA98EA,1,1,1,109,976636.923076923,54.33846153846154,416.7692307692307,1,0,0,0,0,0,0,0,0,0,0,0,0,0,0,1,0,25.0537565,121.5378468,1,20,20,6,12,20,2,2,0,0
2602,新生北路二段61~90號,4.18,12.0,4,24,44.94,1,0,1,1,7500000,166889,RPSPMLQLIIPFFCA48EA,1,1,0,109,513504.6153846154,12.86153846153846,138.27692307692305,1,0,0,0,0,0,0,0,0,0,0,0,1,0,0,0,0,25.0562845,121.5277511,0,20,20,9,13,20,1,0,0,0
2603,農安街31~60號,5.7,10.0,4,42,62.84,2,2,1,1,10500000,167091,RPTPMLQLIIPFFCA58EA,1,1,0,109,514126.1538461538,17.53846153846154,193.35384615384615,1,0,0,0,0,0,0,0,0,0,0,0,0,0,0,1,0,25.0650091,121.5250094,0,20,20,19,11,20,2,2,1,1
2604,復興北路514巷31~60號,33.2,5.0,4,37,123.8,3,2,2,0,18400000,148627,RPTOMLPJJIPFFCA18DA,1,1,0,109,457313.8461538461,102.15384615384616,380.9230769230769,1,0,0,0,0,0,0,0,0,0,0,0,0,1,0,0,0,25.0660734,121.5428334,0,8,14,1,3,5,1,1,0,0
2605,中山北路二段151~180號,38.0,12.0,4,40,391.15,0,0,0,1,81680000,208820,RPPNMLQJJIPFFCA77DA,1,3,0,109,642523.0769230769,116.92307692307692,1203.5384615384614,1,0,0,0,0,0,0,0,0,0,0,0,1,0,0,0,0,25.0621888,121.5229898,0,20,20,20,13,20,2,3,2,2
2606,樂群二路91~120號,45.98,11.0,4,13,317.01,2,2,4,1,95000000,348541,RPPRMLQJJIPFFCA18DA,1,1,2,109,1072433.846153846,141.47692307692307,975.4153846153846,1,0,0,0,0,0,0,0,0,0,0,0,1,0,0,0,0,25.0803097,121.5548308,0,10,10,4,8,18,0,0,0,0
2607,新生北路三段1~30號,3.67,14.0,4,40,36.75,1,1,1,1,5800000,157823,RPXQMLSLIIPFFCA56DA,1,1,0,109,485609.23076923075,11.292307692307691,113.07692307692307,1,0,0,0,0,0,0,0,0,0,0,0,1,0,0,0,0,25.0628897,121.5281771,0,11,20,16,10,20,2,1,1,0
2608,林森北路631~660號,8.76,9.0,4,14,95.06,2,1,1,1,15800000,166211,RPTNMLMJJIPFFCA77DA,1,1,1,109,511418.4615384615,26.953846153846154,292.4923076923077,1,0,0,0,0,0,0,0,0,0,0,0,0,0,0,1,0,25.056629,121.525492,0,20,20,15,10,20,1,0,0,1
2609,松江路235巷1~30號,30.13,7.0,4,44,153.07,3,2,2,0,28500000,186189,RPTNMLSLIIPFFCA48DA,1,1,0,109,572889.2307692308,92.7076923076923,470.9846153846153,1,0,0,0,0,0,0,0,0,0,0,0,0,0,0,1,0,25.0589871,121.5338425,1,20,20,10,7,20,1,2,1,15
2610,復興北路514巷1~30號,26.55,5.0,4,37,100.76,2,2,1,0,16200000,160778,RPVQMLMLIIPFFCA38DA,1,1,0,109,494701.53846153844,81.6923076923077,310.03076923076924,1,0,0,0,0,0,0,0,0,0,0,0,0,1,0,0,0,25.0660723,121.5438178,0,10,13,1,1,4,1,1,0,0
2611,民生東路一段61~90號,5.92,11.0,4,29,47.6,1,1,1,1,7300000,153361,RPSQMLLLIIPFFCA97DA,1,1,0,109,471880.0,18.215384615384615,146.46153846153845,1,0,0,0,0,0,0,0,0,0,0,0,1,0,0,0,0,25.0581862,121.5265178,0,20,20,17,7,20,0,1,0,1
2612,撫順街41巷1~30號,4.89,6.0,4,39,27.14,1,1,1,1,5680000,209285,RPRPMLTKIIPFFCA48DA,1,1,0,109,643953.8461538461,15.046153846153844,83.50769230769231,1,0,0,0,0,0,0,0,0,0,0,0,0,0,0,1,0,25.064013,121.5193822,0,20,20,13,9,20,3,3,1,0
2613,農安街125巷31~60號,29.13,7.0,4,3,125.32,2,2,2,1,29500000,247432,RPQQMLSJIIPFFCA28DA,1,1,1,109,761329.2307692308,89.63076923076922,385.59999999999997,1,0,0,0,0,0,0,0,0,0,0,0,0,0,0,1,0,25.065936,121.5299649,0,10,20,7,11,14,2,0,0,1
2614,林森北路391~420號,5.11,13.0,4,37,54.68,1,1,1,1,8000000,146306,RPQPMLTLIIPFFCA48DA,3,1,0,109,450172.3076923077,15.723076923076924,168.24615384615385,1,0,0,0,0,0,0,0,0,0,0,0,1,0,0,0,0,25.056629,121.525492,0,20,20,15,10,20,1,0,0,1
2615,敬業三路162巷31~60號,47.09,12.0,4,21,155.29,3,2,2,1,27300000,175800,RPTQMLTJJIPFFCA78DA,1,1,0,109,540923.0769230769,144.8923076923077,477.8153846153846,1,0,0,0,0,0,0,0,0,0,0,0,1,0,0,0,0,25.079056,121.557962,0,3,6,2,9,12,2,1,0,0
2616,農安街227巷9弄1~30號,26.0,5.0,4,44,88.62,2,2,2,0,14700000,165877,RPQOMLKKJIPFFCA47DA,1,1,0,109,510390.7692307692,80.0,272.67692307692306,1,0,0,0,0,0,0,0,0,0,0,0,0,1,0,0,0,25.065666,121.533972,0,4,17,2,7,20,0,0,0,20
2617,長安東路一段1~30號,30.52,14.0,4,14,285.32,4,2,2,1,51000000,178747,RPVOMLKKJIPFFCA08EA,2,1,2,109,549990.7692307692,93.9076923076923,877.9076923076923,1,0,0,0,0,0,0,0,0,0,0,0,1,0,0,0,0,25.049818,121.522081,0,20,20,7,8,20,0,2,1,0
2618,中山北路二段93巷1~30號,36.08,12.0,4,8,369.94,4,2,2,1,72000000,194626,RPOOMLLKJIPFFCA47EA,1,1,2,109,598849.2307692308,111.0153846153846,1138.2769230769231,1,0,0,0,0,0,0,0,0,0,0,0,1,0,0,0,0,25.0594195,121.5233012,0,20,20,18,10,20,0,1,2,1
2619,北安路476巷1~30號,18.0,5.0,4,41,71.72,4,0,4,0,14300000,199387,RPQPMLLKJIPFFCA77EA,1,1,0,109,613498.4615384615,55.38461538461538,220.67692307692306,1,0,0,0,0,0,0,0,0,0,0,0,0,1,0,0,0,25.0795912,121.5451162,0,1,9,1,6,4,2,2,1,0
2620,建國北路三段121~150號,24.86,8.0,4,32,127.43,4,2,2,0,20500000,160873,RPSQMLLKJIPFFCA08EA,1,1,0,109,494993.8461538461,76.49230769230769,392.0923076923077,1,0,0,0,0,0,0,0,0,0,0,0,0,0,0,1,0,25.0667099,121.5356347,0,2,13,2,4,17,0,0,0,10
2621,德惠街31~60號,5.55,11.0,4,39,59.59,2,2,1,1,10280000,172512,RPTQMLLKJIPFFCA18EA,1,1,0,109,530806.1538461539,17.076923076923077,183.35384615384615,1,0,0,0,0,0,0,0,0,0,0,0,1,0,0,0,0,25.0667707,121.5265786,0,11,20,15,15,20,2,0,1,1
2622,德惠街31~60號,3.0,9.0,4,42,27.42,1,1,1,1,4700000,171408,RPPNMLMKJIPFFCA57EA,1,1,0,109,527409.2307692308,9.23076923076923,84.36923076923077,1,0,0,0,0,0,0,0,0,0,0,0,0,0,0,1,0,25.0667707,121.5265786,0,11,20,15,15,20,2,0,1,1
2623,南京東路二段1~30號,62.95,12.0,4,32,593.79,0,0,0,1,140790000,237104,RPWNMLMKJIPFFCA28EA,3,2,0,109,729550.7692307692,193.6923076923077,1827.0461538461536,1,0,0,0,0,0,0,0,0,0,0,0,1,0,0,0,0,25.0523303,121.5279494,0,20,20,12,8,20,2,2,0,0
2624,德惠街1~30號,4.48,10.0,4,39,42.31999999999999,1,1,1,1,6660000,157372,RPPQMLMKJIPFFCA87EA,1,1,0,109,484221.53846153844,13.784615384615385,130.21538461538458,1,0,0,0,0,0,0,0,0,0,0,0,0,0,0,1,0,25.0668904,121.5229555,0,17,20,15,12,20,1,1,0,1
2625,林森北路107巷1~30號,25.58,7.0,4,5,142.78,2,1,1,1,19800000,138675,RPXQMLKKJIPFFCA48EA,1,1,1,109,426692.3076923077,78.7076923076923,439.32307692307694,1,0,0,0,0,0,0,0,0,0,0,0,0,0,0,1,0,25.0503743,121.5252543,0,20,20,9,10,20,0,0,0,0
2626,民生東路一段1~30號,8.86,12.0,4,38,114.82,0,0,0,1,12800000,111479,RPUPMLKKJIPFFCA08EA,1,1,0,109,343012.3076923077,27.26153846153846,353.29230769230765,1,0,0,0,0,0,0,0,0,0,0,0,1,0,0,0,0,25.0579831,121.5250958,0,20,20,16,12,20,0,1,1,1
2627,民生東路一段1~30號,30.24,12.0,4,38,378.8,0,0,0,1,45980000,121383,RPVPMLKKJIPFFCA18EA,1,1,0,109,373486.1538461538,93.04615384615384,1165.5384615384614,1,0,0,0,0,0,0,0,0,0,0,0,1,0,0,0,0,25.0579831,121.5250958,0,20,20,16,12,20,0,1,1,1
2628,民生東路一段1~30號,8.86,12.0,4,38,114.82,0,0,0,1,13900000,121059,RPWPMLKKJIPFFCA28EA,1,1,0,109,372489.23076923075,27.26153846153846,353.29230769230765,1,0,0,0,0,0,0,0,0,0,0,0,1,0,0,0,0,25.0579831,121.5250958,0,20,20,16,12,20,0,1,1,1
2629,民生東路一段1~30號,30.24,12.0,4,38,378.8,0,0,0,1,42300000,111668,RPXPMLKKJIPFFCA38EA,1,1,0,109,343593.8461538461,93.04615384615384,1165.5384615384614,1,0,0,0,0,0,0,0,0,0,0,0,1,0,0,0,0,25.0579831,121.5250958,0,20,20,16,12,20,0,1,1,1
2630,八德路二段241~270號,7.54,12.0,4,43,65.53999999999999,2,1,1,1,12600000,192249,RPQRMLTJJIPFFCA58DA,2,1,0,109,591535.3846153846,23.2,201.66153846153844,1,0,0,0,0,0,0,0,0,0,0,0,1,0,0,0,0,25.0469703,121.5407529,0,18,18,7,10,20,2,1,0,0
2631,新生北路三段1~30號,2.79,14.0,4,40,27.48,1,1,1,1,3750000,136463,RPSNMLLKJIPFFCA67DA,1,1,0,109,419886.1538461538,8.584615384615384,84.55384615384615,1,0,0,0,0,0,0,0,0,0,0,0,1,0,0,0,0,25.0628897,121.5281771,0,11,20,16,10,20,2,1,1,0
2632,大直街62巷5弄1~30號,33.46,8.0,4,18,116.62,3,2,2,1,29680000,254502,RPROMLLKJIPFFCA67DA,1,1,0,109,783083.0769230769,102.95384615384616,358.83076923076925,1,0,0,0,0,0,0,0,0,0,0,0,0,0,0,1,0,25.0834191,121.545059,0,5,9,0,7,0,1,0,1,0
2633,中山北路二段121~150號,15.92,13.0,4,1,172.92000000000002,3,2,2,1,55400000,344355,RPRNMLQLRHPFFCA88DA,1,2,1,107,1059553.846153846,48.98461538461538,532.0615384615385,1,0,0,0,0,0,0,0,0,0,0,0,1,0,0,0,0,25.0612094,121.5231156,0,20,20,20,12,20,2,2,3,1
2634,長春路211~240號,10.23,12.0,4,35,123.53,3,2,2,1,24150000,195499,RPSPMLNLIIPFFCA08DA,1,1,0,109,601535.3846153846,31.47692307692308,380.09230769230766,1,0,0,0,0,0,0,0,0,0,0,0,1,0,0,0,0,25.0549272,121.5384467,1,20,20,6,13,20,2,2,0,0
2635,林森北路571~600號,12.0,13.0,4,10,145.47,2,2,1,1,23000000,158108,RPXPMLKMIIPFFCA38DA,1,1,1,109,486486.1538461538,36.92307692307692,447.59999999999997,1,0,0,0,0,0,0,0,0,0,0,0,1,0,0,0,0,25.056629,121.525492,0,20,20,15,10,20,1,0,0,1
2636,敬業一路151~180號,85.89,7.0,4,17,301.64,4,2,3,1,69000000,228750,RPQOMLQJJIPFFCA97DA,1,1,2,109,703846.1538461539,264.2769230769231,928.1230769230768,1,0,0,0,0,0,0,0,0,0,0,0,0,0,0,1,0,25.084181,121.5523892,0,16,9,1,6,18,0,0,1,0
2637,吉林路329巷1~30號,27.73,5.0,4,40,98.08,2,2,2,0,16800000,171289,RPQOMLMKJIPFFCA67DA,1,1,0,109,527043.0769230769,85.32307692307693,301.7846153846154,1,0,0,0,0,0,0,0,0,0,0,0,0,1,0,0,0,25.0639641,121.53126,0,9,20,7,10,19,2,0,0,15
2638,松江路431巷1~30號,19.65,7.0,4,32,102.23,0,0,0,1,18000000,176074,RPWRMLKKJIPFFCA38DA,1,1,0,109,541766.1538461539,60.46153846153845,314.55384615384617,1,0,0,0,0,0,0,0,0,0,0,0,0,0,0,1,0,25.065472,121.5349701,0,4,19,2,5,20,0,0,0,20
2639,龍江路361~390號,24.27,5.0,4,42,95.59,3,2,1,0,14380000,150434,RPTQMLTKIIPFFCA88EA,1,1,0,109,462873.8461538461,74.67692307692307,294.12307692307695,1,0,0,0,0,0,0,0,0,0,0,0,0,1,0,0,0,25.064195,121.5412979,0,14,20,4,5,9,1,1,1,0
2640,民權東路一段31~60號,4.63,12.0,4,14,40.510000000000005,2,1,1,1,9600000,236979,RPOQMLMKJIPFFCA77EA,1,1,0,109,729166.1538461539,14.246153846153845,124.64615384615385,1,0,0,0,0,0,0,0,0,0,0,0,1,0,0,0,0,25.0629946,121.5241052,0,20,20,20,11,20,2,2,2,2
2641,農安街1~30號,4.84,14.0,4,18,45.739999999999995,1,1,1,1,10400000,227372,RPVNMLNKJIPFFCA28EA,1,1,0,109,699606.1538461539,14.892307692307691,140.7384615384615,1,0,0,0,0,0,0,0,0,0,0,0,1,0,0,0,0,25.0650285,121.523401,0,20,20,18,9,20,2,2,2,1
2642,新生北路三段82巷1~30號,6.15,10.0,4,28,53.12,1,1,1,1,9780000,184111,RPPNMLNKJIPFFCA67EA,1,1,0,109,566495.3846153846,18.923076923076923,163.44615384615383,1,0,0,0,0,0,0,0,0,0,0,0,0,0,0,1,0,25.0671118,121.5273123,0,11,20,13,16,20,2,0,1,1
2643,松江路1~30號,2.4,12.0,4,34,34.3,0,0,0,1,6600000,192420,RPPPMLNKJIPFFCA87EA,1,1,0,109,592061.5384615385,7.384615384615384,105.53846153846153,1,0,0,0,0,0,0,0,0,0,0,0,1,0,0,0,0,25.045864,121.5331196,1,15,18,6,8,20,1,1,1,0
2644,新生北路一段91~120號,3.4,12.0,4,43,26.9,0,1,1,1,5200000,193309,RPOPMLLKJIPFFCA57EA,6,1,0,109,594796.923076923,10.461538461538462,82.76923076923076,1,0,0,0,0,0,0,0,0,0,0,0,1,0,0,0,0,25.0463313,121.5323976,1,17,18,8,10,20,2,1,0,0
2645,中山北路二段85巷1~30號,13.56,7.0,4,2,89.45,1,1,1,1,22800000,288961,RPPNMLLKJIPFFCA37DA,1,1,1,109,889110.7692307692,41.723076923076924,275.2307692307692,1,0,0,0,0,0,0,0,0,0,0,0,0,0,0,1,0,25.0588815,121.5235197,0,20,20,19,10,20,0,1,1,1
2646,中山北路二段85巷1~30號,10.37,7.0,4,2,54.33,1,1,1,1,16500000,303700,RPRNMLLKJIPFFCA57DA,1,1,0,109,934461.5384615384,31.907692307692304,167.16923076923075,1,0,0,0,0,0,0,0,0,0,0,0,0,0,0,1,0,25.0588815,121.5235197,0,20,20,19,10,20,0,1,1,1
2647,林森北路119巷1~30號,28.25,4.0,4,50,91.51,3,2,1,0,12300000,134412,RPURMLMKJIPFFCA38DA,1,1,0,109,413575.3846153846,86.92307692307692,281.5692307692308,1,0,0,0,0,0,0,0,0,0,0,0,0,1,0,0,0,25.0508342,121.5252532,0,20,20,9,10,20,0,0,0,0
2648,吉林路200巷1~30號,34.33,3.0,3,55,83.2,2,1,1,0,13700000,164663,RPRNMLPLIIPFFCA97DA,1,1,0,109,506655.3846153846,105.63076923076922,256.0,1,0,0,0,0,0,0,0,0,0,0,0,0,1,0,0,0,25.0586115,121.5299531,0,20,20,13,10,20,1,0,1,0
2649,長春路361~390號,32.38,16.0,4,25,299.87,7,0,0,1,53800000,179411,RPRRMLQKIIPFFCA38DA,2,1,0,109,552033.8461538461,99.63076923076923,922.676923076923,1,0,0,0,0,0,0,0,0,0,0,0,1,0,0,0,0,25.0545188,121.5461106,0,20,20,20,15,20,0,1,1,0
2650,五常街11巷1~30號,11.91,17.0,4,2,114.71000000000001,2,1,1,1,21000000,246511,RPQOMLSLIIPFFCA28DA,2,1,1,109,758495.3846153846,36.646153846153844,352.95384615384614,1,0,0,0,0,0,0,0,0,0,0,0,1,0,0,0,0,25.0645708,121.5377789,0,7,19,2,4,18,1,0,0,20
2651,五常街11巷1~30號,18.24,17.0,4,2,155.03,0,0,0,1,35800000,286349,RPUNMLNJJIPFFCA97DA,2,1,1,109,881073.8461538461,56.123076923076916,477.0153846153846,1,0,0,0,0,0,0,0,0,0,0,0,1,0,0,0,0,25.0645708,121.5377789,0,7,19,2,4,18,1,0,0,20
2652,明水路397巷7弄1~30號,55.66,6.0,4,20,199.23000000000002,3,2,2,1,43680000,219255,RPVNMLPKJIPFFCA38DA,1,1,1,109,674630.7692307692,171.26153846153844,613.0153846153846,1,0,0,0,0,0,0,0,0,0,0,0,0,0,0,1,0,25.0781699,121.548691,0,5,8,2,9,5,2,0,1,0
2653,五常街11巷1~30號,15.06,17.0,4,2,134.0,3,2,1,1,25880000,247812,RPVNMLQJJIPFFCA38DA,2,1,1,109,762498.4615384615,46.33846153846154,412.3076923076923,1,0,0,0,0,0,0,0,0,0,0,0,1,0,0,0,0,25.0645708,121.5377789,0,7,19,2,4,18,1,0,0,20
2654,林森北路85巷61~90號,7.24,7.0,4,13,28.830000000000002,1,1,1,1,6150000,213319,RPPQMLNJJIPFFCA77DA,1,1,0,109,656366.1538461539,22.276923076923076,88.70769230769231,1,0,0,0,0,0,0,0,0,0,0,0,0,0,0,1,0,25.049411,121.527082,1,19,20,8,10,20,1,2,0,0
2655,建國北路三段22巷1~30號,25.5,5.0,4,37,88.06,2,2,1,0,12000000,136271,RPRNMLQKJIPFFCA08DA,1,1,0,109,419295.3846153846,78.46153846153845,270.95384615384614,1,0,0,0,0,0,0,0,0,0,0,0,0,1,0,0,0,25.0639134,121.5357346,0,10,20,5,6,20,0,0,0,20
2656,新生北路二段61~90號,1.8,12.0,4,41,19.93,1,0,1,1,2780000,139488,RPROMLQKJIPFFCA28EA,1,1,0,109,429193.8461538461,5.538461538461538,61.32307692307692,1,0,0,0,0,0,0,0,0,0,0,0,1,0,0,0,0,25.0562845,121.5277511,0,20,20,9,13,20,1,0,0,0
2657,明水路397巷7弄1~30號,19.46,8.0,4,26,87.50999999999999,3,2,2,1,18750000,214261,RPVOMLSKJIPFFCA88EA,1,1,1,109,659264.6153846154,59.87692307692308,269.2615384615384,1,0,0,0,0,0,0,0,0,0,0,0,0,0,0,1,0,25.0781699,121.548691,0,5,8,2,9,5,2,0,1,0
2658,四平街31~60號,5.7,11.0,4,13,48.81999999999999,2,1,1,1,13580000,278165,RPQQMLTKIIPFFCA58EA,2,1,0,109,855892.3076923076,17.53846153846154,150.21538461538458,1,0,0,0,0,0,0,0,0,0,0,0,1,0,0,0,0,25.0537396,121.531363,1,20,20,8,9,20,3,4,1,0
2659,新生北路二段31~60號,8.16,17.0,4,25,79.62,2,1,2,1,16500000,207234,RPVQMLTKIIPFFCA09EA,1,1,0,109,637643.0769230769,25.107692307692307,244.98461538461538,1,0,0,0,0,0,0,0,0,0,0,0,1,0,0,0,0,25.0542013,121.5278274,0,20,20,9,11,20,1,1,0,0
2660,長春路137巷1~30號,50.41,7.0,4,42,148.38,4,0,4,1,26500000,178595,RPORMLTKIIPFFCA48EA,2,1,0,109,549523.0769230769,155.1076923076923,456.5538461538461,1,0,0,0,0,0,0,0,0,0,0,0,0,0,0,1,0,25.055362,121.5316745,1,20,20,5,9,20,2,3,1,0
2661,北安路608巷4弄1~30號,63.4,13.0,4,28,250.23999999999998,4,1,2,1,68000000,271739,RPVNMLQLJIPFFCA68EA,1,1,0,109,836120.0,195.07692307692307,769.9692307692306,1,0,0,0,0,0,0,0,0,0,0,0,1,0,0,0,0,25.0819149,121.5492851,0,16,15,3,8,14,2,0,1,0
2662,遼寧街209巷31~60號,23.5,5.0,4,38,86.63,4,2,2,0,15000000,173170,RPPNMLRKJIPFFCA08EA,1,1,0,109,532830.7692307692,72.3076923076923,266.5538461538461,1,0,0,0,0,0,0,0,0,0,0,0,0,1,0,0,0,25.0551135,121.543182,0,20,20,9,16,20,0,0,1,0
2663,復興北路514巷61~90號,22.51,7.0,4,34,123.61000000000001,3,2,2,1,24900000,201440,RPPRMLRKJIPFFCA48EA,1,1,0,109,619815.3846153846,69.26153846153846,380.33846153846156,1,0,0,0,0,0,0,0,0,0,0,0,0,0,0,1,0,25.0661001,121.5415774,0,9,15,2,3,8,1,1,0,0
2664,復興北路514巷61~90號,23.78,7.0,4,34,126.81,3,2,2,1,24900000,196357,SPPRMLRKJIPFFCA58EA,1,1,0,109,604175.3846153846,73.16923076923077,390.18461538461537,1,0,0,0,0,0,0,0,0,0,0,0,0,0,0,1,0,25.0661001,121.5415774,0,9,15,2,3,8,1,1,0,0
2665,南京東路二段151~180號,12.21,12.0,4,41,149.11,0,1,0,1,33500000,224666,RPURMLRKJIPFFCA98EA,1,1,0,109,691280.0,37.56923076923077,458.8,1,0,0,0,0,0,0,0,0,0,0,0,1,0,0,0,0,25.0522347,121.535662,1,20,20,15,11,20,2,4,1,0
2666,長安東路一段56巷1弄31~60號,33.32,7.0,4,2,162.76999999999998,2,2,1,1,33500000,226947,RPOOMLRKJIPFFCA08EA,2,1,1,109,698298.4615384615,102.52307692307691,500.83076923076914,1,0,0,0,0,0,0,0,0,0,0,0,0,0,0,1,0,25.0471549,121.5298445,1,15,20,11,11,20,2,1,0,0
2667,德惠街1~30號,6.04,12.0,4,15,63.13,2,1,1,1,12900000,204340,RPPPMLRKJIPFFCA28EA,1,1,1,109,628738.4615384615,18.584615384615383,194.24615384615385,1,0,0,0,0,0,0,0,0,0,0,0,1,0,0,0,0,25.0668904,121.5229555,0,17,20,15,12,20,1,1,0,1
2668,松江路121~150號,12.77,11.0,4,49,116.18,0,0,0,1,27000000,232398,RPQNMLRKJIPFFCA08DA,1,2,0,109,715070.7692307692,39.29230769230769,357.4769230769231,1,0,0,0,0,0,0,0,0,0,0,0,1,0,0,0,0,25.0528197,121.5333502,1,20,20,10,12,20,3,4,1,0
2669,北安路573巷8弄1~30號,46.89,4.0,4,46,119.67,4,1,2,0,22000000,183839,RPWOMLRKJIPFFCA78DA,3,1,0,109,565658.4615384615,144.27692307692308,368.2153846153846,1,0,0,0,0,0,0,0,0,0,0,0,0,1,0,0,0,25.0813409,121.5477333,0,14,14,1,8,7,2,0,1,0
2670,北安路578巷8弄1~30號,27.55,10.0,4,16,163.75,2,2,2,1,41280000,252092,RPOPMLRKJIPFFCA08DA,1,1,1,109,775667.6923076923,84.76923076923077,503.8461538461538,1,0,0,0,0,0,0,0,0,0,0,0,0,0,0,1,0,25.080687,121.548885,0,15,15,2,9,9,2,0,1,0
2671,新生北路一段61~90號,26.0,7.0,4,44,146.14,0,0,0,0,13500000,92377,RPVPMLQKJIPFFCA68DA,1,1,0,109,284236.92307692306,80.0,449.6615384615384,1,0,0,0,0,0,0,0,0,0,0,0,0,0,0,1,0,25.0491044,121.5292611,1,20,20,10,9,20,1,2,0,0
2672,農安街1~30號,4.03,14.0,4,12,66.43,1,1,1,1,13500000,203221,RPPNMLTJJIPFFCA08DA,1,1,0,109,625295.3846153846,12.4,204.4,1,0,0,0,0,0,0,0,0,0,0,0,1,0,0,0,0,25.0650285,121.523401,0,20,20,18,9,20,2,2,2,1
2673,中山北路一段83巷1~30號,4.8,9.0,4,43,41.32,0,1,1,1,6780000,164085,RPXNMLPKJIPFFCA58DA,1,1,0,109,504876.92307692306,14.769230769230768,127.13846153846154,1,0,0,0,0,0,0,0,0,0,0,0,0,0,0,1,0,25.0504647,121.5225109,0,20,20,7,9,20,0,2,1,0
2674,中山北路二段42巷1~30號,12.15,8.0,4,2,74.21000000000001,0,0,0,1,45000000,690647,RPPPMLNKJIPFFCA77DA,1,1,1,109,2125067.692307692,37.38461538461539,228.33846153846156,1,0,0,0,0,0,0,0,0,0,0,0,0,0,0,1,0,25.0545879,121.520821,0,20,20,13,9,20,1,2,2,1
2675,中山北路二段42巷1~30號,8.43,8.0,4,2,43.34,0,0,0,1,23600000,544532,SPPPMLNKJIPFFCA87DA,1,1,0,109,1675483.0769230768,25.938461538461535,133.35384615384615,1,0,0,0,0,0,0,0,0,0,0,0,0,0,0,1,0,25.0545879,121.520821,0,20,20,13,9,20,1,2,2,1
2676,中原街1~30號,5.39,7.0,4,44,31.990000000000002,0,0,0,1,4300000,134417,RPOQMLKKJIPFFCA47DA,1,1,0,109,413590.7692307692,16.584615384615383,98.43076923076923,1,0,0,0,0,0,0,0,0,0,0,0,0,0,0,1,0,25.0077638,121.4915665,0,0,7,0,1,5,0,0,1,0
2677,五常街11巷1~30號,18.31,17.0,4,2,150.8,3,2,2,1,33000000,274033,RPWNMLNJJIPFFCA18DA,2,1,1,109,843178.4615384615,56.33846153846153,464.0,1,0,0,0,0,0,0,0,0,0,0,0,1,0,0,0,0,25.0645708,121.5377789,0,7,19,2,4,18,1,0,0,20
2678,新生北路三段56巷1~30號,4.01,12.0,4,40,43.06,1,1,1,0,6650000,154436,RPRNMLKMIIPFFCA57DA,1,1,0,109,475187.6923076923,12.338461538461537,132.4923076923077,1,0,0,0,0,0,0,0,0,0,0,0,1,0,0,0,0,25.0654685,121.5273556,0,15,20,16,12,20,2,1,1,1
2679,農安街227巷3弄1~30號,30.13,7.0,4,38,149.02,4,2,2,1,27500000,184539,RPRQMLSLIIPFFCA58DA,1,1,0,109,567812.3076923076,92.7076923076923,458.5230769230769,1,0,0,0,0,0,0,0,0,0,0,0,0,0,0,1,0,25.0652509,121.5340077,0,4,20,3,8,20,0,0,0,20
2680,林森北路481~510號,4.44,14.0,4,18,43.25,0,0,0,1,8200000,189595,RPOQMLSKRHPFFCA98DA,1,1,0,109,583369.2307692308,13.661538461538463,133.07692307692307,1,0,0,0,0,0,0,0,0,0,0,0,1,0,0,0,0,25.056629,121.525492,0,20,20,15,10,20,1,0,0,1
2681,新生北路一段31~60號,11.6,14.0,4,33,115.41999999999999,3,2,2,1,22380000,193901,RPUQMLRLIIPFFCA78DA,1,1,0,109,596618.4615384615,35.69230769230769,355.1384615384615,1,0,0,0,0,0,0,0,0,0,0,0,1,0,0,0,0,25.0472733,121.5310045,1,14,20,11,11,20,2,1,0,0
2682,松江路77巷1~30號,4.5,11.0,4,17,25.25,1,1,1,1,9000000,356436,RPQRMLQJJIPFFCA28DA,2,1,0,109,1096726.1538461538,13.846153846153845,77.6923076923077,1,0,0,0,0,0,0,0,0,0,0,0,1,0,0,0,0,25.0497037,121.5339815,1,20,20,12,9,20,1,3,1,0
2683,松江路91~120號,9.09,12.0,4,39,71.73,2,1,1,1,15800000,220270,RPWPMLNJJIPFFCA38DA,1,1,0,109,677753.8461538461,27.96923076923077,220.70769230769233,1,0,0,0,0,0,0,0,0,0,0,0,1,0,0,0,0,25.0496362,121.533209,1,20,20,12,10,20,1,3,1,0
2684,新生北路一段61~90號,10.02,14.0,4,33,79.16,2,1,1,1,15900000,200834,RPWPMLQKJIPFFCA78DA,1,1,0,109,617950.7692307692,30.830769230769228,243.56923076923076,1,0,0,0,0,0,0,0,0,0,0,0,1,0,0,0,0,25.0491044,121.5292611,1,20,20,10,9,20,1,2,0,0
2685,新生北路二段60巷31~60號,16.43,6.0,4,42,99.23,3,2,2,0,16850000,169808,RPRSMLRKJIPFFCA68DA,1,1,0,109,522486.1538461538,50.55384615384615,305.32307692307694,1,0,0,0,0,0,0,0,0,0,0,0,0,0,0,1,0,25.0557852,121.5264657,0,20,20,8,8,20,1,0,0,0
2686,撫順街1~30號,10.91,14.0,4,17,112.61000000000001,4,2,2,1,28300000,251310,RPPQMLSKJIPFFCA48EA,1,1,0,109,773261.5384615384,33.56923076923077,346.49230769230775,1,0,0,0,0,0,0,0,0,0,0,0,1,0,0,0,0,25.0638973,121.5219221,0,20,20,20,10,20,2,4,2,1
2687,南京東路一段132巷1~30號,11.75,9.0,4,9,76.08000000000001,2,1,2,1,15000000,197135,RPSQMLSKJIPFFCA78EA,1,1,1,109,606569.2307692308,36.15384615384615,234.0923076923077,1,0,0,0,0,0,0,0,0,0,0,0,0,0,0,1,0,25.0515054,121.5272951,0,20,20,11,9,20,2,2,0,0
2688,中山北路三段1~30號,6.24,12.0,4,39,59.010000000000005,1,2,1,1,12500000,211829,RPXNMLTKJIPFFCA09EA,2,1,0,109,651781.5384615385,19.2,181.56923076923078,1,0,0,0,0,0,0,0,0,0,0,0,1,0,0,0,0,25.0639349,121.522626,0,20,20,20,10,20,2,4,2,1
2689,敬業三路162巷121~150號,47.09,12.0,4,21,155.53,3,2,2,1,30680000,197261,RPSRMLRKJIPFFCA78EA,1,1,1,109,606956.923076923,144.8923076923077,478.55384615384617,1,0,0,0,0,0,0,0,0,0,0,0,1,0,0,0,0,25.0795485,121.5594401,0,3,10,2,9,18,2,1,0,0
2690,雙城街28巷1~30號,9.36,16.0,4,31,70.92,2,1,1,1,15000000,211506,RPTNMLSKJIPFFCA58EA,2,1,0,109,650787.6923076923,28.799999999999997,218.2153846153846,1,0,0,0,0,0,0,0,0,0,0,0,1,0,0,0,0,25.0659489,121.5238551,0,20,20,16,8,20,2,1,1,1
2691,吉林路26巷31~60號,25.0,4.0,3,53,66.35,3,2,1,0,13500000,203466,RPOSMLRKJIPFFCA48EA,1,1,0,109,626049.2307692308,76.92307692307692,204.15384615384613,1,0,0,0,0,0,0,0,0,0,0,0,0,1,0,0,0,25.0515436,121.5291095,0,20,20,11,10,20,2,2,1,0
2692,林森北路601~630號,22.25,4.0,3,54,74.97,4,0,4,0,12880000,171802,RPPNMLSKJIPFFCA18EA,1,1,0,109,528621.5384615385,68.46153846153845,230.67692307692306,1,0,0,0,0,0,0,0,0,0,0,0,0,1,0,0,0,25.056629,121.525492,0,20,20,15,10,20,1,0,0,1
2693,南京東路二段181~210號,18.42,15.0,4,11,197.18,3,2,2,1,53000000,268790,RPWOMLSKJIPFFCA98EA,2,1,1,109,827046.1538461539,56.67692307692308,606.7076923076924,1,0,0,0,0,0,0,0,0,0,0,0,1,0,0,0,0,25.0520954,121.5363533,1,20,20,13,10,20,2,3,1,0
2694,錦州街1~30號,17.38,10.0,4,42,142.47,2,2,1,1,23000000,161437,RPWPMLSKJIPFFCA09EA,1,1,0,109,496729.23076923075,53.47692307692307,438.36923076923074,1,0,0,0,0,0,0,0,0,0,0,0,0,0,0,1,0,25.0604415,121.5318562,0,20,20,13,12,20,0,0,1,15
2695,龍江路209巷1~30號,37.5,4.0,4,51,89.02,4,2,1,0,15860000,178162,RPTOMLNKJIPFFCA18EA,1,1,0,109,548190.7692307692,115.38461538461539,273.9076923076923,1,0,0,0,0,0,0,0,0,0,0,0,0,1,0,0,0,25.0566652,121.5407468,0,20,20,6,15,20,0,0,0,0
2696,遼寧街91~120號,32.0,4.0,4,48,80.77,3,2,1,0,18600000,230284,RPQQMLQLIIPFFCA38EA,1,1,0,109,708566.1538461539,98.46153846153845,248.5230769230769,1,0,0,0,0,0,0,0,0,0,0,0,0,1,0,0,0,25.0500371,121.5422841,0,20,20,12,9,20,2,3,1,0
2697,南京東路二段181~210號,45.26,14.0,4,40,457.45,18,2,0,1,95000000,227318,RPRQMLQLIIPFFCA48EA,8,1,1,109,699440.0,139.26153846153846,1407.5384615384614,1,0,0,0,0,0,0,0,0,0,0,0,1,0,0,0,0,25.0520954,121.5363533,1,20,20,13,10,20,2,3,1,0
2698,松江路38巷1~30號,27.48,12.0,4,2,182.52,0,0,0,1,49800000,303969,RPQOMLTKJIPFFCA48EA,2,1,1,109,935289.2307692308,84.55384615384615,561.6,1,0,0,0,0,0,0,0,0,0,0,0,1,0,0,0,0,25.0476359,121.5325294,1,20,19,10,9,20,1,1,1,0
2699,吉林路315巷31~60號,17.83,6.0,4,35,87.47999999999999,2,2,1,1,14750000,168610,RPSOMLTKJIPFFCA68EA,1,1,0,109,518800.0,54.86153846153845,269.16923076923075,1,0,0,0,0,0,0,0,0,0,0,0,0,0,0,1,0,25.0635836,121.5312441,0,9,20,9,11,20,2,0,2,14
2700,新生北路三段87巷31~60號,34.75,4.0,4,49,113.55,3,1,1,0,14750000,129899,RPWNMLTKJIPFFCA98EA,1,1,0,109,399689.23076923075,106.92307692307692,349.38461538461536,1,0,0,0,0,0,0,0,0,0,0,0,0,1,0,0,0,25.0675216,121.528994,0,5,15,5,14,10,0,0,0,1
2701,農安街1~30號,4.39,11.0,4,17,63.91,1,1,1,1,11900000,287094,RPUPMLTKJIPFFCA98EA,1,1,1,109,883366.1538461539,13.507692307692306,196.64615384615382,1,0,0,0,0,0,0,0,0,0,0,0,1,0,0,0,0,25.0650285,121.523401,0,20,20,18,9,20,2,2,2,1
2702,中山北路二段65巷1~30號,6.09,12.0,4,1,50.78,1,0,1,1,15730000,309768,RPSNMLTKJIPFFCA48DA,1,1,0,109,953132.3076923076,18.738461538461536,156.24615384615385,1,0,0,0,0,0,0,0,0,0,0,0,1,0,0,0,0,25.0571759,121.52326,0,20,20,15,8,20,0,0,1,1
2703,農安街1巷31~60號,14.03,14.0,4,5,193.17000000000002,3,2,2,1,31800000,164622,RPWOMLTKJIPFFCA98DA,1,1,1,109,506529.23076923075,43.169230769230765,594.3692307692309,1,0,0,0,0,0,0,0,0,0,0,0,1,0,0,0,0,25.064967,121.5295986,0,10,20,14,8,20,2,1,1,0
2704,農安街1巷31~60號,16.47,14.0,4,5,202.23000000000002,3,2,2,1,33500000,165653,RPXOMLTKJIPFFCA09DA,1,1,1,109,509701.53846153844,50.676923076923075,622.2461538461539,1,0,0,0,0,0,0,0,0,0,0,0,1,0,0,0,0,25.064967,121.5295986,0,10,20,14,8,20,2,1,1,0
2705,建國北路一段31~60號,6.08,14.0,4,14,43.879999999999995,1,1,1,1,9030000,205789,RPURMLNKJIPFFCA48DA,1,1,0,109,633196.923076923,18.70769230769231,135.0153846153846,1,0,0,0,0,0,0,0,0,0,0,0,1,0,0,0,0,25.047585,121.5370531,0,20,15,11,8,20,1,1,0,0
2706,龍江路281巷1~30號,27.5,7.0,4,40,153.02999999999997,4,2,2,1,28000000,182971,RPSOMLTJJIPFFCA48DA,1,1,0,109,562987.6923076923,84.61538461538461,470.8615384615384,1,0,0,0,0,0,0,0,0,0,0,0,0,0,0,1,0,25.0599054,121.5409799,0,20,20,6,9,20,1,2,1,0
2707,復興北路61~90號,9.2,12.0,4,42,89.89999999999999,2,1,1,1,18750000,208565,RPVNMLKMIIPFFCA97DA,1,1,0,109,641738.4615384615,28.307692307692303,276.6153846153846,1,0,0,0,0,0,0,0,0,0,0,0,1,0,0,0,0,25.050488,121.544397,0,20,20,13,11,20,2,2,1,0
2708,民權西路61~90號,19.82,15.0,4,4,312.87,0,0,0,1,93850000,339230,RPXPMLOLRHPFFCA86DA,1,1,2,109,1043784.6153846154,60.98461538461538,962.676923076923,1,0,0,0,0,0,0,0,0,0,0,0,1,0,0,0,0,25.0630441,121.5201991,0,20,20,16,13,20,3,3,1,0
2709,民權西路61~90號,15.61,15.0,4,4,199.39999999999998,0,0,0,1,70645000,354288,SPXPMLOLRHPFFCA96DA,1,1,0,109,1090116.923076923,48.03076923076923,613.5384615384614,1,0,0,0,0,0,0,0,0,0,0,0,1,0,0,0,0,25.0630441,121.5201991,0,20,20,16,13,20,3,3,1,0
2710,民權西路61~90號,9.34,15.0,4,4,171.95999999999998,0,0,0,1,49105000,354252,TPXPMLOLRHPFFCA07DA,1,1,2,109,1090006.1538461538,28.738461538461536,529.1076923076922,1,0,0,0,0,0,0,0,0,0,0,0,1,0,0,0,0,25.0630441,121.5201991,0,20,20,16,13,20,3,3,1,0
2711,民權西路61~90號,19.67,15.0,4,4,285.32,0,0,0,1,90200000,339036,RPUPMLTLRHPFFCA07DA,1,1,1,109,1043187.6923076923,60.52307692307693,877.9076923076923,1,0,0,0,0,0,0,0,0,0,0,0,1,0,0,0,0,25.0630441,121.5201991,0,20,20,16,13,20,3,3,1,0
2712,林森北路107巷1~30號,11.63,8.0,4,7,80.5,1,1,1,1,15060000,187081,RPORMLRLIIPFFCA28DA,1,1,1,109,575633.8461538461,35.784615384615385,247.69230769230768,1,0,0,0,0,0,0,0,0,0,0,0,0,0,0,1,0,25.0503743,121.5252543,0,20,20,9,10,20,0,0,0,0
2713,林森北路107巷1~30號,10.72,8.0,4,7,75.49000000000001,1,1,1,1,14080000,186515,RPQRMLRLIIPFFCA48DA,1,1,1,109,573892.3076923076,32.98461538461539,232.27692307692308,1,0,0,0,0,0,0,0,0,0,0,0,0,0,0,1,0,25.0503743,121.5252543,0,20,20,9,10,20,0,0,0,0
2714,中山北路二段85巷1~30號,11.95,7.0,4,2,82.3,1,1,1,1,19480000,272529,RPWNMLLKJIPFFCA08DA,1,1,1,109,838550.7692307692,36.76923076923077,253.23076923076923,1,0,0,0,0,0,0,0,0,0,0,0,0,0,0,1,0,25.0588815,121.5235197,0,20,20,19,10,20,0,1,1,1
2715,吉林路461巷1~30號,40.0,4.0,4,50,115.29,3,2,2,0,18350000,159164,RPTQMLTKJIPFFCA88DA,1,1,0,109,489735.3846153846,123.07692307692307,354.73846153846154,1,0,0,0,0,0,0,0,0,0,0,0,0,1,0,0,0,25.0678432,121.5307177,0,1,11,2,13,8,0,0,0,1
2716,松江路1~30號,1.72,12.0,4,44,21.09,1,1,1,1,4580000,217165,RPWPMLTKJIPFFCA56EA,1,1,0,109,668200.0,5.292307692307692,64.8923076923077,1,0,0,0,0,0,0,0,0,0,0,0,1,0,0,0,0,25.045864,121.5331196,1,15,18,6,8,20,1,1,1,0
2717,中原街31~60號,10.41,7.0,4,42,56.24,2,1,2,1,11600000,206259,RPRNMLKLJIPFFCA67EA,1,1,0,109,634643.0769230769,32.03076923076923,173.04615384615386,1,0,0,0,0,0,0,0,0,0,0,0,0,0,0,1,0,25.0085632,121.4896498,0,3,8,0,2,9,0,0,1,0
2718,撫順街1~30號,10.68,15.0,4,10,134.69,2,2,1,1,28000000,212249,RPVQMLQLIIPFFCA88EA,1,1,1,109,653073.8461538461,32.86153846153846,414.4307692307692,1,0,0,0,0,0,0,0,0,0,0,0,1,0,0,0,0,25.0638973,121.5219221,0,20,20,20,10,20,2,4,2,1
2719,建國北路三段93巷5弄1~30號,29.3,5.0,4,41,108.27,3,2,2,0,15400000,142237,RPWQMLQLIIPFFCA98EA,2,1,0,109,437652.3076923077,90.15384615384615,333.1384615384615,1,0,0,0,0,0,0,0,0,0,0,0,0,1,0,0,0,25.0660971,121.5367508,0,5,14,2,4,16,0,0,0,20
2720,農安街227巷3弄1~30號,26.0,5.0,4,44,89.99,3,2,1,0,14880000,165352,RPRPMLNLJIPFFCA18EA,1,1,0,109,508775.3846153846,80.0,276.89230769230767,1,0,0,0,0,0,0,0,0,0,0,0,0,1,0,0,0,25.0652509,121.5340077,0,4,20,3,8,20,0,0,0,20
2721,中山北路二段115巷3弄1~30號,6.13,6.0,4,42,25.8,1,1,1,1,5680000,220155,RPSPMLNLJIPFFCA28EA,2,1,0,109,677400.0,18.861538461538462,79.38461538461539,1,0,0,0,0,0,0,0,0,0,0,0,0,0,0,1,0,25.0611677,121.5236645,0,20,20,20,12,20,2,1,3,1
2722,中山北路一段105巷1~30號,4.19,7.0,4,39,33.32,0,1,1,1,5000000,150060,RPVPMLNLJIPFFCA58EA,1,1,0,109,461723.0769230769,12.892307692307693,102.52307692307691,1,0,0,0,0,0,0,0,0,0,0,0,0,0,0,1,0,25.050986,121.522477,0,20,20,7,9,20,0,2,1,0
2723,民生東路一段1~30號,2.65,12.0,4,38,18.509999999999998,2,2,1,1,1875000,101297,RPSPMLKLJIPFFCA97EA,1,1,0,109,311683.07692307694,8.153846153846153,56.95384615384614,1,0,0,0,0,0,0,0,0,0,0,0,1,0,0,0,0,25.0579831,121.5250958,0,20,20,16,12,20,0,1,1,1
2724,錦州街31~60號,11.4,13.0,4,37,114.22,4,0,0,1,12000000,105060,RPRNMLNLJIPFFCA97EA,3,1,0,109,323261.53846153844,35.07692307692308,351.44615384615383,1,0,0,0,0,0,0,0,0,0,0,0,1,0,0,0,0,25.0604245,121.5264838,0,20,20,20,9,20,2,1,1,1
2725,通北街132巷1~30號,29.66,9.0,4,22,145.55,3,2,2,1,22000000,151151,RPUQMLTKJIPFFCA98DA,1,1,1,109,465080.0,91.26153846153846,447.84615384615387,1,0,0,0,0,0,0,0,0,0,0,0,0,0,0,1,0,25.0845685,121.5375632,0,1,1,0,3,0,0,0,0,0
2726,松江路97巷1~30號,17.21,6.0,4,30,96.47,0,0,0,1,20500000,212501,RPSRMLMKJIPFFCA18DA,1,1,0,109,653849.2307692308,52.95384615384616,296.8307692307692,1,0,0,0,0,0,0,0,0,0,0,0,0,0,0,1,0,25.0508989,121.5334945,0,20,20,14,11,20,1,5,1,0
2727,堤頂大道二段331~360號,124.48,11.0,4,18,439.17,4,2,4,1,105000000,239087,RPPOMLTKJIPFFCA28DA,1,2,2,109,735652.3076923076,383.0153846153846,1351.2923076923078,1,0,0,0,0,0,0,0,0,0,0,0,1,0,0,0,0,25.0788843,121.5644025,0,14,12,1,13,20,2,1,1,0
2728,林森北路138巷1~30號,33.6,5.0,4,21,147.59,3,2,2,0,32170000,217969,RPURMLQJJIPFFCA68DA,1,1,1,109,670673.8461538461,103.38461538461539,454.1230769230769,1,0,0,0,0,0,0,0,0,0,0,0,0,0,0,1,0,25.0516201,121.5248438,0,20,20,8,11,20,0,0,1,0
2729,市民大道三段151~180號,14.98,13.0,4,13,103.47,1,1,1,1,16380000,158291,RPUNMLTJJIPFFCA58DA,1,1,1,109,487049.23076923075,46.09230769230769,318.36923076923074,1,0,0,0,0,0,0,0,0,0,0,0,1,0,0,0,0,25.0448694,121.5396463,0,19,20,7,12,20,1,0,0,0
2730,中山北路二段59巷1~30號,5.89,14.0,4,22,41.37,1,1,1,1,9250000,223592,RPTQMLKKJIPFFCA97DA,1,1,0,109,687975.3846153846,18.123076923076923,127.29230769230767,1,0,0,0,0,0,0,0,0,0,0,0,1,0,0,0,0,25.0559648,121.5232067,0,20,20,18,11,20,0,0,2,1
2731,建國北路二段181~210號,21.23,14.0,4,35,168.09,4,2,2,1,31000000,184425,RPSQMLLKJIPFFCA97DA,1,1,0,109,567461.5384615385,65.32307692307693,517.2,1,0,0,0,0,0,0,0,0,0,0,0,1,0,0,0,0,25.0617933,121.5373279,0,18,20,9,8,20,0,0,1,19
2732,吉林路451~480號,31.33,3.0,4,49,62.04,2,1,2,0,11000000,177305,RPRNMLNJJIPFFCA67DA,2,1,0,109,545553.8461538461,96.39999999999999,190.8923076923077,1,0,0,0,0,0,0,0,0,0,0,0,0,1,0,0,0,25.0674571,121.530552,0,3,14,2,14,8,0,0,0,1
2733,遼寧街105巷31~60號,42.45,6.0,4,41,169.57999999999998,0,0,1,0,51680000,304753,RPUPMLLLIIPFFCA08DA,1,1,0,109,937701.5384615384,130.6153846153846,521.7846153846153,1,0,0,0,0,0,0,0,0,0,0,0,0,0,0,1,0,25.0510972,121.5429871,0,20,20,12,12,20,2,2,1,0
2734,五常街11巷1~30號,18.27,17.0,4,2,155.46,0,0,0,1,35300000,282746,RPPOMLLKJIPFFCA47DA,2,1,1,109,869987.6923076923,56.215384615384615,478.33846153846156,1,0,0,0,0,0,0,0,0,0,0,0,1,0,0,0,0,25.0645708,121.5377789,0,7,19,2,4,18,1,0,0,20
2735,民族東路241~270號,29.57,5.0,4,36,100.72,3,2,2,0,13550000,134531,RPTRMLQJJIPFFCA58DA,1,1,0,109,413941.53846153844,90.98461538461538,309.9076923076923,1,0,0,0,0,0,0,0,0,0,0,0,0,1,0,0,0,25.0681161,121.5362925,0,2,12,1,2,12,0,0,0,3
2736,北安路631~660號,19.0,9.0,4,23,99.92,0,0,0,1,17550000,175641,RPPOMLNLJIPFFCA77DA,1,1,1,109,540433.8461538461,58.46153846153846,307.44615384615383,1,0,0,0,0,0,0,0,0,0,0,0,0,0,0,1,0,25.0835,121.548969,0,16,12,1,9,13,1,0,1,0
2737,敬業三路162巷121~150號,47.09,10.0,4,21,155.72,3,2,2,1,28500000,183021,RPPNMLNLJIPFFCA67DA,1,1,1,109,563141.5384615385,144.8923076923077,479.1384615384615,1,0,0,0,0,0,0,0,0,0,0,0,0,0,0,1,0,25.0795485,121.5594401,0,3,10,2,9,18,2,1,0,0
2738,松江路204巷31~60號,90.0,2.0,3,35,151.08,0,0,2,0,44580000,295075,RPVNMLNLJIPFFCA28DA,1,1,0,109,907923.0769230769,276.9230769230769,464.8615384615385,1,0,0,0,0,0,0,0,0,0,0,0,0,0,0,0,1,25.0575452,121.5317481,1,20,20,12,9,20,2,2,1,0
2739,北安路811~840號,5.71,14.0,4,11,44.989999999999995,1,1,1,1,11600000,257835,RPRNMLLLJIPFFCA67DA,2,1,0,109,793338.4615384615,17.569230769230767,138.43076923076922,1,0,0,0,0,0,0,0,0,0,0,0,1,0,0,0,0,25.085196,121.5554409,0,6,6,1,4,18,1,0,1,0
2740,民生東路一段1~30號,21.07,10.0,4,30,201.75,0,0,0,1,30900000,153160,RPSQMLOLJIPFFCA38DA,1,1,2,109,471261.53846153844,64.83076923076923,620.7692307692307,1,0,0,0,0,0,0,0,0,0,0,0,0,0,0,1,0,25.0579831,121.5250958,0,20,20,16,12,20,0,1,1,1
2741,林森北路67巷31~60號,15.2,6.0,4,44,70.61,5,2,2,1,11200000,158618,RPRNMLPLJIPFFCA08DA,1,1,0,109,488055.3846153846,46.76923076923077,217.26153846153846,1,0,0,0,0,0,0,0,0,0,0,0,0,0,0,1,0,25.048526,121.5255602,0,20,20,8,8,20,0,0,1,0
2742,雙城街19巷1~30號,13.59,7.0,4,34,77.43,2,2,1,1,14500000,187266,RPTQMLOLJIPFFCA58EA,1,1,0,109,576203.0769230769,41.815384615384616,238.24615384615385,1,0,0,0,0,0,0,0,0,0,0,0,0,0,0,1,0,25.0654834,121.5248079,0,20,20,17,9,20,2,2,1,1
2743,松江路69巷1~30號,35.83,7.0,4,8,206.39999999999998,2,2,2,1,60000000,290698,RPTPMLTKJIPFFCA88EA,1,1,2,109,894455.3846153846,110.24615384615383,635.076923076923,1,0,0,0,0,0,0,0,0,0,0,0,0,0,0,1,0,25.049443,121.5334143,1,20,20,12,9,20,1,3,1,0
2744,建國北路三段61~90號,10.04,12.0,4,35,70.29,2,2,1,1,12800000,182103,RPROMLMKJIPFFCA87EA,2,1,0,109,560316.923076923,30.89230769230769,216.27692307692308,1,0,0,0,0,0,0,0,0,0,0,0,1,0,0,0,0,25.0647501,121.537375,0,6,18,2,4,18,1,0,0,20
2745,建國北路三段61~90號,9.71,14.0,4,6,97.4,0,0,0,1,21180000,219753,RPSNMLPLJIPFFCA28EA,2,1,1,109,676163.0769230769,29.876923076923077,299.6923076923077,1,0,0,0,0,0,0,0,0,0,0,0,1,0,0,0,0,25.0647501,121.537375,0,6,18,2,4,18,1,0,0,20
2746,農安街227巷9弄1~30號,26.0,5.0,4,44,90.53,5,4,2,0,16200000,178946,RPOQMLQLIIPFFCA18EA,1,1,0,109,550603.0769230769,80.0,278.55384615384617,1,0,0,0,0,0,0,0,0,0,0,0,0,1,0,0,0,25.065666,121.533972,0,4,17,2,7,20,0,0,0,20
2747,民生東路一段61~90號,4.09,11.0,4,29,38.15,0,0,0,1,5950000,155963,RPVRMLOLJIPFFCA78DA,1,1,0,109,479886.1538461538,12.584615384615384,117.38461538461537,1,0,0,0,0,0,0,0,0,0,0,0,1,0,0,0,0,25.0581862,121.5265178,0,20,20,17,7,20,0,1,0,1
2748,敬業三路162巷1~30號,47.09,10.0,4,21,155.47,3,2,2,1,25600000,164662,RPWOMLNLJIPFFCA48DA,1,1,0,109,506652.3076923077,144.8923076923077,478.36923076923074,1,0,0,0,0,0,0,0,0,0,0,0,0,0,0,1,0,25.0791581,121.5572576,0,3,6,2,8,12,2,1,0,0
2749,民族東路512巷13弄31~60號,32.1,5.0,4,40,109.7,3,2,2,0,15600000,142206,RPOPMLSKJIPFFCA18DA,9,1,0,109,437556.92307692306,98.76923076923077,337.53846153846155,1,0,0,0,0,0,0,0,0,0,0,0,0,1,0,0,0,25.0666422,121.5432829,0,7,11,0,1,4,1,1,0,0
2750,民權東路二段135巷29弄1~30號,22.76,7.0,4,34,116.32,3,2,2,1,18900000,162483,RPROMLTJJIPFFCA38DA,1,1,0,109,499947.6923076923,70.03076923076924,357.9076923076923,1,0,0,0,0,0,0,0,0,0,0,0,0,0,0,1,0,25.0643204,121.5352004,0,10,20,4,6,20,0,0,0,20
2751,錦州街1~30號,9.03,10.0,4,42,74.3,2,1,1,1,12000000,161507,RPSPMLNJJIPFFCA97DA,1,1,0,109,496944.6153846154,27.784615384615382,228.61538461538458,1,0,0,0,0,0,0,0,0,0,0,0,0,0,0,1,0,25.0604415,121.5318562,0,20,20,13,12,20,0,0,1,15
2752,林森北路119巷1~30號,5.4,7.0,4,15,21.14,1,1,1,0,4400000,208136,RPRQMLMJJIPFFCA87DA,1,1,0,109,640418.4615384615,16.615384615384617,65.04615384615384,1,0,0,0,0,0,0,0,0,0,0,0,0,0,0,1,0,25.0508342,121.5252532,0,20,20,9,10,20,0,0,0,0
2753,中山北路二段116巷1~30號,21.0,2.0,3,35,24.02,2,2,2,0,6856500,285450,RPRPMLKLIIPFFCA67DA,1,1,0,109,878307.6923076923,64.61538461538461,73.9076923076923,1,0,0,0,0,0,0,0,0,0,0,0,0,0,0,0,1,25.0610629,121.5223851,0,20,20,20,12,20,1,2,3,1
2754,民權東路三段61~90號,18.32,19.0,4,35,177.54999999999998,2,2,2,1,38000000,214024,RPRNMLQJJIPFFCA97DA,1,1,0,109,658535.3846153846,56.36923076923077,546.3076923076923,1,0,0,0,0,0,0,0,0,0,0,0,1,0,0,0,0,25.0625501,121.5432045,0,20,18,5,8,7,1,2,1,0
2755,德惠街1~30號,1.95,12.0,4,15,36.34,1,1,1,1,7050000,194001,RPWQMLPLJIPFFCA88DA,1,1,0,109,596926.1538461539,6.0,111.81538461538462,1,0,0,0,0,0,0,0,0,0,0,0,1,0,0,0,0,25.0668904,121.5229555,0,17,20,15,12,20,1,1,0,1
2756,中山北路一段83巷1~30號,6.16,5.0,4,34,39.16,1,1,1,0,7380000,188458,RPQQMLPLJIPFFCA28DA,1,1,0,109,579870.7692307692,18.953846153846154,120.49230769230768,1,0,0,0,0,0,0,0,0,0,0,0,0,1,0,0,0,25.0504647,121.5225109,0,20,20,7,9,20,0,2,1,0
2757,錦州街23巷1~30號,6.87,14.0,4,6,64.78,1,1,1,1,14100000,217660,RPWOMLPLJIPFFCA68DA,1,1,0,109,669723.0769230769,21.138461538461538,199.3230769230769,1,0,0,0,0,0,0,0,0,0,0,0,1,0,0,0,0,25.0606662,121.5252036,0,20,20,20,12,20,2,1,1,1
2758,南京東路三段216巷1~30號,20.25,4.0,3,53,50.95,1,1,1,0,8200000,160942,RPWPMLPLJIPFFCA78DA,1,1,0,109,495206.1538461538,62.30769230769231,156.76923076923077,1,0,0,0,0,0,0,0,0,0,0,0,0,1,0,0,0,25.0515917,121.5435458,0,20,20,11,13,20,2,2,1,0
2759,北安路805巷1~30號,22.58,5.0,4,31,106.91,3,2,2,0,16800000,157142,RPUOMLQLJIPFFCA58DA,3,1,0,109,483513.8461538461,69.47692307692307,328.95384615384614,1,0,0,0,0,0,0,0,0,0,0,0,0,1,0,0,0,25.08574,121.55469,0,7,6,1,4,14,0,0,1,0
2760,林森北路481~510號,4.57,14.0,4,18,62.94,1,1,1,1,10000000,213160,RPSPMLSKJIPFFCA58DA,1,1,1,109,655876.923076923,14.061538461538461,193.66153846153844,1,0,0,0,0,0,0,0,0,0,0,0,1,0,0,0,0,25.056629,121.525492,0,20,20,15,10,20,1,0,0,1
2761,興安街91~120號,26.46,14.0,4,35,126.25,0,1,1,1,65660000,520079,RPSRMLNLJIPFFCA38DA,1,1,0,109,1600243.0769230768,81.41538461538461,388.46153846153845,1,0,0,0,0,0,0,0,0,0,0,0,1,0,0,0,0,25.056218,121.5432188,0,20,20,10,17,20,0,0,1,0
2762,錦州街31~60號,4.72,13.0,4,37,50.12,1,1,1,1,6250000,124701,RPVRMLNLJIPFFCA68DA,3,1,0,109,383695.3846153846,14.523076923076921,154.2153846153846,1,0,0,0,0,0,0,0,0,0,0,0,1,0,0,0,0,25.0604245,121.5264838,0,20,20,20,9,20,2,1,1,1
2763,明水路397巷7弄31~60號,20.25,7.0,4,29,95.41999999999999,2,1,1,1,22000000,230560,RPOSMLOLJIPFFCA18DA,1,1,1,109,709415.3846153846,62.30769230769231,293.59999999999997,1,0,0,0,0,0,0,0,0,0,0,0,0,0,0,1,0,25.0781434,121.5495559,0,5,7,2,9,6,2,0,1,0
2764,松江路38巷1~30號,34.94,12.0,4,2,231.12,0,0,0,1,62500000,297114,RPTPMLPLJIPFFCA58EA,2,1,1,109,914196.923076923,107.5076923076923,711.1384615384616,1,0,0,0,0,0,0,0,0,0,0,0,1,0,0,0,0,25.0476359,121.5325294,1,20,19,10,9,20,1,1,1,0
2765,長安東路二段1~30號,10.74,8.0,4,14,51.010000000000005,0,0,0,1,9400000,184278,RPRNMLQLJIPFFCA28EA,1,1,0,109,567009.2307692308,33.04615384615384,156.95384615384617,1,0,0,0,0,0,0,0,0,0,0,0,0,0,0,1,0,25.0486369,121.5302099,1,20,20,12,9,20,1,2,1,0
2766,中山北路二段59巷1~30號,9.0,6.0,4,44,47.2,1,1,1,1,9500000,201271,RPXOMLPLJIPFFCA88EA,3,1,0,109,619295.3846153846,27.69230769230769,145.23076923076923,1,0,0,0,0,0,0,0,0,0,0,0,0,0,0,1,0,25.0559648,121.5232067,0,20,20,18,11,20,0,0,2,1
2767,錦西街31~60號,8.66,7.0,4,44,47.919999999999995,1,1,1,1,9715000,202734,RPVOMLMKJIPFFCA28EA,1,1,0,109,623796.923076923,26.646153846153847,147.44615384615383,1,0,0,0,0,0,0,0,0,0,0,0,0,0,0,1,0,25.0604519,121.5207306,0,20,20,19,10,20,1,1,2,1
2768,新生北路三段88巷1~30號,16.16,5.0,4,35,71.16000000000001,2,1,1,0,11000000,154581,RPWOMLMKJIPFFCA38EA,1,1,0,109,475633.8461538461,49.723076923076924,218.95384615384617,1,0,0,0,0,0,0,0,0,0,0,0,0,1,0,0,0,25.0679782,121.5274155,0,9,18,8,13,12,2,0,0,1
2769,民族東路512巷13弄31~60號,16.05,5.0,4,40,54.85,3,2,2,0,9500000,173200,RPSOMLMKJIPFFCA97EA,9,1,0,109,532923.0769230769,49.38461538461539,168.76923076923077,1,0,0,0,0,0,0,0,0,0,0,0,0,1,0,0,0,25.0666422,121.5432829,0,7,11,0,1,4,1,1,0,0
2770,北安路781~810號,8.77,14.0,4,8,87.76,2,1,2,1,24300000,300120,RPQPMLMKJIPFFCA87EA,1,1,1,109,923446.1538461538,26.98461538461538,270.03076923076924,1,0,0,0,0,0,0,0,0,0,0,0,1,0,0,0,0,25.085743,121.553669,0,9,6,1,4,13,0,0,1,0
2771,民生東路一段31~60號,43.74,12.0,4,28,395.41,12,1,0,1,72956000,184507,RPXOMLQLJIPFFCA98EA,1,3,0,109,567713.8461538461,134.58461538461538,1216.646153846154,1,0,0,0,0,0,0,0,0,0,0,0,1,0,0,0,0,25.0582147,121.5252053,0,20,20,16,12,20,0,1,1,1
2772,北安路781~810號,9.84,14.0,4,8,98.72,2,2,2,1,22200000,237430,RPPPMLQLJIPFFCA28EA,1,1,1,109,730553.8461538461,30.276923076923076,303.75384615384615,1,0,0,0,0,0,0,0,0,0,0,0,1,0,0,0,0,25.085743,121.553669,0,9,6,1,4,13,0,0,1,0
2773,林森北路91~120號,6.81,12.0,4,33,75.85000000000001,2,1,1,1,16000000,210943,RPQOMLQLJIPFFCA28EA,1,2,0,109,649055.3846153846,20.95384615384615,233.38461538461542,1,0,0,0,0,0,0,0,0,0,0,0,1,0,0,0,0,25.0500055,121.5249729,0,20,20,9,11,20,0,0,0,0
2774,松江路235巷31~60號,14.13,7.0,4,42,70.12,2,1,1,1,13200000,188249,RPROMLQLJIPFFCA38EA,1,2,0,109,579227.6923076923,43.47692307692308,215.75384615384615,1,0,0,0,0,0,0,0,0,0,0,0,0,0,0,1,0,25.0589429,121.5347639,1,20,20,11,8,20,1,2,1,16
2775,龍江路120巷1~30號,0.0,11.0,4,22,40.870000000000005,2,1,1,1,4000000,97871,RPXNMLRLJIPFFCA98EA,0,1,0,109,301141.53846153844,0.0,125.75384615384617,1,0,0,0,0,0,0,0,0,0,0,0,1,0,0,0,0,25.053706,121.540307,0,20,20,7,15,20,1,0,1,0
2776,民生西路31~60號,6.74,12.0,4,30,58.11,2,1,1,1,11680000,200998,RPPNMLRLJIPFFCA18EA,2,1,0,109,618455.3846153846,20.73846153846154,178.79999999999998,1,0,0,0,0,0,0,0,0,0,0,0,1,0,0,0,0,25.0578524,121.5211255,0,20,20,16,11,20,0,1,1,1
2777,林森北路119巷1~30號,30.0,3.0,3,35,80.73,5,0,2,0,14000000,173418,RPRNMLRLJIPFFCA38EA,1,1,0,109,533593.8461538461,92.3076923076923,248.4,1,0,0,0,0,0,0,0,0,0,0,0,0,1,0,0,0,25.0508342,121.5252532,0,20,20,9,10,20,0,0,0,0
2778,南京東路三段89巷27弄1~30號,14.92,10.0,4,4,121.22999999999999,1,2,1,1,26600000,219418,RPUNMLRLJIPFFCA68EA,1,1,1,109,675132.3076923076,45.90769230769231,373.01538461538456,1,0,0,0,0,0,0,0,0,0,0,0,0,0,0,1,0,25.0537565,121.5378468,1,20,20,6,12,20,2,2,0,0
2779,松江路330巷31~60號,6.52,9.0,4,14,43.42,1,1,1,1,11760000,270843,RPRVMLKMJIPFFCA58EA,1,1,0,109,833363.0769230769,20.061538461538458,133.6,1,0,0,0,0,0,0,0,0,0,0,0,0,0,0,1,0,25.0612433,121.5318303,0,20,20,12,12,20,0,0,1,18
2780,民生東路一段31~60號,3.88,12.0,4,43,49.43000000000001,0,1,1,1,6350000,128464,RPPPMLMKJIPFFCA77EA,1,1,0,109,395273.8461538461,11.938461538461537,152.0923076923077,1,0,0,0,0,0,0,0,0,0,0,0,1,0,0,0,0,25.0582147,121.5252053,0,20,20,16,12,20,0,1,1,1
2781,松江路100巷1~30號,27.25,4.0,3,35,87.98,3,1,1,0,10000000,113662,RPQNMLMLJIPFFCA67DA,1,1,0,109,349729.23076923075,83.84615384615384,270.7076923076923,1,0,0,0,0,0,0,0,0,0,0,0,0,1,0,0,0,25.0511649,121.5322451,0,20,20,14,11,20,2,2,1,0
2782,林森北路511~540號,4.04,14.0,4,16,43.95,1,1,1,1,10000000,227531,RPOQMLMJKIPFFCA67DA,1,1,0,109,700095.3846153846,12.430769230769231,135.23076923076923,1,0,0,0,0,0,0,0,0,0,0,0,1,0,0,0,0,25.056629,121.525492,0,20,20,15,10,20,1,0,0,1
2783,新生北路三段61~90號,5.2,10.0,4,41,44.47,1,0,1,1,7600000,170902,RPVNMLLJKIPFFCA97DA,1,1,0,109,525852.3076923076,16.0,136.83076923076922,1,0,0,0,0,0,0,0,0,0,0,0,0,0,0,1,0,25.0659966,121.5280981,0,12,20,14,14,20,2,1,1,1
2784,北安路538巷1弄1~30號,32.61,5.0,4,38,115.8,5,3,3,0,23000000,198618,RPOTMLKMJIPFFCA97DA,3,1,0,109,611132.3076923076,100.33846153846153,356.30769230769226,1,0,0,0,0,0,0,0,0,0,0,0,0,1,0,0,0,25.0797688,121.5480348,0,11,14,2,9,6,2,1,1,0
2785,中山北路三段55巷1~30號,7.3,8.0,4,42,56.099999999999994,2,1,2,1,8700000,155080,RPXPMLQLJIPFFCA98DA,1,1,0,109,477169.23076923075,22.46153846153846,172.61538461538458,1,0,0,0,0,0,0,0,0,0,0,0,0,0,0,1,0,25.0678733,121.5236812,0,11,15,10,14,16,0,1,0,1
2786,長安東路二段91~120號,17.25,13.0,4,3,175.45,3,2,2,1,40560000,231177,RPSNMLQLJIPFFCA28DA,3,1,1,109,711313.8461538461,53.07692307692307,539.8461538461538,1,0,0,0,0,0,0,0,0,0,0,0,1,0,0,0,0,25.0484276,121.5347191,1,20,19,11,9,20,1,2,1,0
2787,長春路1~30號,5.56,12.0,4,37,59.88,0,1,1,1,10180000,170007,RPUQMLPLJIPFFCA68DA,1,1,0,109,523098.4615384615,17.107692307692307,184.24615384615385,1,0,0,0,0,0,0,0,0,0,0,0,1,0,0,0,0,25.054741,121.542881,0,20,20,9,17,20,0,0,1,0
2788,復興北路421~450號,24.32,7.0,4,44,135.65,3,2,2,1,25256868,186191,RPPOMLPLJIPFFCA97DA,2,1,0,109,572895.3846153846,74.83076923076923,417.3846153846154,1,0,0,0,0,0,0,0,0,0,0,0,0,0,0,1,0,25.0632342,121.5444647,0,20,19,5,4,6,1,2,1,0
2789,新生北路二段58巷31~60號,14.08,6.0,4,17,68.32,2,1,1,0,10600000,155152,RPPQMLQKJIPFFCA18DA,1,2,1,109,477390.7692307692,43.32307692307692,210.21538461538458,1,0,0,0,0,0,0,0,0,0,0,0,0,0,0,1,0,25.0554073,121.5264466,0,20,20,9,8,20,1,0,0,0
2790,林森北路301~330號,16.2,5.0,4,45,46.53,2,2,1,0,9800000,210617,RPRPMLRKJIPFFCA48EA,1,1,0,109,648052.3076923076,49.84615384615384,143.16923076923078,1,0,0,0,0,0,0,0,0,0,0,0,0,1,0,0,0,25.056629,121.525492,0,20,20,15,10,20,1,0,0,1
2791,松江路271~300號,29.57,11.0,4,51,229.94,0,0,0,1,42500000,184831,RPQNMLKMJIPFFCA67EA,2,1,1,109,568710.7692307692,90.98461538461538,707.5076923076923,1,0,0,0,0,0,0,0,0,0,0,0,1,0,0,0,0,25.0598864,121.5334014,1,20,20,10,9,20,1,0,1,18
2792,龍江路55巷1~30號,31.17,4.0,3,53,74.99,3,2,1,0,16280000,217096,RPRNMLKMJIPFFCA77EA,3,1,0,109,667987.6923076923,95.90769230769232,230.7384615384615,1,0,0,0,0,0,0,0,0,0,0,0,0,1,0,0,0,25.0496386,121.540628,0,20,20,9,9,20,1,1,1,0
2793,新生北路三段31~60號,7.19,11.0,4,20,40.78,1,1,1,1,8800000,215792,RPSVMLKMJIPFFCA68EA,1,1,0,109,663975.3846153846,22.123076923076923,125.47692307692307,1,0,0,0,0,0,0,0,0,0,0,0,1,0,0,0,0,25.0646869,121.5280576,0,13,20,16,15,20,2,1,1,1
2794,撫順街41巷1~30號,2.92,10.0,4,32,24.419999999999998,0,0,0,1,5100000,208845,RPPOMLLJKIPFFCA57EA,1,1,0,109,642600.0,8.984615384615385,75.13846153846153,1,0,0,0,0,0,0,0,0,0,0,0,0,0,0,1,0,25.064013,121.5193822,0,20,20,13,9,20,3,3,1,0
2795,農安街227巷3弄1~30號,26.34,7.0,4,38,157.07000000000002,3,2,2,0,33000000,210097,RPROMLLJKIPFFCA77EA,1,1,1,109,646452.3076923076,81.04615384615384,483.29230769230776,1,0,0,0,0,0,0,0,0,0,0,0,0,0,0,1,0,25.0652509,121.5340077,0,4,20,3,8,20,0,0,0,20
2796,北安路588巷30弄1~30號,33.23,9.0,4,27,151.82,3,2,2,1,33680000,281357,RPOSMLKMJIPFFCA97EA,1,1,1,109,865713.8461538461,102.24615384615383,467.1384615384615,1,0,0,0,0,0,0,0,0,0,0,0,0,0,0,1,0,25.0809434,121.5503148,0,16,13,3,8,15,2,0,1,0
2797,民生東路二段115巷25弄1~30號,5.88,4.0,3,51,16.66,2,1,1,0,1700000,102041,RPPNMLLJKIPFFCA47EA,1,1,0,109,313972.3076923077,18.092307692307692,51.26153846153846,1,0,0,0,0,0,0,0,0,0,0,0,0,1,0,0,0,25.0594718,121.5317982,1,20,20,12,12,20,1,0,1,8
2798,天祥路61~90號,4.21,14.0,4,17,49.09,3,2,1,1,13100000,266857,RPQVMLKMJIPFFCA48EA,1,1,0,109,821098.4615384615,12.953846153846154,151.04615384615386,1,0,0,0,0,0,0,0,0,0,0,0,1,0,0,0,0,25.0634043,121.5208559,0,20,20,19,12,20,2,3,1,1
2799,新生北路三段1~30號,6.46,12.0,4,15,46.06,2,1,2,1,12100000,262701,RPSPMLRKJIPFFCA58EA,3,1,0,109,808310.7692307692,19.876923076923077,141.72307692307692,1,0,0,0,0,0,0,0,0,0,0,0,1,0,0,0,0,25.0628897,121.5281771,0,11,20,16,10,20,2,1,1,0
2800,錦州街31~60號,4.8,13.0,4,37,50.65,1,1,1,1,7700000,152024,RPUPMLRKJIPFFCA78EA,3,1,0,109,467766.1538461538,14.769230769230768,155.84615384615384,1,0,0,0,0,0,0,0,0,0,0,0,1,0,0,0,0,25.0604245,121.5264838,0,20,20,20,9,20,2,1,1,1
2801,復興北路421~450號,7.39,12.0,4,13,42.83,1,1,1,1,10400000,242820,RPVPMLRKJIPFFCA88EA,2,1,0,109,747138.4615384615,22.738461538461536,131.78461538461536,1,0,0,0,0,0,0,0,0,0,0,0,1,0,0,0,0,25.0632342,121.5444647,0,20,19,5,4,6,1,2,1,0
2802,中山北路一段1~30號,34.14,16.0,4,25,393.15999999999997,8,1,0,1,81100000,206277,RPWPMLRKJIPFFCA98EA,2,1,2,109,634698.4615384615,105.04615384615384,1209.7230769230769,1,0,0,0,0,0,0,0,0,0,0,0,1,0,0,0,0,25.0507867,121.5218376,0,20,20,8,10,20,0,2,1,0
2803,中山北路二段27巷1~30號,30.53,12.0,4,4,223.51,3,2,2,1,63000000,336493,RPRNMLOLJIPFFCA08EA,1,1,1,109,1035363.0769230769,93.93846153846154,687.7230769230769,1,0,0,0,0,0,0,0,0,0,0,0,1,0,0,0,0,25.0532749,121.5232266,0,20,20,5,10,20,0,2,1,0
2804,四平街31~60號,7.78,11.0,4,13,74.02,1,1,1,1,17600000,243423,RPUQMLQKJIPFFCA68DA,2,1,1,109,748993.8461538461,23.93846153846154,227.75384615384613,1,0,0,0,0,0,0,0,0,0,0,0,1,0,0,0,0,25.0537396,121.531363,1,20,20,8,9,20,3,4,1,0
2805,四平街31~60號,7.35,11.0,4,13,64.2,1,1,1,1,15680000,244237,RPVQMLQKJIPFFCA78DA,2,1,0,109,751498.4615384615,22.615384615384613,197.53846153846155,1,0,0,0,0,0,0,0,0,0,0,0,1,0,0,0,0,25.0537396,121.531363,1,20,20,8,9,20,3,4,1,0
2806,遼寧街209巷1~30號,18.25,4.0,3,52,62.27,3,1,1,0,10000000,160591,RPTOMLKMJIPFFCA97DA,2,1,0,109,494126.1538461538,56.15384615384615,191.6,1,0,0,0,0,0,0,0,0,0,0,0,0,1,0,0,0,25.0551099,121.542969,0,20,20,9,16,20,0,0,1,0
2807,建國北路二段1~30號,10.2,14.0,4,15,75.91,1,1,1,1,19500000,256883,RPWNNLKMJIPFFCA28DA,2,1,0,109,790409.2307692308,31.38461538461538,233.56923076923076,1,0,0,0,0,0,0,0,0,0,0,0,1,0,0,0,0,25.0523809,121.5371887,1,20,20,8,10,20,2,3,1,0
2808,中山北路一段83巷1~30號,34.36,7.0,4,47,167.45,2,0,2,1,50000000,298597,RPUQMLMJKIPFFCA28DA,2,1,0,109,918760.0,105.72307692307692,515.2307692307692,1,0,0,0,0,0,0,0,0,0,0,0,0,0,0,1,0,25.0504647,121.5225109,0,20,20,7,9,20,0,2,1,0
2809,中原街31~60號,24.13,7.0,4,38,134.71,4,2,2,0,19800000,146982,RPWOMLLJKIPFFCA18DA,1,1,0,109,452252.3076923077,74.24615384615385,414.4923076923077,1,0,0,0,0,0,0,0,0,0,0,0,0,0,0,1,0,25.0085632,121.4896498,0,3,8,0,2,9,0,0,1,0
2810,長安東路二段181~210號,6.03,12.0,4,38,59.019999999999996,1,1,1,1,13100000,221959,RPRPMLLJKIPFFCA77DA,1,1,0,109,682950.7692307692,18.553846153846155,181.6,1,0,0,0,0,0,0,0,0,0,0,0,1,0,0,0,0,25.0484442,121.5425594,0,20,20,10,8,20,3,3,1,0
2811,新生北路三段61~90號,14.9,9.0,4,45,110.71,3,2,2,1,18500000,167103,RPTQMLLJKIPFFCA08DA,2,1,0,109,514163.0769230769,45.84615384615385,340.6461538461538,1,0,0,0,0,0,0,0,0,0,0,0,0,0,0,1,0,25.0659966,121.5280981,0,12,20,14,14,20,2,1,1,1
2812,五常街31~60號,11.56,12.0,4,5,67.25999999999999,1,1,1,1,19280000,281527,RPOQMLQLJIPFFCA18DA,2,1,1,109,866236.923076923,35.56923076923077,206.95384615384611,1,0,0,0,0,0,0,0,0,0,0,0,1,0,0,0,0,25.064421,121.53852,0,9,18,3,4,16,1,1,0,19
2813,林森北路391~420號,5.11,13.0,4,37,54.68,1,1,1,1,7000000,128018,RPPRMLOLJIPFFCA18DA,3,1,0,109,393901.53846153844,15.723076923076924,168.24615384615385,1,0,0,0,0,0,0,0,0,0,0,0,1,0,0,0,0,25.056629,121.525492,0,20,20,15,10,20,1,0,0,1
2814,合江街55巷1~30號,37.15,5.0,4,12,199.43,2,2,2,1,35080000,175901,RPSQMLQKJIPFFCA48DA,1,1,1,109,541233.8461538461,114.30769230769229,613.6307692307693,1,0,0,0,0,0,0,0,0,0,0,0,0,0,0,1,0,25.0569697,121.5394359,0,19,20,3,17,20,0,2,0,0
2815,中山北路二段85巷1~30號,10.04,7.0,4,2,53.61,1,1,1,1,14680000,273830,RPRRMLNLJIPFFCA28DA,1,1,0,109,842553.8461538461,30.89230769230769,164.95384615384614,1,0,0,0,0,0,0,0,0,0,0,0,0,0,0,1,0,25.0588815,121.5235197,0,20,20,19,10,20,0,1,1,1
2816,中山北路二段85巷1~30號,13.3,7.0,4,2,71.38,1,1,1,1,19580000,274307,RPOQMLNJJIPFFCA67DA,1,1,0,109,844021.5384615384,40.92307692307693,219.6307692307692,1,0,0,0,0,0,0,0,0,0,0,0,0,0,0,1,0,25.0588815,121.5235197,0,20,20,19,10,20,0,1,1,1
2817,新生北路三段31~60號,20.27,11.0,4,43,156.42,3,2,2,1,20800000,132975,RPQOMLTLIIPFFCA38DA,2,1,0,109,409153.8461538461,62.36923076923077,481.29230769230765,1,0,0,0,0,0,0,0,0,0,0,0,1,0,0,0,0,25.0646869,121.5280576,0,13,20,16,15,20,2,1,1,1
2818,農安街1~30號,3.64,11.0,4,41,34.72,0,0,0,1,5880000,169355,RPQOMLMJKIPFFCA77EA,1,1,0,109,521092.3076923077,11.2,106.83076923076922,1,0,0,0,0,0,0,0,0,0,0,0,1,0,0,0,0,25.0650285,121.523401,0,20,20,18,9,20,2,2,2,1
2819,中山北路二段151~180號,51.71,6.0,4,35,289.78,0,0,0,0,60000000,207054,RPRNMLMJKIPFFCA77EA,1,2,0,109,637089.2307692308,159.1076923076923,891.6307692307691,1,0,0,0,0,0,0,0,0,0,0,0,0,0,0,1,0,25.0621888,121.5229898,0,20,20,20,13,20,2,3,2,2
2820,德惠街1~30號,21.1,9.0,4,44,173.32000000000002,5,2,2,0,25700000,148281,RPRPMLNJKIPFFCA08EA,1,1,0,109,456249.23076923075,64.92307692307692,533.2923076923078,1,0,0,0,0,0,0,0,0,0,0,0,0,0,0,1,0,25.0668904,121.5229555,0,17,20,15,12,20,1,1,0,1
2821,林森北路85巷61~90號,31.8,5.0,4,40,105.0,4,0,4,0,15450000,147143,RPVPMLNJKIPFFCA48EA,2,1,0,109,452747.6923076923,97.84615384615384,323.07692307692304,1,0,0,0,0,0,0,0,0,0,0,0,0,1,0,0,0,25.049411,121.527082,1,19,20,8,10,20,1,2,0,0
2822,新生北路二段91~120號,3.66,12.0,4,39,49.5,1,1,1,1,6600000,133333,RPTOMLNJKIPFFCA18EA,2,1,0,109,410255.3846153846,11.261538461538462,152.3076923076923,1,0,0,0,0,0,0,0,0,0,0,0,1,0,0,0,0,25.0573288,121.5278946,0,15,20,9,10,20,1,0,0,0
2823,長安東路二段151~180號,8.61,12.0,4,38,93.60000000000001,3,2,1,1,18990000,202885,RPPNMLNJKIPFFCA67EA,1,1,0,109,624261.5384615385,26.49230769230769,288.0,1,0,0,0,0,0,0,0,0,0,0,0,1,0,0,0,0,25.0483836,121.5375487,0,20,20,12,8,20,1,1,0,0
2824,吉林路1~30號,22.67,14.0,4,11,202.69,3,2,2,1,51000000,251616,RPSQMLRKJIPFFCA68EA,2,1,1,109,774203.0769230769,69.75384615384615,623.6615384615384,1,0,0,0,0,0,0,0,0,0,0,0,1,0,0,0,0,25.0489388,121.5300995,1,20,20,12,10,20,1,2,1,0
2825,復興南路一段31~60號,5.92,12.0,4,40,61.36,1,2,1,1,15800000,257497,RPRRMLMKJIPFFCA08DA,1,1,0,109,792298.4615384615,18.215384615384615,188.79999999999998,1,0,0,0,0,0,0,0,0,0,0,0,1,0,0,0,0,25.0463947,121.5441547,0,20,20,10,11,20,2,1,0,0
2826,五常街11巷1~30號,15.06,17.0,4,2,134.0,3,2,1,1,25600000,242810,RPQOMLKLJIPFFCA57DA,2,1,1,109,747107.6923076923,46.33846153846154,412.3076923076923,1,0,0,0,0,0,0,0,0,0,0,0,1,0,0,0,0,25.0645708,121.5377789,0,7,19,2,4,18,1,0,0,20
2827,五常街11巷1~30號,10.45,17.0,4,2,102.6,0,0,0,1,18580000,252169,RPROMLKLJIPFFCA67DA,2,1,1,109,775904.6153846154,32.15384615384615,315.6923076923077,1,0,0,0,0,0,0,0,0,0,0,0,1,0,0,0,0,25.0645708,121.5377789,0,7,19,2,4,18,1,0,0,20
2828,農安街1~30號,3.31,14.0,4,12,56.629999999999995,0,1,1,1,10300000,181882,RPPSMLMJKIPFFCA97DA,1,1,0,109,559636.923076923,10.184615384615384,174.24615384615382,1,0,0,0,0,0,0,0,0,0,0,0,1,0,0,0,0,25.0650285,121.523401,0,20,20,18,9,20,2,2,2,1
2829,龍江路394巷31~60號,28.04,5.0,4,39,104.2,3,2,2,0,15600000,149712,RPPPMLRLJIPFFCA28DA,1,1,0,109,460652.3076923077,86.27692307692307,320.6153846153846,1,0,0,0,0,0,0,0,0,0,0,0,0,1,0,0,0,25.067313,121.539788,0,3,10,1,2,10,1,0,0,1
2830,長春路1~30號,8.39,14.0,4,11,113.43,1,1,1,1,21000000,185136,RPUOMLPLJIPFFCA48DA,1,1,1,109,569649.2307692308,25.815384615384616,349.0153846153846,1,0,0,0,0,0,0,0,0,0,0,0,1,0,0,0,0,25.054741,121.542881,0,20,20,9,17,20,0,0,1,0
2831,中山北路二段137巷31~60號,10.33,8.0,4,44,77.29,2,2,1,0,15000000,194074,RPTNMLMJKIPFFCA87DA,1,1,0,109,597150.7692307692,31.784615384615385,237.81538461538463,1,0,0,0,0,0,0,0,0,0,0,0,0,0,0,1,0,25.0618319,121.5244983,0,20,20,20,14,20,2,1,2,2
2832,民生東路一段31~60號,6.04,12.0,4,42,70.24,2,2,1,1,13000000,185080,RPWNMLMJKIPFFCA18DA,1,2,0,109,569476.923076923,18.584615384615383,216.1230769230769,1,0,0,0,0,0,0,0,0,0,0,0,1,0,0,0,0,25.0582147,121.5252053,0,20,20,16,12,20,0,1,1,1
2833,新生北路三段1~30號,3.67,14.0,4,40,35.75,1,1,1,1,5800000,162238,RPTWMLKMJIPFFCA78DA,1,1,0,109,499193.8461538461,11.292307692307691,110.0,1,0,0,0,0,0,0,0,0,0,0,0,1,0,0,0,0,25.0628897,121.5281771,0,11,20,16,10,20,2,1,1,0
2834,中山北路一段53巷1~30號,7.44,12.0,4,13,49.84,1,1,1,1,12200000,244783,RPTRMLMJKIPFFCA28DA,1,1,0,109,753178.4615384615,22.892307692307693,153.35384615384615,1,0,0,0,0,0,0,0,0,0,0,0,1,0,0,0,0,25.049378,121.5219264,0,20,20,9,5,20,0,3,1,0
2835,建國北路一段61~90號,21.46,12.0,4,37,153.17,2,2,1,1,30000000,195861,RPWRMLMJKIPFFCA58DA,1,3,0,109,602649.2307692308,66.03076923076924,471.29230769230765,1,0,0,0,0,0,0,0,0,0,0,0,1,0,0,0,0,25.050739,121.5371413,0,20,20,12,12,20,1,1,1,0
2836,民權西路61~90號,17.88,15.0,4,4,225.82999999999998,0,0,0,1,73850000,327016,RPTNMLNKIIPFFCA87DA,1,1,0,109,1006203.0769230769,55.01538461538461,694.8615384615384,1,0,0,0,0,0,0,0,0,0,0,0,1,0,0,0,0,25.0630441,121.5201991,0,20,20,16,13,20,3,3,1,0
2837,民權西路61~90號,10.35,15.0,4,4,215.41,0,0,0,1,56620000,326982,SPTNMLNKIIPFFCA97DA,1,1,3,109,1006098.4615384615,31.846153846153843,662.8,1,0,0,0,0,0,0,0,0,0,0,0,1,0,0,0,0,25.0630441,121.5201991,0,20,20,16,13,20,3,3,1,0
2838,中山北路二段183巷1~30號,11.01,6.0,4,32,41.41,0,1,1,0,6750000,163004,RPOOMLOJKIPFFCA67DA,1,1,0,109,501550.7692307692,33.87692307692308,127.4153846153846,1,0,0,0,0,0,0,0,0,0,0,0,0,0,0,1,0,25.063859,121.5230045,0,20,20,20,10,20,2,2,2,1
2839,敬業三路162巷91~120號,47.09,12.0,4,21,155.53,2,2,2,1,32900000,211535,RPPOMLOJKIPFFCA77DA,1,1,0,109,650876.923076923,144.8923076923077,478.55384615384617,1,0,0,0,0,0,0,0,0,0,0,0,1,0,0,0,0,25.079015,121.55907,0,3,7,2,9,15,2,1,0,0
2840,新生北路一段1~30號,29.5,4.0,3,35,78.73,2,2,2,0,15800000,200686,RPVQMLMKJIPFFCA38DA,1,1,0,109,617495.3846153846,90.76923076923076,242.24615384615385,1,0,0,0,0,0,0,0,0,0,0,0,0,1,0,0,0,25.0448235,121.5332199,1,18,20,5,7,20,1,0,1,0
2841,長春路211~240號,11.06,12.0,4,35,136.91,3,2,2,1,22680000,165656,RPRRMLRLIIPFFCA58DA,1,1,1,109,509710.7692307692,34.03076923076923,421.26153846153846,1,0,0,0,0,0,0,0,0,0,0,0,1,0,0,0,0,25.0549272,121.5384467,1,20,20,6,13,20,2,2,0,0
2842,林森北路85巷61~90號,31.8,5.0,4,40,105.0,4,4,4,0,14500000,138095,RPVQMLRKJIPFFCA98EA,2,1,0,109,424907.6923076923,97.84615384615384,323.07692307692304,1,0,0,0,0,0,0,0,0,0,0,0,0,1,0,0,0,25.049411,121.527082,1,19,20,8,10,20,1,2,0,0
2843,林森北路601~630號,9.42,9.0,4,30,80.41,0,0,0,1,10720000,133317,RPOPMLNJKIPFFCA77EA,1,1,0,109,410206.1538461538,28.984615384615385,247.4153846153846,1,0,0,0,0,0,0,0,0,0,0,0,0,0,0,1,0,25.056629,121.525492,0,20,20,15,10,20,1,0,0,1
2844,林森北路391~420號,5.74,13.0,4,37,57.660000000000004,1,1,2,1,7800000,135276,RPSOMLOJKIPFFCA18EA,3,1,0,109,416233.8461538461,17.661538461538463,177.41538461538462,1,0,0,0,0,0,0,0,0,0,0,0,1,0,0,0,0,25.056629,121.525492,0,20,20,15,10,20,1,0,0,1
2845,長安東路一段91~120號,18.35,9.0,4,28,125.00999999999999,3,2,2,1,20100000,160787,RPVOMLOJKIPFFCA48EA,1,1,0,109,494729.23076923075,56.46153846153847,384.6461538461538,1,0,0,0,0,0,0,0,0,0,0,0,0,0,0,1,0,25.0483146,121.5288141,1,20,20,7,7,20,1,2,0,0
2846,建國北路一段151~180號,26.31,12.0,4,36,255.98000000000002,4,1,2,1,48800000,190640,RPUNMLRJKIPFFCA58EA,1,1,0,109,586584.6153846154,80.95384615384614,787.6307692307693,1,0,0,0,0,0,0,0,0,0,0,0,1,0,0,0,0,25.0515458,121.5370066,1,20,20,12,10,20,1,3,1,0
2847,建國北路三段113巷1~30號,27.55,5.0,4,41,103.78,3,2,1,0,12000000,115629,RPQRMLRJKIPFFCA58EA,3,1,0,109,355781.53846153844,84.76923076923077,319.32307692307694,1,0,0,0,0,0,0,0,0,0,0,0,0,1,0,0,0,25.0666837,121.5359794,0,2,14,2,5,15,0,0,0,11
2848,四平街31~60號,13.94,11.0,4,13,120.19,0,0,0,1,30000000,249605,RPRNMLSJKIPFFCA38EA,2,1,0,109,768015.3846153846,42.89230769230769,369.8153846153846,1,0,0,0,0,0,0,0,0,0,0,0,1,0,0,0,0,25.0537396,121.531363,1,20,20,8,9,20,3,4,1,0
2849,樂群二路271~300號,8.96,11.0,4,13,50.52,1,1,1,1,11500000,227633,RPXQMLRKJIPFFCA56EA,1,1,0,109,700409.2307692308,27.56923076923077,155.44615384615386,1,0,0,0,0,0,0,0,0,0,0,0,1,0,0,0,0,25.0802463,121.5604236,0,5,12,2,9,20,2,1,0,0
2850,錦西街31~60號,8.32,7.0,4,44,46.14,1,0,1,1,9353200,202713,RPORMLRKJIPFFCA38EA,1,1,0,109,623732.3076923076,25.6,141.96923076923076,1,0,0,0,0,0,0,0,0,0,0,0,0,0,0,1,0,25.0604519,121.5207306,0,20,20,19,10,20,1,1,2,1
2851,雙城街13巷1~30號,11.64,11.0,4,8,109.4,2,1,1,1,20600000,199958,RPRQMLRKJIPFFCA58EA,1,1,1,109,615255.3846153846,35.815384615384616,336.61538461538464,1,0,0,0,0,0,0,0,0,0,0,0,1,0,0,0,0,25.06417,121.5245646,0,20,20,19,11,20,2,2,1,1
2852,北安路811~840號,5.71,14.0,4,11,44.989999999999995,1,1,1,1,10300000,228940,RPTNMLRLIIPFFCA38DA,2,1,0,109,704430.7692307692,17.569230769230767,138.43076923076922,1,0,0,0,0,0,0,0,0,0,0,0,1,0,0,0,0,25.085196,121.5554409,0,6,6,1,4,18,1,0,1,0
2853,龍江路46巷1~30號,60.91,14.0,4,16,385.49,3,2,4,1,143000000,370956,RPTOMLLKKIPFFCA97DA,1,1,2,109,1141403.076923077,187.4153846153846,1186.123076923077,1,0,0,0,0,0,0,0,0,0,0,0,1,0,0,0,0,25.0494717,121.5396864,0,20,20,10,9,20,1,1,0,0
2854,長安東路二段151~180號,11.13,14.0,4,20,138.91,3,2,2,1,34380000,247498,RPQNMLSJKIPFFCA18DA,1,1,1,109,761532.3076923076,34.246153846153845,427.4153846153846,1,0,0,0,0,0,0,0,0,0,0,0,1,0,0,0,0,25.0483836,121.5375487,0,20,20,12,8,20,1,1,0,0
2855,民生東路一段61~90號,5.15,10.0,4,25,69.41,1,1,1,1,7360000,106037,RPXPMLOJKIPFFCA68DA,1,1,1,109,326267.6923076923,15.846153846153847,213.56923076923076,1,0,0,0,0,0,0,0,0,0,0,0,0,0,0,1,0,25.0581862,121.5265178,0,20,20,17,7,20,0,1,0,1
2856,遼寧街63巷1~30號,26.77,7.0,4,40,136.79,3,2,2,0,28000000,204693,RPOQMLOJKIPFFCA87DA,1,1,0,109,629824.6153846154,82.36923076923077,420.89230769230767,1,0,0,0,0,0,0,0,0,0,0,0,0,0,0,1,0,25.049216,121.5424775,0,20,20,10,10,20,3,3,1,0
2857,林森北路241~270號,3.03,12.0,4,39,35.980000000000004,0,0,0,1,4500000,125069,RPTNMLRJKIPFFCA38DA,2,1,0,109,384827.6923076923,9.323076923076922,110.70769230769231,1,0,0,0,0,0,0,0,0,0,0,0,1,0,0,0,0,25.056629,121.525492,0,20,20,15,10,20,1,0,0,1
2858,建國南路一段1~30號,16.92,12.0,4,39,119.47,6,0,6,1,19000000,159036,RPPOMLMJKIPFFCA57DA,1,1,0,109,489341.53846153844,52.06153846153847,367.59999999999997,1,0,0,0,0,0,0,0,0,0,0,0,1,0,0,0,0,25.0456651,121.5369734,0,11,15,8,10,20,1,1,0,0
2859,新生北路三段31~60號,4.92,11.0,4,20,43.84,1,1,1,0,3500000,145631,RPOPMLNLJIPFFCA77DA,1,1,1,109,448095.3846153846,15.138461538461538,134.8923076923077,1,0,0,0,0,0,0,0,0,0,0,0,1,0,0,0,0,25.0646869,121.5280576,0,13,20,16,15,20,2,1,1,1
2860,新生北路三段31~60號,4.47,11.0,4,20,40.0,1,1,1,0,6440000,161000,RPPPMLNLJIPFFCA87DA,1,1,0,109,495384.6153846154,13.753846153846153,123.07692307692307,1,0,0,0,0,0,0,0,0,0,0,0,1,0,0,0,0,25.0646869,121.5280576,0,13,20,16,15,20,2,1,1,1
2861,龍江路155巷1~30號,15.85,10.0,4,27,119.83000000000001,2,2,2,1,25360000,211633,RPUNMLOLJIPFFCA28DA,2,2,0,109,651178.4615384615,48.76923076923077,368.70769230769235,1,0,0,0,0,0,0,0,0,0,0,0,0,0,0,1,0,25.0543398,121.5407322,0,20,20,6,17,20,1,0,1,0
2862,新生北路三段56巷1~30號,8.02,12.0,4,40,86.12,0,0,0,1,14000000,162564,RPORMLOLJIPFFCA08DA,1,2,0,109,500196.92307692306,24.676923076923075,264.9846153846154,1,0,0,0,0,0,0,0,0,0,0,0,1,0,0,0,0,25.0654685,121.5273556,0,15,20,16,12,20,2,1,1,1
2863,林森北路107巷61~90號,15.06,7.0,4,35,80.51,2,2,2,1,14800000,183828,RPRNMLRKJIPFFCA18DA,1,1,0,109,565624.6153846154,46.33846153846154,247.72307692307692,1,0,0,0,0,0,0,0,0,0,0,0,0,0,0,1,0,25.0499592,121.5271009,1,20,20,8,9,20,1,2,0,0
2864,錦州街1~30號,5.1,10.0,4,37,40.86,1,1,1,1,7000000,171317,RPPPMLQKJIPFFCA08DA,1,1,0,109,527129.2307692308,15.69230769230769,125.72307692307692,1,0,0,0,0,0,0,0,0,0,0,0,0,0,0,1,0,25.0604415,121.5318562,0,20,20,13,12,20,0,0,1,15
2865,雙城街43巷1~30號,4.27,7.0,4,42,28.700000000000003,1,1,1,1,4300000,149826,RPXQMLNLJIPFFCA78DA,2,1,0,109,461003.0769230769,13.138461538461536,88.3076923076923,1,0,0,0,0,0,0,0,0,0,0,0,0,0,0,1,0,25.0675634,121.5247386,0,11,18,15,16,17,2,1,0,1
2866,新生北路二段61~90號,1.56,12.0,4,41,13.42,1,0,1,1,2200000,163934,RPUPMLRLJIPFFCA78DA,1,1,0,109,504412.3076923077,4.8,41.29230769230769,1,0,0,0,0,0,0,0,0,0,0,0,1,0,0,0,0,25.0562845,121.5277511,0,20,20,9,13,20,1,0,0,0
2867,敬業一路181~210號,28.8,9.0,4,13,138.26999999999998,1,1,1,1,32500000,235047,RPOSMLMJKIPFFCA87DA,1,1,1,109,723221.5384615384,88.61538461538461,425.4461538461538,1,0,0,0,0,0,0,0,0,0,0,0,0,0,0,1,0,25.0842752,121.5540647,0,12,8,1,5,17,0,0,1,0
2868,松江路31~60號,4.13,13.0,4,24,39.599999999999994,2,1,1,1,8000000,202020,RPXNMLSJKIPFFCA88DA,1,1,0,109,621600.0,12.707692307692307,121.84615384615383,1,0,0,0,0,0,0,0,0,0,0,0,1,0,0,0,0,25.0474392,121.5331738,1,19,20,10,9,20,1,1,0,0
2869,中山北路二段85巷1~30號,10.04,7.0,4,2,71.78,1,1,1,1,16610000,272473,RPQSMLRJKIPFFCA58DA,1,1,1,109,838378.4615384615,30.89230769230769,220.86153846153846,1,0,0,0,0,0,0,0,0,0,0,0,0,0,0,1,0,25.0588815,121.5235197,0,20,20,19,10,20,0,1,1,1
2870,中山北路二段85巷1~30號,12.22,7.0,4,2,64.64,1,1,1,1,17800000,275371,RPXPMLNJJIPFFCA48DA,1,1,0,109,847295.3846153846,37.6,198.8923076923077,1,0,0,0,0,0,0,0,0,0,0,0,0,0,0,1,0,25.0588815,121.5235197,0,20,20,19,10,20,0,1,1,1
2871,興安街61~90號,22.82,15.0,4,35,111.59,2,2,2,1,25800000,231204,RPWPMLSJKIPFFCA09EA,1,1,0,109,711396.923076923,70.21538461538461,343.3538461538462,1,0,0,0,0,0,0,0,0,0,0,0,1,0,0,0,0,25.0562445,121.5425052,0,20,20,9,14,20,0,0,0,0
2872,松江路188巷1~30號,27.5,4.0,4,45,74.22,2,2,1,0,17360000,233899,RPXPMLSJKIPFFCA56EA,1,1,0,109,719689.2307692308,84.61538461538461,228.36923076923077,1,0,0,0,0,0,0,0,0,0,0,0,0,1,0,0,0,25.0568621,121.5326069,1,20,20,10,10,20,2,2,1,0
2873,建國北路一段33巷31~60號,22.17,6.0,4,39,86.62,2,0,2,0,12000000,138536,RPRPMLTJKIPFFCA68EA,1,1,0,109,426264.6153846154,68.21538461538462,266.5230769230769,1,0,0,0,0,0,0,0,0,0,0,0,0,1,0,0,0,25.0478385,121.5393649,0,20,14,9,7,20,2,1,0,0
2874,天祥路1~30號,25.2,4.0,4,49,102.31,2,2,1,0,10000000,97742,RPUQMLRJKIPFFCA88EA,1,1,0,109,300744.6153846154,77.53846153846153,314.8,1,0,0,0,0,0,0,0,0,0,0,0,0,1,0,0,0,25.0605808,121.521107,0,20,20,20,11,20,1,1,2,1
2875,錦州街1~30號,4.77,10.0,4,38,39.519999999999996,0,0,0,1,6220000,157389,RPUNMLOJKIPFFCA28EA,1,1,0,109,484273.8461538461,14.676923076923075,121.59999999999998,1,0,0,0,0,0,0,0,0,0,0,0,0,0,0,1,0,25.0604415,121.5318562,0,20,20,13,12,20,0,0,1,15
2876,林森北路421~450號,9.09,10.0,4,25,57.53,0,0,0,1,10200000,177299,RPSSMLKMJIPFFCA38EA,1,1,0,109,545535.3846153846,27.96923076923077,177.01538461538462,1,0,0,0,0,0,0,0,0,0,0,0,0,0,0,1,0,25.056629,121.525492,0,20,20,15,10,20,1,0,0,1
2877,林森北路391~420號,6.34,12.0,4,39,77.46000000000001,2,2,2,1,10100000,130390,RPTSMLKMJIPFFCA48EA,1,1,0,109,401200.0,19.507692307692306,238.33846153846156,1,0,0,0,0,0,0,0,0,0,0,0,1,0,0,0,0,25.056629,121.525492,0,20,20,15,10,20,1,0,0,1
